1_sample_id	2_sample_id	div1	div2	div12	div21	count1	count2	count12	count21	freq1	freq2	freq12	freq21	R	Rs	D	F	F2	vJSD	vjJSD	vj2JSD	sJSD	Jaccard	MorisitaHorn	1_metadata_blank	2_metadata_blank
col_ccp2_LN_bulk_1_1_1_top251.clonotypes.IGHA	col_ccp2_LN_bulk_2_1_1_top251.clonotypes.IGHA	251	251	78	78	7247	1634	3313	567	0.9999999999999999	0.9999999999999968	0.4571546846971161	0.3470012239902079	0.37010696072044347	0.4181146110212652	0.0012380756	0.3982878797336882	0.3635842548950721	0.11923959216389683	0.06424474229715281	0.23387760461549106	0.05684031952009538	0.1839622642	0.6654885713726211	.	.
col_ccp2_LN_bulk_1_1_1_top251.clonotypes.IGHA	col_ccp2_LN_bulk_3_1_1_top251.clonotypes.IGHA	251	251	64	64	7247	11149	2830	4713	0.9999999999999999	1.0	0.3905064164481855	0.42272849582922256	0.5117639335886093	0.2801031320411875	0.0010158569	0.40629815411444026	0.35280078410228094	0.07360769897806926	0.041473946505135174	0.21283752329900082	0.03032207784820869	0.1461187215	0.6352275883310634	.	.
col_ccp2_LN_bulk_1_1_1_top251.clonotypes.IGHA	col_ccp2_LN_PCsort_1_1_1_top251.clonotypes.IGHA	251	251	43	43	7247	25957	2212	12526	0.9999999999999999	0.9999999999999997	0.3052297502414793	0.48256732288014803	0.41844733168906095	0.42187389648810647	6.825288E-4	0.38378887873075074	0.3214722441103353	0.1331099888354577	0.08795905642745035	0.3272021127044024	0.07574500290372872	0.0936819172	0.4066412904030128	.	.
col_ccp2_LN_bulk_1_1_1_top251.clonotypes.IGHA	col_ccp2_LN_PCsort_2_1_1_top251.clonotypes.IGHA	251	251	67	67	7247	1476	2978	593	0.9999999999999999	0.9999999999999959	0.41092866013522833	0.4017615176151762	0.4114594673309631	0.21370271180097858	0.0010634752	0.4063192367184949	0.35966988023977925	0.12474281805405638	0.07045589711816343	0.2618076369805033	0.07743761773595999	0.1540229885	0.6629883784677786	.	.
col_ccp2_LN_bulk_1_1_1_top251.clonotypes.IGHA	col_ccp2_LN_PCsort_3_1_1_top251.clonotypes.IGHA	251	251	127	127	7247	3990	5256	3138	0.9999999999999999	0.9999999999999966	0.7252656271560647	0.7864661654135333	0.6984173896367585	0.5612650693266659	0.002015841	0.755246235803709	0.6858960631139859	0.10132167277702929	0.07647067245603166	0.15469758879640777	0.06895089677822468	0.3386666667	0.4625134246521043	.	.
col_ccp2_LN_bulk_1_1_1_top251.clonotypes.IGHA	col_ccp2_PBMC_bulk_1_1_1_top251.clonotypes.IGHA	251	251	62	62	7247	30998	2957	9658	0.9999999999999999	1.0000000000000009	0.40803090934179653	0.3115684882895671	0.5009360001861033	0.43586094335934034	9.841114E-4	0.356552343421048	0.327510103665041	0.11968971749893152	0.07208878553436254	0.30448014115709854	0.04587181556529046	0.1409090909	0.7333011158545452	.	.
col_ccp2_LN_bulk_1_1_1_top251.clonotypes.IGHA	col_ccp2_PBMC_bulk_1_1_2_top251.clonotypes.IGHA	251	251	55	55	7247	19469	2570	5680	0.9999999999999999	1.0000000000000018	0.35462950186283976	0.2917458523807078	0.5099493406789695	0.2890879079198525	8.73002E-4	0.3216546071492215	0.2970454438834523	0.10726957403296623	0.06232180702979079	0.27432147517886096	0.026734472385706892	0.1230425056	0.7593151298891482	.	.
col_ccp2_LN_bulk_1_1_1_top251.clonotypes.IGHA	col_ccp2_PBMC_PCsort_1_1_2_top251.clonotypes.IGHA	251	251	51	51	7247	28262	2750	8452	0.9999999999999999	1.0000000000000004	0.3794673658065406	0.299058806878494	0.5645972171687199	0.3202481239359878	8.09511E-4	0.3368724649885014	0.30751083257751316	0.1303602779985809	0.06981584664270206	0.315951333065332	0.053007668190658344	0.1130820399	0.7752557280794053	.	.
col_ccp2_LN_bulk_1_1_1_top251.clonotypes.IGHA	col_ccp2_tum_bulk_1_1_1_top251.clonotypes.IGHA	251	251	22	22	7247	19781	714	3039	0.9999999999999999	0.9999999999999999	0.09852352697668001	0.1536322733936606	0.33228543032109853	-0.0011321845036069143	3.492008E-4	0.12303005093142487	0.10640828277035219	0.15513339553229463	0.08196089229488891	0.2935539051257749	0.06958963590859259	0.0458333333	0.5985150501124687	.	.
col_ccp2_LN_bulk_1_1_1_top251.clonotypes.IGHA	col_ccp2_tum_bulk_1_2_1_top251.clonotypes.IGHA	251	251	21	21	7247	24860	658	2852	0.9999999999999999	0.9999999999999993	0.09079619152752863	0.11472244569589703	-0.16080706693597097	-0.18048789077355562	3.33328E-4	0.10206057589447146	0.0861963612434863	0.13881862744537765	0.07145223740885533	0.2786278515613316	0.06240317384259458	0.0436590437	0.4955015760282417	.	.
col_ccp2_LN_bulk_1_1_1_top251.clonotypes.IGHA	col_ccp2_tum_bulk_1_3_1_top251.clonotypes.IGHA	251	251	24	24	7247	14501	1414	1459	0.9999999999999999	0.9999999999999996	0.19511522009107218	0.10061375077580854	-0.07704349851817602	-0.060117622859361994	3.809463E-4	0.14011164879056334	0.12185346083358858	0.1719577107490275	0.08965923903549547	0.31189165359613713	0.07669730590044442	0.050209205	0.4018688194670689	.	.
col_ccp2_LN_bulk_1_1_1_top251.clonotypes.IGHA	col_ccp2_tum_PCsort_1_1_1_top251.clonotypes.IGHA	251	251	19	19	7247	13403	628	1881	0.9999999999999999	0.9999999999999999	0.08665654753691182	0.14034171454152058	-0.16086472400713497	-0.4278805524732706	3.015825E-4	0.1102793201719116	0.0858038751586199	0.21298125112766597	0.12021286736603014	0.356965994324916	0.10569763146293121	0.0393374741	0.29484675441673214	.	.
col_ccp2_LN_bulk_1_1_1_top251.clonotypes.IGHA	col_ccp2_tum_PCsort_1_2_1_top251.clonotypes.IGHA	251	251	25	25	7247	12063	1075	1545	0.9999999999999999	0.9999999999999953	0.1483372429971023	0.1280775926386471	-0.11822482158008926	-0.06274213570824083	3.968191E-4	0.1378356883456635	0.09888899907203338	0.1849620578060041	0.10144493894262814	0.3132351588056722	0.07315604605254394	0.0524109015	0.19369587248330417	.	.
col_ccp2_LN_bulk_1_1_1_top251.clonotypes.IGHA	col_ccp2_tum_PCsort_1_3_1_top251.clonotypes.IGHA	251	251	18	18	7247	8094	881	702	0.9999999999999999	1.0	0.12156754519111357	0.08673091178650853	0.034192066524350785	-0.03674956116576468	2.857098E-4	0.10268234530859169	0.08636731858510331	0.2330759992312624	0.1240723243013443	0.3978424647241928	0.11025532410324415	0.0371900826	0.45426527536290057	.	.
col_ccp2_LN_bulk_2_1_1_top251.clonotypes.IGHA	col_ccp2_LN_bulk_3_1_1_top251.clonotypes.IGHA	251	251	45	45	1634	11149	453	2864	0.9999999999999968	1.0	0.2772337821297431	0.2568840254731366	-0.12548087732186267	-0.11029114696624798	7.142744E-4	0.2668650032331533	0.18644303540292712	0.14076959400153574	0.08668261730959373	0.31455280445788086	0.08301603322591876	0.0984682713	0.1590624577352225	.	.
col_ccp2_LN_bulk_2_1_1_top251.clonotypes.IGHA	col_ccp2_LN_PCsort_1_1_1_top251.clonotypes.IGHA	251	251	41	41	1634	25957	478	7525	0.9999999999999968	0.9999999999999997	0.29253365973072215	0.28990253110914205	0.14263680169658197	0.009040473539127495	6.507833E-4	0.29121512390423143	0.2138301901691194	0.1850006261768929	0.1314131523655398	0.39931454084946993	0.12757658424291554	0.0889370933	0.37848569060517107	.	.
col_ccp2_LN_bulk_2_1_1_top251.clonotypes.IGHA	col_ccp2_LN_PCsort_2_1_1_top251.clonotypes.IGHA	251	251	109	109	1634	1476	1178	1155	0.9999999999999968	0.9999999999999959	0.7209302325581393	0.782520325203252	0.8392354814738225	0.6384815379047039	0.0017301313	0.7510942417767901	0.7196325041103075	0.043030588247897406	0.022540593381342653	0.11532215423889912	0.013867219733774316	0.2773536896	0.8685345203639571	.	.
col_ccp2_LN_bulk_2_1_1_top251.clonotypes.IGHA	col_ccp2_LN_PCsort_3_1_1_top251.clonotypes.IGHA	251	251	69	69	1634	3990	531	2004	0.9999999999999968	0.9999999999999966	0.324969400244798	0.5022556390977443	0.03396697419756358	0.35836464763537673	0.0010952207	0.40400212104289956	0.2986094384826894	0.22426749004955052	0.1483508113571749	0.3366562674772325	0.16244594566943224	0.1593533487	0.11208951586336016	.	.
col_ccp2_LN_bulk_2_1_1_top251.clonotypes.IGHA	col_ccp2_PBMC_bulk_1_1_1_top251.clonotypes.IGHA	251	251	68	68	1634	30998	566	14143	0.9999999999999968	1.0000000000000009	0.3463892288861688	0.45625524227369507	0.027580240399025124	0.3106562188800373	0.0010793479	0.3975448421831899	0.3203284120672488	0.19022798926115964	0.10038213917976735	0.3104237655236186	0.07782063147430006	0.1566820276	0.25256930756950435	.	.
col_ccp2_LN_bulk_2_1_1_top251.clonotypes.IGHA	col_ccp2_PBMC_bulk_1_1_2_top251.clonotypes.IGHA	251	251	65	65	1634	19469	512	8016	0.9999999999999968	1.0000000000000018	0.31334149326805383	0.41173147054291437	0.1056310400207464	0.24130755323520353	0.0010317297	0.35918317583841325	0.3034458154508658	0.14316514284030804	0.07332201392056317	0.26889609771186596	0.06490352979368785	0.1487414188	0.39041263577116836	.	.
col_ccp2_LN_bulk_2_1_1_top251.clonotypes.IGHA	col_ccp2_PBMC_PCsort_1_1_2_top251.clonotypes.IGHA	251	251	56	56	1634	28262	463	12646	0.9999999999999968	1.0000000000000004	0.28335373317013474	0.4474559479159295	-3.2248331893199576E-4	0.2514032767567411	8.888748E-4	0.35607346611501395	0.27813797204523977	0.23739157743013894	0.11894766266349487	0.37436747750199395	0.09616873877060689	0.1255605381	0.1995865604819851	.	.
col_ccp2_LN_bulk_2_1_1_top251.clonotypes.IGHA	col_ccp2_tum_bulk_1_1_1_top251.clonotypes.IGHA	251	251	12	12	1634	19781	180	1662	0.9999999999999968	0.9999999999999999	0.1101591187270502	0.08402001921035336	0.021732447625190728	-0.26808802529936276	1.904732E-4	0.09620587961056411	0.07064890240999418	0.17653117477263883	0.09271356276427165	0.3444656886460206	0.12044069472089272	0.0244897959	0.40799165754023087	.	.
col_ccp2_LN_bulk_2_1_1_top251.clonotypes.IGHA	col_ccp2_tum_bulk_1_2_1_top251.clonotypes.IGHA	251	251	15	15	1634	24860	159	2354	0.9999999999999968	0.9999999999999993	0.09730722154222766	0.09469026548672567	-0.25094797194911367	-0.31144136215952456	2.380915E-4	0.09598982571923531	0.06921657747428085	0.17886437174131947	0.09445046575892298	0.3420494503979486	0.1220372897744376	0.0308008214	0.2624112038705688	.	.
col_ccp2_LN_bulk_2_1_1_top251.clonotypes.IGHA	col_ccp2_tum_bulk_1_3_1_top251.clonotypes.IGHA	251	251	15	15	1634	14501	122	824	0.9999999999999968	0.9999999999999996	0.07466340269277845	0.056823667333287364	0.10486620142911214	0.24210375573699044	2.380915E-4	0.06513561511635332	0.05778684813406671	0.20172346953873554	0.10518080187040452	0.3527821638228871	0.12371016620399637	0.0308008214	0.4949935405981847	.	.
col_ccp2_LN_bulk_2_1_1_top251.clonotypes.IGHA	col_ccp2_tum_PCsort_1_1_1_top251.clonotypes.IGHA	251	251	12	12	1634	13403	175	967	0.9999999999999968	0.9999999999999999	0.10709914320685436	0.07214802656121765	-0.05759286124187274	0.3351803036907145	1.904732E-4	0.08790330954390614	0.0630918225877385	0.2385448841822704	0.13611970742094998	0.40021127773945625	0.1730146959479269	0.0244897959	0.2768655962670514	.	.
col_ccp2_LN_bulk_2_1_1_top251.clonotypes.IGHA	col_ccp2_tum_PCsort_1_2_1_top251.clonotypes.IGHA	251	251	11	11	1634	12063	99	1331	0.9999999999999968	0.9999999999999953	0.0605875152998776	0.11033739534112574	-0.21405772991185784	0.013730300661787652	1.746004E-4	0.08176226897768371	0.05500497744050701	0.192184336020841	0.10901821223033194	0.36196811618384594	0.13439761852177995	0.0224032587	0.1676574693929829	.	.
col_ccp2_LN_bulk_2_1_1_top251.clonotypes.IGHA	col_ccp2_tum_PCsort_1_3_1_top251.clonotypes.IGHA	251	251	10	10	1634	8094	48	452	0.9999999999999968	1.0	0.02937576499388005	0.05584383493946133	-0.30185690241639296	-0.3011195168039366	1.587276E-4	0.04050253537173499	0.03437244250588099	0.25382453749380424	0.14178342614597944	0.4185804736720386	0.16943650272984082	0.0203252033	0.38778526690345105	.	.
col_ccp2_LN_bulk_3_1_1_top251.clonotypes.IGHA	col_ccp2_LN_PCsort_1_1_1_top251.clonotypes.IGHA	251	251	57	57	11149	25957	4893	15303	1.0	0.9999999999999997	0.4388734415642659	0.5895519513040801	0.8046907437972539	0.5901974284005806	9.047475E-4	0.5086636352735963	0.47045480237320814	0.08417263487566706	0.05247643822983276	0.18116818513838195	0.04569149466916993	0.1280898876	0.7651236791804725	.	.
col_ccp2_LN_bulk_3_1_1_top251.clonotypes.IGHA	col_ccp2_LN_PCsort_2_1_1_top251.clonotypes.IGHA	251	251	40	40	11149	1476	2786	447	1.0	0.9999999999999959	0.24988788232128442	0.3028455284552846	-0.0439748230190066	0.028844354823246356	6.349106E-4	0.27509530671416654	0.19950222781367705	0.14972681537594956	0.09492627061974822	0.3334179293795194	0.11199368956262458	0.0865800866	0.2598300034605184	.	.
col_ccp2_LN_bulk_3_1_1_top251.clonotypes.IGHA	col_ccp2_LN_PCsort_3_1_1_top251.clonotypes.IGHA	251	251	55	55	11149	3990	4683	2007	1.0	0.9999999999999966	0.4200376715400486	0.5030075187969922	0.6593907535447717	0.06548637140283135	8.73002E-4	0.45965433421499013	0.37819468404882417	0.12735652404350034	0.07998582298601523	0.24838138496635284	0.0631259456046826	0.1230425056	0.5442506841847942	.	.
col_ccp2_LN_bulk_3_1_1_top251.clonotypes.IGHA	col_ccp2_PBMC_bulk_1_1_1_top251.clonotypes.IGHA	251	251	43	43	11149	30998	3591	8886	1.0	1.0000000000000009	0.322091667414118	0.28666365571972385	-0.02581695838462832	0.07165791975320658	6.825288E-4	0.3038617693257783	0.21391037161262139	0.13927746151055975	0.09719383990543631	0.32968075543607017	0.05215368449195533	0.0936819172	0.2436273126366592	.	.
col_ccp2_LN_bulk_3_1_1_top251.clonotypes.IGHA	col_ccp2_PBMC_bulk_1_1_2_top251.clonotypes.IGHA	251	251	45	45	11149	19469	2779	5136	1.0	1.0000000000000018	0.24926002332047714	0.26380399609635835	0.04205687232300067	-0.095266351039128	7.142744E-4	0.25642891845307414	0.20316027076419924	0.1325667670877844	0.09041159877449767	0.3154806861147128	0.030757223786714197	0.0984682713	0.3467962827403545	.	.
col_ccp2_LN_bulk_3_1_1_top251.clonotypes.IGHA	col_ccp2_PBMC_PCsort_1_1_2_top251.clonotypes.IGHA	251	251	37	37	11149	28262	3169	7407	1.0	1.0000000000000004	0.2842407390797381	0.2620833628193333	0.14515345609199845	0.0590677279103354	5.872923E-4	0.27293729819918433	0.19976945634338675	0.16018260549589927	0.09678256093628472	0.3474831806266971	0.050463152276651685	0.0795698925	0.3751287002516857	.	.
col_ccp2_LN_bulk_3_1_1_top251.clonotypes.IGHA	col_ccp2_tum_bulk_1_1_1_top251.clonotypes.IGHA	251	251	40	40	11149	19781	1800	4971	1.0	0.9999999999999999	0.161449457350435	0.251301754208584	0.434357160391317	0.3964489232301074	6.349106E-4	0.20142624418925228	0.18422140006124116	0.12112179890596607	0.07610840938061013	0.2715621574744656	0.04931197499850391	0.0865800866	0.6635433613697204	.	.
col_ccp2_LN_bulk_3_1_1_top251.clonotypes.IGHA	col_ccp2_tum_bulk_1_2_1_top251.clonotypes.IGHA	251	251	34	34	11149	24860	1591	4654	1.0	0.9999999999999993	0.14270338146919007	0.18720836685438452	0.6091461263039736	0.29797342744365163	5.39674E-4	0.16344805593657366	0.15417788176882744	0.12046484188472496	0.06948813386756723	0.2552846165560691	0.0280932259318655	0.0726495726	0.8340119625567891	.	.
col_ccp2_LN_bulk_3_1_1_top251.clonotypes.IGHA	col_ccp2_tum_bulk_1_3_1_top251.clonotypes.IGHA	251	251	36	36	11149	14501	2412	2671	1.0	0.9999999999999996	0.21634227284958288	0.1841941935038963	0.03368009939902891	0.48064163752717703	5.714195E-4	0.1996221191860481	0.16933921658643836	0.13583216650814872	0.08010531621817643	0.2712231761440195	0.03759874142759387	0.0772532189	0.36292290039416564	.	.
col_ccp2_LN_bulk_3_1_1_top251.clonotypes.IGHA	col_ccp2_tum_PCsort_1_1_1_top251.clonotypes.IGHA	251	251	35	35	11149	13403	1566	3260	1.0	0.9999999999999999	0.14046102789487847	0.2432291278072074	0.5080585116626639	0.09114493856884442	5.555467E-4	0.18483563862463082	0.1664388848361112	0.1618911888945005	0.0997996503534437	0.3160638139836874	0.08888850148391793	0.0749464668	0.5760142684446911	.	.
col_ccp2_LN_bulk_3_1_1_top251.clonotypes.IGHA	col_ccp2_tum_PCsort_1_2_1_top251.clonotypes.IGHA	251	251	27	27	11149	12063	1884	1833	1.0	0.9999999999999953	0.16898376536012194	0.1519522506839095	0.13217423950155235	0.031541880528715954	4.285646E-4	0.16024189051403565	0.125573913470701	0.14106839020058967	0.082893312822733	0.3010855595177131	0.05516679342482393	0.0568421053	0.3423805734562007	.	.
col_ccp2_LN_bulk_3_1_1_top251.clonotypes.IGHA	col_ccp2_tum_PCsort_1_3_1_top251.clonotypes.IGHA	251	251	26	26	11149	8094	2090	1485	1.0	1.0	0.18746075881244953	0.18346923647146038	0.0477819116601559	0.22448631453405418	4.126919E-4	0.1854542592869754	0.14925829491062795	0.18139219617224434	0.10145612100601743	0.3600232871362059	0.07425637287588735	0.0546218487	0.3409947122505551	.	.
col_ccp2_LN_PCsort_1_1_1_top251.clonotypes.IGHA	col_ccp2_LN_PCsort_2_1_1_top251.clonotypes.IGHA	251	251	38	38	25957	1476	7584	439	0.9999999999999997	0.9999999999999959	0.2921755210540509	0.2974254742547426	0.18864403605229174	0.12116006446694139	6.03165E-4	0.29478881070204754	0.2216722257726634	0.18683916908113754	0.13681191108614532	0.4224063923064987	0.16732202096081494	0.0818965517	0.44346668400210926	.	.
col_ccp2_LN_PCsort_1_1_1_top251.clonotypes.IGHA	col_ccp2_LN_PCsort_3_1_1_top251.clonotypes.IGHA	251	251	42	42	25957	3990	13193	1862	0.9999999999999997	0.9999999999999966	0.5082636668336096	0.4666666666666667	0.33561074246906253	0.49143430678206873	6.666561E-4	0.48702126359022335	0.393721053564197	0.19620880545497255	0.13293618672483007	0.3443054724979932	0.0961997627909001	0.0913043478	0.42532609799091264	.	.
col_ccp2_LN_PCsort_1_1_1_top251.clonotypes.IGHA	col_ccp2_PBMC_bulk_1_1_1_top251.clonotypes.IGHA	251	251	36	36	25957	30998	10545	5517	0.9999999999999997	1.0000000000000009	0.40624879608583425	0.17797922446609463	-0.016719641175376762	0.06210980253580248	5.714195E-4	0.2688937441958094	0.18016446889576046	0.1772859938250902	0.13938758892034706	0.3962873458447948	0.12746211244855976	0.0772532189	0.14410915307136013	.	.
col_ccp2_LN_PCsort_1_1_1_top251.clonotypes.IGHA	col_ccp2_PBMC_bulk_1_1_2_top251.clonotypes.IGHA	251	251	35	35	25957	19469	6861	3477	0.9999999999999997	1.0000000000000018	0.2643217629155912	0.17859160717037348	0.1850587278158791	-0.04245779253695613	5.555467E-4	0.21726860898252617	0.17156969889092977	0.1914491836189247	0.14441610047728054	0.3970732487149081	0.10449568392138499	0.0749464668	0.45287871893388354	.	.
col_ccp2_LN_PCsort_1_1_1_top251.clonotypes.IGHA	col_ccp2_PBMC_PCsort_1_1_2_top251.clonotypes.IGHA	251	251	31	31	25957	28262	9437	5380	0.9999999999999997	1.0000000000000004	0.3635628154255114	0.19036161630457857	0.0509473410751597	-0.015637613841566637	4.920557E-4	0.26307490411029993	0.17510861356706559	0.2028915422019739	0.1422635243089014	0.42646634551882207	0.1210797532880742	0.0658174098	0.18666349512506286	.	.
col_ccp2_LN_PCsort_1_1_1_top251.clonotypes.IGHA	col_ccp2_tum_bulk_1_1_1_top251.clonotypes.IGHA	251	251	18	18	25957	19781	5420	3116	0.9999999999999997	0.9999999999999999	0.20880687290518937	0.15752489762903799	0.0901098737786442	0.005159958720331481	2.857098E-4	0.18136229287983074	0.15316794921746343	0.1547224296555898	0.1185600712242298	0.3678542845601335	0.055668225242982754	0.0371900826	0.6125523398380728	.	.
col_ccp2_LN_PCsort_1_1_1_top251.clonotypes.IGHA	col_ccp2_tum_bulk_1_2_1_top251.clonotypes.IGHA	251	251	19	19	25957	24860	4209	3286	0.9999999999999997	0.9999999999999993	0.16215279115460185	0.13218020917135961	0.1556426268450766	0.36315789473684207	3.015825E-4	0.14640146806823714	0.1157514736711251	0.18124838047853284	0.12209922927652801	0.3617114692879256	0.04777332960563675	0.0393374741	0.500868148366577	.	.
col_ccp2_LN_PCsort_1_1_1_top251.clonotypes.IGHA	col_ccp2_tum_bulk_1_3_1_top251.clonotypes.IGHA	251	251	15	15	25957	14501	6049	1076	0.9999999999999997	0.9999999999999996	0.2330392572331163	0.07420177918764223	-0.19490997478592464	-0.29848090560277996	2.380915E-4	0.13149877378616065	0.11738245231344337	0.17848014335169288	0.1215536661345119	0.3628678410693624	0.05540509553917121	0.0308008214	0.3533900438024423	.	.
col_ccp2_LN_PCsort_1_1_1_top251.clonotypes.IGHA	col_ccp2_tum_PCsort_1_1_1_top251.clonotypes.IGHA	251	251	17	17	25957	13403	3809	1647	0.9999999999999997	0.9999999999999999	0.14674268983318567	0.12288293665597255	0.32479978088689043	0.4387254901960786	2.69837E-4	0.13428392554396965	0.11478554008269556	0.208017456729783	0.15510129876992673	0.399228682917315	0.10043202775883761	0.0350515464	0.6400567838477588	.	.
col_ccp2_LN_PCsort_1_1_1_top251.clonotypes.IGHA	col_ccp2_tum_PCsort_1_2_1_top251.clonotypes.IGHA	251	251	15	15	25957	12063	4602	1829	0.9999999999999997	0.9999999999999953	0.17729321570289328	0.15162065821105863	-0.0849825275617162	-0.12186458206455125	2.380915E-4	0.16395521968277763	0.1042111502785679	0.1696710361624773	0.12487369355908132	0.40232560791682975	0.09403656228106479	0.0308008214	0.3077957479591476	.	.
col_ccp2_LN_PCsort_1_1_1_top251.clonotypes.IGHA	col_ccp2_tum_PCsort_1_3_1_top251.clonotypes.IGHA	251	251	10	10	25957	8094	4508	477	0.9999999999999997	1.0	0.17367184189236046	0.05893254262416605	0.3260668197887191	0.5227987675648555	1.587276E-4	0.10116779737119395	0.09231656198712619	0.20750811736645658	0.13920594148916848	0.4363110338416524	0.07835330542888497	0.0203252033	0.4497356571874526	.	.
col_ccp2_LN_PCsort_2_1_1_top251.clonotypes.IGHA	col_ccp2_LN_PCsort_3_1_1_top251.clonotypes.IGHA	251	251	59	59	1476	3990	524	1845	0.9999999999999959	0.9999999999999966	0.35501355013550145	0.46240601503759404	0.1859365633703213	0.3062671203015682	9.364931E-4	0.4051671272481349	0.30943836713336825	0.20455759492737105	0.1373161678263034	0.3315555104248451	0.18725262039810567	0.1331828442	0.2043810459739612	.	.
col_ccp2_LN_PCsort_2_1_1_top251.clonotypes.IGHA	col_ccp2_PBMC_bulk_1_1_1_top251.clonotypes.IGHA	251	251	65	65	1476	30998	566	10069	0.9999999999999959	1.0000000000000009	0.38346883468834697	0.32482740821988504	0.5245944805156507	0.32783455722501664	0.0010317297	0.35293227070489785	0.316045301284066	0.1994579136200603	0.10509349765868894	0.30946699748593415	0.09901132059307557	0.1487414188	0.688379463482414	.	.
col_ccp2_LN_PCsort_2_1_1_top251.clonotypes.IGHA	col_ccp2_PBMC_bulk_1_1_2_top251.clonotypes.IGHA	251	251	59	59	1476	19469	500	5951	0.9999999999999959	1.0000000000000018	0.33875338753387535	0.3056654168164775	0.6835043935485855	0.3430874757644705	9.364931E-4	0.32178439272055404	0.2967387147692659	0.16888614149413322	0.08724953162361065	0.2760683577454419	0.08503479144554893	0.1331828442	0.7622600807196376	.	.
col_ccp2_LN_PCsort_2_1_1_top251.clonotypes.IGHA	col_ccp2_PBMC_PCsort_1_1_2_top251.clonotypes.IGHA	251	251	53	53	1476	28262	481	8710	0.9999999999999959	1.0000000000000004	0.32588075880758804	0.30818767249310025	0.46133550061355877	0.3100377346197845	8.412565E-4	0.3169107643599314	0.2793296948282954	0.24120246579878138	0.12221351750902425	0.35366620435037893	0.12120741692903672	0.1180400891	0.6626078526609774	.	.
col_ccp2_LN_PCsort_2_1_1_top251.clonotypes.IGHA	col_ccp2_tum_bulk_1_1_1_top251.clonotypes.IGHA	251	251	12	12	1476	19781	201	1655	0.9999999999999959	0.9999999999999999	0.13617886178861788	0.0836661442798645	0.3295791107820429	-0.12721562869323957	1.904732E-4	0.10674062159400342	0.0831907491967678	0.21180302627574601	0.11415338180880677	0.3753863046962887	0.17743445735579616	0.0244897959	0.49751328588361726	.	.
col_ccp2_LN_PCsort_2_1_1_top251.clonotypes.IGHA	col_ccp2_tum_bulk_1_2_1_top251.clonotypes.IGHA	251	251	16	16	1476	24860	140	2134	0.9999999999999959	0.9999999999999993	0.09485094850948506	0.08584070796460176	-0.06526071125123341	0.3835984883919504	2.539642E-4	0.09023343377688885	0.07136520129690525	0.20981127929894708	0.11327626348151958	0.37352521596310734	0.1686942243067623	0.0329218107	0.38156044368903447	.	.
col_ccp2_LN_PCsort_2_1_1_top251.clonotypes.IGHA	col_ccp2_tum_bulk_1_3_1_top251.clonotypes.IGHA	251	251	10	10	1476	14501	132	610	0.9999999999999959	0.9999999999999996	0.08943089430894308	0.04206606440935108	0.10747986278970069	0.42945593473551436	1.587276E-4	0.061335191857414685	0.050419296005786776	0.22879276566308704	0.12212999854756917	0.3779729562706601	0.1718013069399042	0.0203252033	0.24774133606075574	.	.
col_ccp2_LN_PCsort_2_1_1_top251.clonotypes.IGHA	col_ccp2_tum_PCsort_1_1_1_top251.clonotypes.IGHA	251	251	12	12	1476	13403	205	1057	0.9999999999999959	0.9999999999999999	0.13888888888888887	0.07886294113258226	-0.09048228939209857	0.14815390871806894	1.904732E-4	0.10465747115430508	0.07535268452283968	0.2706735960791088	0.15481060411111536	0.42605111110488836	0.22393284124874435	0.0244897959	0.26061431770741467	.	.
col_ccp2_LN_PCsort_2_1_1_top251.clonotypes.IGHA	col_ccp2_tum_PCsort_1_2_1_top251.clonotypes.IGHA	251	251	15	15	1476	12063	165	1452	0.9999999999999959	0.9999999999999953	0.11178861788617886	0.12036806764486446	-0.07367261410346078	0.29412740308952545	2.380915E-4	0.11599905137392065	0.07865647959989608	0.22457605438775094	0.12632391690205522	0.3995362902954936	0.17993758428007925	0.0308008214	0.2080146323429114	.	.
col_ccp2_LN_PCsort_2_1_1_top251.clonotypes.IGHA	col_ccp2_tum_PCsort_1_3_1_top251.clonotypes.IGHA	251	251	7	7	1476	8094	66	407	0.9999999999999959	1.0	0.044715447154471545	0.05028416110699283	-0.17726649532084346	-0.14414999403128945	1.111093E-4	0.047418126794367056	0.03975080335967669	0.25482363649296447	0.1464227131123375	0.4389290212952903	0.21920521437530668	0.0141414141	0.5165864591196796	.	.
col_ccp2_LN_PCsort_3_1_1_top251.clonotypes.IGHA	col_ccp2_PBMC_bulk_1_1_1_top251.clonotypes.IGHA	251	251	50	50	3990	30998	1826	8186	0.9999999999999966	1.0000000000000009	0.45764411027568935	0.26408155364862246	0.3124292797516789	0.32470516730040216	7.936382E-4	0.34764258608482584	0.270711412181975	0.19060935183287606	0.1484542762091558	0.38396310676800605	0.13233774704158685	0.110619469	0.20147166821127885	.	.
col_ccp2_LN_PCsort_3_1_1_top251.clonotypes.IGHA	col_ccp2_PBMC_bulk_1_1_2_top251.clonotypes.IGHA	251	251	47	47	3990	19469	1638	4852	0.9999999999999966	1.0000000000000018	0.41052631578947363	0.24921670347732294	0.26119588635981494	0.35595673353868773	7.460199E-4	0.31985936770984696	0.24903396948469408	0.19525418908478598	0.14626515417109257	0.35713243503999276	0.09523753671788172	0.1032967033	0.1790046732596694	.	.
col_ccp2_LN_PCsort_3_1_1_top251.clonotypes.IGHA	col_ccp2_PBMC_PCsort_1_1_2_top251.clonotypes.IGHA	251	251	47	47	3990	28262	1989	7636	0.9999999999999966	1.0000000000000004	0.4984962406015039	0.2701861156322977	0.5744976047290099	0.24431530072410798	7.460199E-4	0.36699695217457	0.3005063666786648	0.15861644467280364	0.1164269032885124	0.3503470057662364	0.12938210588918994	0.1032967033	0.3278610829461848	.	.
col_ccp2_LN_PCsort_3_1_1_top251.clonotypes.IGHA	col_ccp2_tum_bulk_1_1_1_top251.clonotypes.IGHA	251	251	20	20	3990	19781	397	2935	0.9999999999999966	0.9999999999999999	0.09949874686716793	0.14837470299782618	0.3300507211019252	-0.10855672917622372	3.174553E-4	0.12150348560873442	0.10397946362904009	0.2682145885828286	0.1703903632094514	0.3977400795688841	0.11373902372128453	0.0414937759	0.6222656245041737	.	.
col_ccp2_LN_PCsort_3_1_1_top251.clonotypes.IGHA	col_ccp2_tum_bulk_1_2_1_top251.clonotypes.IGHA	251	251	20	20	3990	24860	245	2913	0.9999999999999966	0.9999999999999993	0.06140350877192981	0.1171761866452132	0.26965815289005746	0.01890382000956685	3.174553E-4	0.08482351681303148	0.07535083738681944	0.26045706295406834	0.15556451651992528	0.3964588210506049	0.10351328531513529	0.0414937759	0.5782709795102848	.	.
col_ccp2_LN_PCsort_3_1_1_top251.clonotypes.IGHA	col_ccp2_tum_bulk_1_3_1_top251.clonotypes.IGHA	251	251	20	20	3990	14501	1464	1214	0.9999999999999966	0.9999999999999996	0.3669172932330827	0.08371836425074133	0.011992665550810612	-0.13595166163141967	3.174553E-4	0.17526470153679916	0.12424547458086956	0.2781735767827614	0.17007055522234135	0.4165379584303796	0.11284422846609259	0.0414937759	0.0699815777933288	.	.
col_ccp2_LN_PCsort_3_1_1_top251.clonotypes.IGHA	col_ccp2_tum_PCsort_1_1_1_top251.clonotypes.IGHA	251	251	19	19	3990	13403	338	2431	0.9999999999999966	0.9999999999999999	0.08471177944862156	0.1813773035887488	-0.13163319722521247	-0.11306653050812464	3.015825E-4	0.12395480683941129	0.08588736737122332	0.27854347491457193	0.16747909327341098	0.4168475598763844	0.13936555567280365	0.0393374741	0.1280265930000188	.	.
col_ccp2_LN_PCsort_3_1_1_top251.clonotypes.IGHA	col_ccp2_tum_PCsort_1_2_1_top251.clonotypes.IGHA	251	251	21	21	3990	12063	1162	1987	0.9999999999999966	0.9999999999999953	0.29122807017543856	0.16471856088866785	-0.12613713962986042	-0.41209581631010905	3.33328E-4	0.21902207333892676	0.1028125408439725	0.24205458898625276	0.136938079864877	0.3940643445382225	0.12358576221574495	0.0436590437	0.03742983305858419	.	.
col_ccp2_LN_PCsort_3_1_1_top251.clonotypes.IGHA	col_ccp2_tum_PCsort_1_3_1_top251.clonotypes.IGHA	251	251	17	17	3990	8094	1129	810	0.9999999999999966	1.0	0.28295739348370924	0.10007412898443294	0.027127205533247347	0.03876923811015242	2.69837E-4	0.16827571034640637	0.10542342711955906	0.24835905862467908	0.1434891184337291	0.448526260199152	0.15885285525249848	0.0350515464	0.08496898962353874	.	.
col_ccp2_PBMC_bulk_1_1_1_top251.clonotypes.IGHA	col_ccp2_PBMC_bulk_1_1_2_top251.clonotypes.IGHA	251	251	125	125	30998	19469	24412	14494	1.0000000000000009	1.0000000000000018	0.7875346796567526	0.744465560634855	0.9478837202126796	0.696340661447509	0.0019840955	0.7656973598035032	0.7457351006105263	0.027759020706977798	0.0155713879079403	0.07992565785013092	0.008824150421168096	0.3315649867	0.9188275539552647	.	.
col_ccp2_PBMC_bulk_1_1_1_top251.clonotypes.IGHA	col_ccp2_PBMC_PCsort_1_1_2_top251.clonotypes.IGHA	251	251	122	122	30998	28262	24375	22271	1.0000000000000009	1.0000000000000004	0.7863410542615655	0.7880192484608308	0.9581516306940268	0.6751331113821649	0.0019364772	0.7871797041420061	0.7664102085734222	0.030586164399856904	0.019769412896395524	0.08334122951971866	0.006272204357930433	0.3210526316	0.9653695825664554	.	.
col_ccp2_PBMC_bulk_1_1_1_top251.clonotypes.IGHA	col_ccp2_tum_bulk_1_1_1_top251.clonotypes.IGHA	251	251	14	14	30998	19781	2550	1839	1.0000000000000009	0.9999999999999999	0.08226337183044066	0.09296799959557152	0.25709679123758933	-0.19999999999999996	2.222187E-4	0.08745205039942035	0.07101984808051874	0.13401448511795516	0.07788126683679701	0.3251310027082385	0.10049844545529038	0.0286885246	0.5955851878499329	.	.
col_ccp2_PBMC_bulk_1_1_1_top251.clonotypes.IGHA	col_ccp2_tum_bulk_1_2_1_top251.clonotypes.IGHA	251	251	16	16	30998	24860	2096	1628	1.0000000000000009	0.9999999999999993	0.06761726563004064	0.06548672566371681	-0.16060092551390404	-0.19426053824273573	2.539642E-4	0.06654346943498768	0.053258427958428924	0.16462771124796216	0.09674598564232266	0.36083544128908734	0.09073498559818012	0.0329218107	0.39213846599104035	.	.
col_ccp2_PBMC_bulk_1_1_1_top251.clonotypes.IGHA	col_ccp2_tum_bulk_1_3_1_top251.clonotypes.IGHA	251	251	16	16	30998	14501	6387	944	1.0000000000000009	0.9999999999999996	0.20604555132589197	0.06509895869250396	-0.2948041100532952	-0.34045698264166663	2.539642E-4	0.11581602149330827	0.08260906963337428	0.16110353358106744	0.09744616779687804	0.3552899171156314	0.09351068735568228	0.0329218107	0.09116696531606538	.	.
col_ccp2_PBMC_bulk_1_1_1_top251.clonotypes.IGHA	col_ccp2_tum_PCsort_1_1_1_top251.clonotypes.IGHA	251	251	12	12	30998	13403	2030	1697	1.0000000000000009	0.9999999999999999	0.06548809600619396	0.1266134447511751	-0.15062949374792384	-0.143607926009361	1.904732E-4	0.09105862631041549	0.057323498654362016	0.18823991319913916	0.11519902474222617	0.3673989504417096	0.1599393649498075	0.0244897959	0.11272183440659533	.	.
col_ccp2_PBMC_bulk_1_1_1_top251.clonotypes.IGHA	col_ccp2_tum_PCsort_1_2_1_top251.clonotypes.IGHA	251	251	14	14	30998	12063	3235	1052	1.0000000000000009	0.9999999999999953	0.10436157171430414	0.08720882035977782	-0.1826487678922819	-0.1980199218062512	2.222187E-4	0.09540046939138623	0.06889314023201824	0.1977537977582948	0.11829649353013999	0.37958806979990967	0.10725848491204337	0.0286885246	0.28335329197059345	.	.
col_ccp2_PBMC_bulk_1_1_1_top251.clonotypes.IGHA	col_ccp2_tum_PCsort_1_3_1_top251.clonotypes.IGHA	251	251	11	11	30998	8094	5064	553	1.0000000000000009	1.0	0.16336537841151044	0.06832221398566841	-0.03628235397447964	0.30068415140161536	1.746004E-4	0.10564792634822943	0.06938907334767778	0.2343565165177544	0.1447575022958951	0.44131856420755744	0.15197311790222082	0.0224032587	0.13401986215882083	.	.
col_ccp2_PBMC_bulk_1_1_2_top251.clonotypes.IGHA	col_ccp2_PBMC_PCsort_1_1_2_top251.clonotypes.IGHA	251	251	104	104	19469	28262	13076	20490	1.0000000000000018	1.0000000000000004	0.6716318249524884	0.7250017691600026	0.9127736156835689	0.6415762953989091	0.0016507674	0.6978067506944278	0.6711360148201941	0.06123365914811717	0.031799406482262774	0.12695523983704315	0.016338117689950582	0.2613065327	0.8763075028588512	.	.
col_ccp2_PBMC_bulk_1_1_2_top251.clonotypes.IGHA	col_ccp2_tum_bulk_1_1_1_top251.clonotypes.IGHA	251	251	11	11	19469	19781	1230	1375	1.0000000000000018	0.9999999999999999	0.06317735887821666	0.06951114706031039	0.645004332687773	-0.24145848521644872	1.746004E-4	0.06626862518466581	0.0584691755555187	0.12358573640444329	0.06743079096970643	0.3106952093230411	0.08354833720498887	0.0224032587	0.7807298451240989	.	.
col_ccp2_PBMC_bulk_1_1_2_top251.clonotypes.IGHA	col_ccp2_tum_bulk_1_2_1_top251.clonotypes.IGHA	251	251	15	15	19469	24860	1095	1438	1.0000000000000018	0.9999999999999993	0.056243258513534344	0.05784392598551891	-0.2672920068857435	-0.4722719141323792	2.380915E-4	0.05703797754690542	0.04846496018634553	0.14049041468482232	0.07919099964908821	0.3201624795261173	0.0666070019981372	0.0308008214	0.507222196828684	.	.
col_ccp2_PBMC_bulk_1_1_2_top251.clonotypes.IGHA	col_ccp2_tum_bulk_1_3_1_top251.clonotypes.IGHA	251	251	16	16	19469	14501	3179	903	1.0000000000000018	0.9999999999999996	0.16328522266166728	0.06227156747810495	-0.24020236565466035	-0.3350561717594372	2.539642E-4	0.10083663402332213	0.07640073321677088	0.16574523340314024	0.09239649651135931	0.32563775811640217	0.06825970282069241	0.0329218107	0.15291234980569138	.	.
col_ccp2_PBMC_bulk_1_1_2_top251.clonotypes.IGHA	col_ccp2_tum_PCsort_1_1_1_top251.clonotypes.IGHA	251	251	10	10	19469	13403	1088	543	1.0000000000000018	0.9999999999999999	0.05588371256869896	0.040513317913899866	0.2738158257645354	0.006079055436797882	1.587276E-4	0.047581872740621534	0.040974488100869164	0.17949690906120308	0.1078206850069644	0.3532044652113283	0.12966054637471788	0.0203252033	0.45196079546676676	.	.
col_ccp2_PBMC_bulk_1_1_2_top251.clonotypes.IGHA	col_ccp2_tum_PCsort_1_2_1_top251.clonotypes.IGHA	251	251	13	13	19469	12063	1744	542	1.0000000000000018	0.9999999999999953	0.0895783039704145	0.04493078007129237	-0.02800626454115767	-0.053719008264462756	2.063459E-4	0.06344149332143806	0.05419232937777784	0.1819917419375337	0.10751681863741597	0.35175603157569924	0.07980889436104037	0.0265848671	0.390154215485179	.	.
col_ccp2_PBMC_bulk_1_1_2_top251.clonotypes.IGHA	col_ccp2_tum_PCsort_1_3_1_top251.clonotypes.IGHA	251	251	10	10	19469	8094	2097	316	1.0000000000000018	1.0	0.10770969233139863	0.03904126513466766	0.35235203732329495	0.583589321932862	1.587276E-4	0.06484691708850632	0.05333230006590392	0.24194855722345382	0.14159359513572653	0.41851559584163234	0.11889923145605352	0.0203252033	0.20783367877376518	.	.
col_ccp2_PBMC_PCsort_1_1_2_top251.clonotypes.IGHA	col_ccp2_tum_bulk_1_1_1_top251.clonotypes.IGHA	251	251	11	11	28262	19781	2234	1434	1.0000000000000004	0.9999999999999999	0.07904606892647371	0.07249380718871642	0.24323721140157534	0.19090909090909106	1.746004E-4	0.07569907846058481	0.05981129266245922	0.17818787622628499	0.09231422649879253	0.3650748917888708	0.0945642915657958	0.0224032587	0.5900602849886574	.	.
col_ccp2_PBMC_PCsort_1_1_2_top251.clonotypes.IGHA	col_ccp2_tum_bulk_1_2_1_top251.clonotypes.IGHA	251	251	12	12	28262	24860	1397	1175	1.0000000000000004	0.9999999999999993	0.04943033047908853	0.04726468222043443	-0.07987367613280524	-0.3076923076923078	1.904732E-4	0.04833537899039557	0.038848944585405026	0.19489010436545143	0.10200746081208485	0.38358131094723963	0.08782758369109266	0.0244897959	0.3893726070730665	.	.
col_ccp2_PBMC_PCsort_1_1_2_top251.clonotypes.IGHA	col_ccp2_tum_bulk_1_3_1_top251.clonotypes.IGHA	251	251	15	15	28262	14501	6394	807	1.0000000000000004	0.9999999999999996	0.22624018116198433	0.055651334390731666	-0.1977635335936579	-0.04651170233028382	2.380915E-4	0.11220770015674192	0.0782307999332814	0.20213458134876833	0.10601288966002001	0.39229074012596343	0.08736923738403099	0.0308008214	0.07484134438163662	.	.
col_ccp2_PBMC_PCsort_1_1_2_top251.clonotypes.IGHA	col_ccp2_tum_PCsort_1_1_1_top251.clonotypes.IGHA	251	251	11	11	28262	13403	1992	601	1.0000000000000004	0.9999999999999999	0.07048333451277333	0.04484070730433485	0.059870888170950466	0.0	1.746004E-4	0.056218525173832086	0.04572091798387769	0.18853374582982202	0.1081702549987706	0.38472942707931557	0.15145694627856401	0.0224032587	0.4241072657857774	.	.
col_ccp2_PBMC_PCsort_1_1_2_top251.clonotypes.IGHA	col_ccp2_tum_PCsort_1_2_1_top251.clonotypes.IGHA	251	251	14	14	28262	12063	3289	648	1.0000000000000004	0.9999999999999953	0.11637534498620056	0.053717980601840326	-0.020602571728269497	-0.24669603524229056	2.222187E-4	0.07906610224679851	0.0633494578458014	0.20163788477986383	0.11210958091379009	0.38349078941260994	0.10819453604490306	0.0286885246	0.35157987988756106	.	.
col_ccp2_PBMC_PCsort_1_1_2_top251.clonotypes.IGHA	col_ccp2_tum_PCsort_1_3_1_top251.clonotypes.IGHA	251	251	12	12	28262	8094	5530	403	1.0000000000000004	1.0	0.19566909631307058	0.049789967877440076	0.3327567186973467	0.2438596491228071	1.904732E-4	0.09870338403537901	0.07359125562930159	0.23354484412638124	0.13047409746778588	0.4452252783434766	0.14101586896971943	0.0244897959	0.12442518882508405	.	.
col_ccp2_tum_bulk_1_1_1_top251.clonotypes.IGHA	col_ccp2_tum_bulk_1_2_1_top251.clonotypes.IGHA	251	251	103	103	19781	24860	11356	14169	0.9999999999999999	0.9999999999999993	0.574086244375916	0.5699517296862432	0.5673001090436068	0.44997528461145714	0.0016348947	0.5720152515196887	0.5430398429586692	0.03650990121041203	0.01977089280961483	0.11661188246393375	0.03222010061322548	0.2581453634	0.8151640058552507	.	.
col_ccp2_tum_bulk_1_1_1_top251.clonotypes.IGHA	col_ccp2_tum_bulk_1_3_1_top251.clonotypes.IGHA	251	251	84	84	19781	14501	10025	6295	0.9999999999999999	0.9999999999999996	0.5067994540215358	0.43410799255223786	0.2228620152153546	0.23062624104008655	0.0013333122	0.46904764535370935	0.42846040525732154	0.05293053903914714	0.030303180422972493	0.1471056100099065	0.029839350275551374	0.2009569378	0.677000427755807	.	.
col_ccp2_tum_bulk_1_1_1_top251.clonotypes.IGHA	col_ccp2_tum_PCsort_1_1_1_top251.clonotypes.IGHA	251	251	101	101	19781	13403	12415	8459	0.9999999999999999	0.9999999999999999	0.6276224660027298	0.6311273595463698	0.4990172532323235	0.46089961587463096	0.0016031492	0.6293724729921735	0.5807385052781171	0.08619894640972176	0.052356533990812144	0.1569904190049574	0.036303590631332	0.2518703242	0.6698715050600792	.	.
col_ccp2_tum_bulk_1_1_1_top251.clonotypes.IGHA	col_ccp2_tum_PCsort_1_2_1_top251.clonotypes.IGHA	251	251	73	73	19781	12063	8958	5415	0.9999999999999999	0.9999999999999953	0.4528588039027351	0.4488933101218603	0.4705716695082553	0.491054383629101	0.0011587118	0.45087169738377364	0.4082811393779848	0.08547517673972124	0.0510055782190719	0.20058097857573579	0.04032388532807901	0.1701631702	0.6576576656494455	.	.
col_ccp2_tum_bulk_1_1_1_top251.clonotypes.IGHA	col_ccp2_tum_PCsort_1_3_1_top251.clonotypes.IGHA	251	251	60	60	19781	8094	7107	3457	0.9999999999999999	1.0	0.35928416156918247	0.42710649864096867	0.1737301686748796	0.29518689133442044	9.523658E-4	0.3917302646783493	0.3360967069840898	0.13234430758076288	0.0721291984908796	0.2650195270825385	0.05228379788185736	0.1357466063	0.4706472174881956	.	.
col_ccp2_tum_bulk_1_2_1_top251.clonotypes.IGHA	col_ccp2_tum_bulk_1_3_1_top251.clonotypes.IGHA	251	251	77	77	24860	14501	10491	5462	0.9999999999999993	0.9999999999999996	0.42200321802091706	0.3766636783670093	0.1585051649554019	0.3051774713421252	0.0012222028	0.3986894585795737	0.37013819201808407	0.08736004349342237	0.04576320488359933	0.1866432698826536	0.0204773221582094	0.1811764706	0.7119246515445108	.	.
col_ccp2_tum_bulk_1_2_1_top251.clonotypes.IGHA	col_ccp2_tum_PCsort_1_1_1_top251.clonotypes.IGHA	251	251	83	83	24860	13403	11662	6570	0.9999999999999993	0.9999999999999999	0.46910699919549476	0.4901887637096172	0.2708228229896658	0.3641099236801782	0.0013174394	0.4795320427074378	0.4229581165020585	0.10232716147396143	0.061684639349227195	0.21209026611103313	0.048133454105518614	0.1980906921	0.5006192064933518	.	.
col_ccp2_tum_bulk_1_2_1_top251.clonotypes.IGHA	col_ccp2_tum_PCsort_1_2_1_top251.clonotypes.IGHA	251	251	85	85	24860	12063	13859	7116	0.9999999999999993	0.9999999999999953	0.5574818986323413	0.5899030092016909	0.6998268610129005	0.5754364732479481	0.0013491849	0.5734633812011802	0.5421534279698222	0.08495692191406806	0.048696358794034694	0.16140410966960778	0.02612096143085425	0.2038369305	0.7999102694348953	.	.
col_ccp2_tum_bulk_1_2_1_top251.clonotypes.IGHA	col_ccp2_tum_PCsort_1_3_1_top251.clonotypes.IGHA	251	251	52	52	24860	8094	7332	3071	0.9999999999999993	1.0	0.2949316170555108	0.37941685198912767	0.21198661074501512	0.35502851576382766	8.253837E-4	0.33451760147302384	0.29189093903620555	0.1449978376315707	0.07555640368851667	0.2873542031091459	0.03087053091869102	0.1155555556	0.45665489921190044	.	.
col_ccp2_tum_bulk_1_3_1_top251.clonotypes.IGHA	col_ccp2_tum_PCsort_1_1_1_top251.clonotypes.IGHA	251	251	56	56	14501	13403	4012	5455	0.9999999999999996	0.9999999999999999	0.2766705744431418	0.40699843318659984	0.2457490863571418	0.31106664655378086	8.888748E-4	0.3355659254262793	0.2954112601818022	0.12569106088413945	0.08222751976814621	0.24142500491904828	0.05444041886308359	0.1255605381	0.40246717483803546	.	.
col_ccp2_tum_bulk_1_3_1_top251.clonotypes.IGHA	col_ccp2_tum_PCsort_1_2_1_top251.clonotypes.IGHA	251	251	52	52	14501	12063	3718	4044	0.9999999999999996	0.9999999999999953	0.2563961106130612	0.3352399900522258	0.18111291869576013	0.12253834040195408	8.253837E-4	0.2931795176531813	0.2608293236048925	0.14743969411897115	0.08764344177835742	0.26415373315029184	0.03733804033705618	0.1155555556	0.48837465418994846	.	.
col_ccp2_tum_bulk_1_3_1_top251.clonotypes.IGHA	col_ccp2_tum_PCsort_1_3_1_top251.clonotypes.IGHA	251	251	92	92	14501	8094	7292	4661	0.9999999999999996	1.0	0.5028618715950623	0.5758586607363478	0.4908042588202069	0.2927268292401003	0.0014602943	0.5381239298824259	0.4955686138333734	0.12168825368701094	0.0686036050647674	0.21128681786797068	0.03461532602933276	0.2243902439	0.6402716944119671	.	.
col_ccp2_tum_PCsort_1_1_1_top251.clonotypes.IGHA	col_ccp2_tum_PCsort_1_2_1_top251.clonotypes.IGHA	251	251	63	63	13403	12063	5996	5343	0.9999999999999999	0.9999999999999953	0.4473625307766917	0.44292464561054473	0.5882763853070129	0.2603504833129677	9.999841E-4	0.445138057689637	0.40099648175769287	0.060243095726028935	0.03310799031089519	0.18554449950228635	0.0271797521007468	0.1435079727	0.7173183549802299	.	.
col_ccp2_tum_PCsort_1_1_1_top251.clonotypes.IGHA	col_ccp2_tum_PCsort_1_3_1_top251.clonotypes.IGHA	251	251	51	51	13403	8094	5248	2339	0.9999999999999999	1.0	0.3915541296724612	0.2889794909809736	0.7558565702504765	0.3242410515335634	8.09511E-4	0.33637941834221363	0.3121063512306962	0.08480330253394698	0.05096905729698038	0.24183788846817283	0.03092368010536185	0.1130820399	0.6918156645324507	.	.
col_ccp2_tum_PCsort_1_2_1_top251.clonotypes.IGHA	col_ccp2_tum_PCsort_1_3_1_top251.clonotypes.IGHA	251	251	41	41	12063	8094	3414	2601	0.9999999999999953	1.0	0.2830141755782144	0.32134914751667903	0.32414417823995595	0.4058249426530313	6.507833E-4	0.3015731487669201	0.2608442833879257	0.1059803137453312	0.057792259530484294	0.28898769683537645	0.03207755453927527	0.0889370933	0.5275564662828852	.	.
