1_sample_id	2_sample_id	div1	div2	div12	div21	count1	count2	count12	count21	freq1	freq2	freq12	freq21	R	Rs	D	F	F2	vJSD	vjJSD	vj2JSD	sJSD	Jaccard	MorisitaHorn	1_metadata_blank	2_metadata_blank
col_ccp2_LN_bulk_1_1_1_top162.clonotypes.IGHG	col_ccp2_LN_bulk_2_1_1_top162.clonotypes.IGHG	162	162	51	51	3801	725	1486	293	1.0000000000000007	0.9999999999999993	0.39094975006577215	0.4041379310344828	0.06930448751043769	-0.010344554840149204	0.0019433013	0.39748914844311073	0.3524356596170405	0.14065783539239798	0.08627783136029109	0.2781420133811694	0.06732932151245886	0.1868131868	0.5604210752036529	.	.
col_ccp2_LN_bulk_1_1_1_top162.clonotypes.IGHG	col_ccp2_LN_bulk_3_1_1_top162.clonotypes.IGHG	162	162	57	57	3801	4182	1533	2366	1.0000000000000007	1.000000000000001	0.40331491712707185	0.5657580105212818	0.38272209470896706	0.328598915231372	0.002171925	0.47768048434844795	0.4051415400383847	0.14902498385793897	0.10277792079396	0.3089425761262522	0.08279196221764251	0.2134831461	0.39269738874663884	.	.
col_ccp2_LN_bulk_1_1_1_top162.clonotypes.IGHG	col_ccp2_LN_PCsort_1_1_1_top162.clonotypes.IGHG	162	162	29	29	3801	5161	765	1644	1.0000000000000007	1.0000000000000016	0.2012628255722178	0.3185429180391397	-7.363622413241509E-4	-0.10484722819104023	0.0011050145	0.2532012001365251	0.2107825359702648	0.18883606599180391	0.11176852098037117	0.328122717155724	0.07716250314349517	0.0983050847	0.5178118395097575	.	.
col_ccp2_LN_bulk_1_1_1_top162.clonotypes.IGHG	col_ccp2_LN_PCsort_2_1_1_top162.clonotypes.IGHG	162	162	55	55	3801	790	1270	359	1.0000000000000007	1.0000000000000027	0.33412259931596966	0.4544303797468359	0.15275161645716578	0.15374267910801967	0.0020957171	0.38966069815822585	0.347284166659494	0.16588560616237433	0.10680134393192592	0.3325804748856639	0.0816852319339568	0.2044609665	0.5358366088979991	.	.
col_ccp2_LN_bulk_1_1_1_top162.clonotypes.IGHG	col_ccp2_LN_PCsort_3_1_1_top162.clonotypes.IGHG	162	162	94	94	3801	1622	3008	1389	1.0000000000000007	0.9999999999999992	0.7913706919231784	0.8563501849568432	0.858539356511051	0.6309779602702252	0.0035817711	0.8232195566176977	0.7655511400525247	0.17815037767922398	0.09589112612562442	0.2696929806019539	0.03756681437139948	0.4086956522	0.6294774298130532	.	.
col_ccp2_LN_bulk_1_1_1_top162.clonotypes.IGHG	col_ccp2_PBMC_bulk_1_1_1_top162.clonotypes.IGHG	162	162	27	27	3801	1491	711	363	1.0000000000000007	1.0000000000000002	0.18705603788476718	0.24346076458752522	0.05945650827828314	0.05847145763459809	0.0010288066	0.21340291938991487	0.1942548308263382	0.13841298343483924	0.09555056298481267	0.31245612180664867	0.05522827739817695	0.0909090909	0.6319637051337172	.	.
col_ccp2_LN_bulk_1_1_1_top162.clonotypes.IGHG	col_ccp2_PBMC_bulk_1_1_2_top162.clonotypes.IGHG	162	162	22	22	3801	1568	713	271	1.0000000000000007	1.0000000000000002	0.18758221520652463	0.17283163265306126	0.2076625321275364	0.1659097604197411	8.382868E-4	0.18005593717181764	0.16782283993414635	0.13328790462906864	0.07963204856407083	0.3243075816046346	0.06251713366208567	0.0728476821	0.7748165362809538	.	.
col_ccp2_LN_bulk_1_1_1_top162.clonotypes.IGHG	col_ccp2_PBMC_PCsort_1_1_2_top162.clonotypes.IGHG	162	162	22	22	3801	1390	549	249	1.0000000000000007	1.0000000000000004	0.14443567482241515	0.17913669064748203	-0.07376391248914484	0.24550914581424726	8.382868E-4	0.16085312803648952	0.14364555267043944	0.22953414122080598	0.1516966202253207	0.3991557294134402	0.07079269730136735	0.0728476821	0.5208163517379474	.	.
col_ccp2_LN_bulk_1_1_1_top162.clonotypes.IGHG	col_ccp2_tum_bulk_1_1_1_top162.clonotypes.IGHG	162	162	32	32	3801	2811	1008	1264	1.0000000000000007	0.9999999999999999	0.2651933701657459	0.4496620419779438	0.4364140572867693	0.18417189720533306	0.0012193263	0.34532215733680055	0.3123096767335148	0.191544404453376	0.10519275015262977	0.3530593581143981	0.10385542050017134	0.1095890411	0.6422080692966579	.	.
col_ccp2_LN_bulk_1_1_1_top162.clonotypes.IGHG	col_ccp2_tum_bulk_1_2_1_top162.clonotypes.IGHG	162	162	45	45	3801	6444	1264	3539	1.0000000000000007	1.0000000000000007	0.3325440673506972	0.5491930477963998	0.5346324986556935	0.3321337054652899	0.0017146776	0.4273533548188672	0.3587339470676803	0.2279250158418911	0.1320303553942626	0.3705413717793237	0.14766752053761484	0.1612903226	0.37401081700104294	.	.
col_ccp2_LN_bulk_1_1_1_top162.clonotypes.IGHG	col_ccp2_tum_bulk_1_3_1_top162.clonotypes.IGHG	162	162	43	43	3801	2509	1299	889	1.0000000000000007	1.0000000000000002	0.34175217048145223	0.35432443204463937	0.4466496080041512	0.031265420289053006	0.0016384697	0.3479815278227615	0.31819526923155383	0.0965725331491643	0.060394900260600314	0.2756532228077623	0.07009282906867326	0.153024911	0.7344834724576488	.	.
col_ccp2_LN_bulk_1_1_1_top162.clonotypes.IGHG	col_ccp2_tum_PCsort_1_1_1_top162.clonotypes.IGHG	162	162	32	32	3801	1342	843	596	1.0000000000000007	1.0000000000000009	0.22178374112075772	0.444113263785395	0.3049592306297605	0.4555582251216685	0.0012193263	0.3138424782015252	0.2781426464519565	0.15529985467547178	0.08294417372481373	0.42234719234527196	0.09650993808699612	0.1095890411	0.496652817395617	.	.
col_ccp2_LN_bulk_1_1_1_top162.clonotypes.IGHG	col_ccp2_tum_PCsort_1_2_1_top162.clonotypes.IGHG	162	162	33	33	3801	2966	949	1875	1.0000000000000007	0.9999999999999986	0.24967113917390166	0.6321645313553607	0.5278895657010191	0.1410719895237437	0.0012574303	0.39728231610383635	0.3067723318197409	0.2840770579937879	0.16897202507019202	0.4780796343926455	0.17253938848242423	0.1134020619	0.19019622207532458	.	.
col_ccp2_LN_bulk_1_1_1_top162.clonotypes.IGHG	col_ccp2_tum_PCsort_1_3_1_top162.clonotypes.IGHG	162	162	31	31	3801	1383	1010	458	1.0000000000000007	0.9999999999999988	0.26571954748750326	0.3311641359363702	0.3914038463382683	0.2418235597626895	0.0011812224	0.2966425194490876	0.26258595970195137	0.1662752924337546	0.09333000870031623	0.33550577361780193	0.0876412797928721	0.1058020478	0.6631135483628132	.	.
col_ccp2_LN_bulk_2_1_1_top162.clonotypes.IGHG	col_ccp2_LN_bulk_3_1_1_top162.clonotypes.IGHG	162	162	36	36	725	4182	224	1812	0.9999999999999993	1.000000000000001	0.30896551724137933	0.4332855093256815	0.130544787055694	0.159639889178341	0.0013717421	0.36588287948741693	0.2842138696979348	0.12333260978564992	0.0763051188741312	0.3486855014602613	0.08812727070129103	0.125	0.29625324307878953	.	.
col_ccp2_LN_bulk_2_1_1_top162.clonotypes.IGHG	col_ccp2_LN_PCsort_1_1_1_top162.clonotypes.IGHG	162	162	28	28	725	5161	186	1330	0.9999999999999993	1.0000000000000016	0.25655172413793115	0.25770199573726016	0.09671070823061886	0.150523527689323	0.0010669105	0.2571262167111317	0.21460174077308897	0.1922372093821106	0.10481173380251878	0.36258667970112435	0.07447161346463053	0.0945945946	0.5003257381289737	.	.
col_ccp2_LN_bulk_2_1_1_top162.clonotypes.IGHG	col_ccp2_LN_PCsort_2_1_1_top162.clonotypes.IGHG	162	162	79	79	725	790	514	566	0.9999999999999993	1.0000000000000027	0.7089655172413791	0.7164556962025326	0.7395583910746356	0.6413170403930399	0.0030102119	0.7127007669693929	0.681852108397063	0.07518776483660453	0.04026127165754996	0.14507888795309318	0.014416488688667333	0.3224489796	0.8648130232255645	.	.
col_ccp2_LN_bulk_2_1_1_top162.clonotypes.IGHG	col_ccp2_LN_PCsort_3_1_1_top162.clonotypes.IGHG	162	162	51	51	725	1622	292	521	0.9999999999999993	0.9999999999999992	0.4027586206896551	0.3212083847102343	0.030299140098623098	0.24345327448332496	0.0019433013	0.35967964354387094	0.3105815423027762	0.23302912286313074	0.1469454771342749	0.3855240481493153	0.08841542470329578	0.1868131868	0.461205591134446	.	.
col_ccp2_LN_bulk_2_1_1_top162.clonotypes.IGHG	col_ccp2_PBMC_bulk_1_1_1_top162.clonotypes.IGHG	162	162	39	39	725	1491	259	563	0.9999999999999993	1.0000000000000002	0.35724137931034483	0.37759892689470165	0.5138166551838954	0.24408918684039618	0.001486054	0.3672791329084315	0.3383951361284776	0.0982174033227997	0.06148840025082758	0.2354015813366028	0.046506227432597386	0.1368421053	0.7437905356968945	.	.
col_ccp2_LN_bulk_2_1_1_top162.clonotypes.IGHG	col_ccp2_PBMC_bulk_1_1_2_top162.clonotypes.IGHG	162	162	27	27	725	1568	188	414	0.9999999999999993	1.0000000000000002	0.2593103448275862	0.264030612244898	0.33315600093350645	0.25165508768342465	0.0010288066	0.26165983472108056	0.23672070677070975	0.1406857833600613	0.07451591474104778	0.3123778744857286	0.08235304313421979	0.0909090909	0.6689013916713821	.	.
col_ccp2_LN_bulk_2_1_1_top162.clonotypes.IGHG	col_ccp2_PBMC_PCsort_1_1_2_top162.clonotypes.IGHG	162	162	27	27	725	1390	194	302	0.9999999999999993	1.0000000000000004	0.2675862068965517	0.21726618705035972	0.22625704456970924	0.11892929861510125	0.0010288066	0.24111705638482414	0.21394251904593906	0.22230581869427285	0.12801465356488326	0.32458192400729574	0.059294035181805683	0.0909090909	0.5690847685505701	.	.
col_ccp2_LN_bulk_2_1_1_top162.clonotypes.IGHG	col_ccp2_tum_bulk_1_1_1_top162.clonotypes.IGHG	162	162	19	19	725	2811	169	768	0.9999999999999993	0.9999999999999999	0.23310344827586205	0.2732123799359658	-0.1926769095398359	-0.01686003919342306	7.23975E-4	0.25236233450086915	0.19680189074309482	0.20791760853838495	0.12393029397970064	0.3999470696778415	0.21576331151114939	0.062295082	0.4093118725413504	.	.
col_ccp2_LN_bulk_2_1_1_top162.clonotypes.IGHG	col_ccp2_tum_bulk_1_2_1_top162.clonotypes.IGHG	162	162	27	27	725	6444	164	2255	0.9999999999999993	1.0000000000000007	0.22620689655172413	0.3499379267535693	0.04555475470716154	0.21872913513446662	0.0010288066	0.2813509772449164	0.20177765461553795	0.3018249977071564	0.16281107749293258	0.46486950595226456	0.25066209989727467	0.0909090909	0.19491582828910592	.	.
col_ccp2_LN_bulk_2_1_1_top162.clonotypes.IGHG	col_ccp2_tum_bulk_1_3_1_top162.clonotypes.IGHG	162	162	35	35	725	2509	238	838	0.9999999999999993	1.0000000000000002	0.32827586206896553	0.3339976086090076	-0.03182251020117436	0.09182073040741782	0.0013336382	0.3311243767756988	0.2685259919064604	0.16592581018258887	0.08584275276731809	0.3209830180225838	0.11084824638191444	0.1211072664	0.3803308240637517	.	.
col_ccp2_LN_bulk_2_1_1_top162.clonotypes.IGHG	col_ccp2_tum_PCsort_1_1_1_top162.clonotypes.IGHG	162	162	15	15	725	1342	88	364	0.9999999999999993	1.0000000000000009	0.1213793103448276	0.27123695976154993	-0.06069195763726188	0.014441021375372202	5.715592E-4	0.18144573600910185	0.14800209216762472	0.23199981500655578	0.12811067055156192	0.5110516505950558	0.2188595887643435	0.0485436893	0.37200868754442573	.	.
col_ccp2_LN_bulk_2_1_1_top162.clonotypes.IGHG	col_ccp2_tum_PCsort_1_2_1_top162.clonotypes.IGHG	162	162	15	15	725	2966	97	1297	0.9999999999999993	0.9999999999999986	0.13379310344827583	0.4372892784895482	-0.027224192703260076	0.05068124427529872	5.715592E-4	0.241880734399774	0.15286775886973974	0.37165763184153533	0.1933365271609769	0.5501242061175086	0.282819059665308	0.0485436893	0.0732007204149681	.	.
col_ccp2_LN_bulk_2_1_1_top162.clonotypes.IGHG	col_ccp2_tum_PCsort_1_3_1_top162.clonotypes.IGHG	162	162	26	26	725	1383	157	420	0.9999999999999993	0.9999999999999988	0.21655172413793103	0.30368763557483736	-0.0739185355186625	0.1366744948145536	9.907026E-4	0.25644508395191107	0.21414231151294463	0.2543455004726255	0.1289304860534598	0.3935816859214488	0.16298047363611315	0.0872483221	0.42901355018185033	.	.
col_ccp2_LN_bulk_3_1_1_top162.clonotypes.IGHG	col_ccp2_LN_PCsort_1_1_1_top162.clonotypes.IGHG	162	162	33	33	4182	5161	1816	1835	1.000000000000001	1.0000000000000016	0.4342419894787183	0.3555512497577988	0.3447968136964228	-0.25529251653795004	0.0012574303	0.3929316506168359	0.3040362926159948	0.13755575225336283	0.07624494066622034	0.32830414677560793	0.09590786096766726	0.1134020619	0.4321585389123714	.	.
col_ccp2_LN_bulk_3_1_1_top162.clonotypes.IGHG	col_ccp2_LN_PCsort_2_1_1_top162.clonotypes.IGHG	162	162	36	36	4182	790	1720	243	1.000000000000001	1.0000000000000027	0.4112864658058345	0.3075949367088609	0.009120055178647191	0.06802706190973885	0.0013717421	0.35568192872109305	0.26172555566083244	0.1860308880169238	0.11220633785040322	0.37184386668232805	0.095024485108039	0.125	0.2248777146638181	.	.
col_ccp2_LN_bulk_3_1_1_top162.clonotypes.IGHG	col_ccp2_LN_PCsort_3_1_1_top162.clonotypes.IGHG	162	162	43	43	4182	1622	2062	488	1.000000000000001	0.9999999999999992	0.4930655188904829	0.30086313193588166	0.349867859721682	0.11716331018528243	0.0016384697	0.38515611933731664	0.3183086697731897	0.2596379613912553	0.18234827506016413	0.4128964538558987	0.13764622350019415	0.153024911	0.37318346127939517	.	.
col_ccp2_LN_bulk_3_1_1_top162.clonotypes.IGHG	col_ccp2_PBMC_bulk_1_1_1_top162.clonotypes.IGHG	162	162	17	17	4182	1491	712	332	1.000000000000001	1.0000000000000002	0.17025346724055476	0.22266934942991284	-0.14849910682244746	-0.22461644789102722	6.477671E-4	0.194705492446005	0.15283577845822618	0.15544547625047206	0.0966773075891081	0.35392512619775235	0.06299364482379814	0.0553745928	0.39540052733014036	.	.
col_ccp2_LN_bulk_3_1_1_top162.clonotypes.IGHG	col_ccp2_PBMC_bulk_1_1_2_top162.clonotypes.IGHG	162	162	13	13	4182	1568	484	229	1.000000000000001	1.0000000000000002	0.11573409851745577	0.14604591836734693	0.023371627102994702	0.24688147139496477	4.953513E-4	0.13000958697111084	0.1103359585710851	0.18937624705580153	0.09986516118304603	0.414095023677179	0.06893533999029465	0.0418006431	0.5364758441925798	.	.
col_ccp2_LN_bulk_3_1_1_top162.clonotypes.IGHG	col_ccp2_PBMC_PCsort_1_1_2_top162.clonotypes.IGHG	162	162	18	18	4182	1390	1047	243	1.000000000000001	1.0000000000000004	0.2503586800573888	0.1748201438848921	-0.030509808995099627	0.05309896392254633	6.858711E-4	0.20920741017101754	0.15430772509241417	0.24241845643511037	0.13818500921517596	0.42372883503696546	0.06487934715270788	0.0588235294	0.26035044923766165	.	.
col_ccp2_LN_bulk_3_1_1_top162.clonotypes.IGHG	col_ccp2_tum_bulk_1_1_1_top162.clonotypes.IGHG	162	162	35	35	4182	2811	1701	1354	1.000000000000001	0.9999999999999999	0.40674318507890955	0.4816791177516898	0.23789650378259064	0.1327669761951145	0.0013336382	0.44262817187829495	0.3363157800080276	0.19872277093584093	0.11920270884040797	0.3494691045026754	0.12834654386681316	0.1211072664	0.4271571971357843	.	.
col_ccp2_LN_bulk_3_1_1_top162.clonotypes.IGHG	col_ccp2_tum_bulk_1_2_1_top162.clonotypes.IGHG	162	162	41	41	4182	6444	1842	3682	1.000000000000001	1.0000000000000007	0.4404591104734577	0.5713842333954067	0.2975663454176191	0.3224074831218578	0.0015622619	0.5016686069308098	0.3815368675453231	0.24850489390853822	0.12836771459741778	0.3526731513244279	0.13750545180094292	0.1448763251	0.4182797269569466	.	.
col_ccp2_LN_bulk_3_1_1_top162.clonotypes.IGHG	col_ccp2_tum_bulk_1_3_1_top162.clonotypes.IGHG	162	162	46	46	4182	2509	2045	1081	1.000000000000001	1.0000000000000002	0.4890004782400765	0.43084894380231176	0.2766753952349179	0.27386699374999685	0.0017527816	0.45900472717452734	0.3783569998154497	0.13128163745575538	0.07335629189539865	0.2832708890684136	0.08982812151685578	0.1654676259	0.4155015595941986	.	.
col_ccp2_LN_bulk_3_1_1_top162.clonotypes.IGHG	col_ccp2_tum_PCsort_1_1_1_top162.clonotypes.IGHG	162	162	27	27	4182	1342	1525	581	1.000000000000001	1.0000000000000009	0.36465805834528925	0.43293591654247393	0.12442742549668023	0.2470895071700059	0.0010288066	0.397333072766812	0.2787062141861899	0.19420788097316055	0.11312791912250411	0.3890813306938421	0.1430677690089894	0.0909090909	0.34484191175361684	.	.
col_ccp2_LN_bulk_3_1_1_top162.clonotypes.IGHG	col_ccp2_tum_PCsort_1_2_1_top162.clonotypes.IGHG	162	162	29	29	4182	2966	1210	1861	1.000000000000001	0.9999999999999986	0.2893352462936394	0.6274443695212406	0.29700921101906747	0.4530852146635047	0.0011050145	0.42607718924038335	0.32730095865286474	0.300036146764789	0.157883166501935	0.44594364107564827	0.15996309202176318	0.0983050847	0.26612674725077734	.	.
col_ccp2_LN_bulk_3_1_1_top162.clonotypes.IGHG	col_ccp2_tum_PCsort_1_3_1_top162.clonotypes.IGHG	162	162	24	24	4182	1383	1479	416	1.000000000000001	0.9999999999999988	0.3536585365853658	0.30079537237888654	0.20799141435051388	0.1512642248815008	9.144947E-4	0.32615770910277003	0.25225370544939424	0.21827053994727877	0.12016933087692963	0.4066831641786964	0.10499872434777738	0.08	0.3768357672067478	.	.
col_ccp2_LN_PCsort_1_1_1_top162.clonotypes.IGHG	col_ccp2_LN_PCsort_2_1_1_top162.clonotypes.IGHG	162	162	26	26	5161	790	1238	225	1.0000000000000016	1.0000000000000027	0.23987599302460758	0.2848101265822786	-0.05464862015928333	0.06881919176693181	9.907026E-4	0.2613792492478855	0.21042701980642514	0.1997674950049646	0.10916884695045476	0.39678312110924197	0.07747509824229572	0.0872483221	0.4278818342515177	.	.
col_ccp2_LN_PCsort_1_1_1_top162.clonotypes.IGHG	col_ccp2_LN_PCsort_3_1_1_top162.clonotypes.IGHG	162	162	28	28	5161	1622	1317	273	1.0000000000000016	0.9999999999999992	0.2551831040496027	0.16831072749691736	0.2899415931302319	0.22233620110638003	0.0010669105	0.2072439477705204	0.17668204344311733	0.1803977761649746	0.12449859933402489	0.32290378919522816	0.12150524289795402	0.0945945946	0.5963497952978014	.	.
col_ccp2_LN_PCsort_1_1_1_top162.clonotypes.IGHG	col_ccp2_PBMC_bulk_1_1_1_top162.clonotypes.IGHG	162	162	12	12	5161	1491	419	164	1.0000000000000016	1.0000000000000002	0.0811858167021895	0.10999329309188463	0.08483920602915107	-0.010526380587337892	4.572474E-4	0.09449812342807634	0.08163994746321346	0.1481278304788915	0.08100290895201627	0.3453257960769364	0.05742529391725915	0.0384615385	0.5777604691101302	.	.
col_ccp2_LN_PCsort_1_1_1_top162.clonotypes.IGHG	col_ccp2_PBMC_bulk_1_1_2_top162.clonotypes.IGHG	162	162	10	10	5161	1568	266	136	1.0000000000000016	1.0000000000000002	0.051540399147452044	0.08673469387755102	0.5765559670365065	0.46200821319684904	3.810395E-4	0.0668606068053607	0.06235091336278426	0.15389657218511327	0.08014344396437122	0.3939791251941645	0.08299833541393477	0.0318471338	0.7853705961378199	.	.
col_ccp2_LN_PCsort_1_1_1_top162.clonotypes.IGHG	col_ccp2_PBMC_PCsort_1_1_2_top162.clonotypes.IGHG	162	162	9	9	5161	1390	363	99	1.0000000000000016	1.0000000000000004	0.07033520635535748	0.0712230215827338	-0.14808880947339928	-0.6302743551120135	3.429355E-4	0.07077772192062741	0.0564936736161884	0.16105044469885213	0.08624517380667412	0.36502906404841395	0.09351652471213631	0.0285714286	0.5020802657187151	.	.
col_ccp2_LN_PCsort_1_1_1_top162.clonotypes.IGHG	col_ccp2_tum_bulk_1_1_1_top162.clonotypes.IGHG	162	162	10	10	5161	2811	920	377	1.0000000000000016	0.9999999999999999	0.17826002712652586	0.13411597296335823	0.15576008372519426	0.28571560552963055	3.810395E-4	0.1546205580721679	0.14248333852028028	0.2866625525381573	0.16593185789763318	0.44498798290894614	0.1738186762308976	0.0318471338	0.7245993643334346	.	.
col_ccp2_LN_PCsort_1_1_1_top162.clonotypes.IGHG	col_ccp2_tum_bulk_1_2_1_top162.clonotypes.IGHG	162	162	13	13	5161	6444	767	820	1.0000000000000016	1.0000000000000007	0.1486146095717884	0.12725015518311605	0.3544187264638257	0.5730049291032651	4.953513E-4	0.1375181156447698	0.11561251280953407	0.39042326961151663	0.20266715296698187	0.5262342339738807	0.23901531288495145	0.0418006431	0.5845690412840734	.	.
col_ccp2_LN_PCsort_1_1_1_top162.clonotypes.IGHG	col_ccp2_tum_bulk_1_3_1_top162.clonotypes.IGHG	162	162	16	16	5161	2509	1011	286	1.0000000000000016	1.0000000000000002	0.19589226894012787	0.11398963730569948	0.31373707825616576	0.41242237114299657	6.096632E-4	0.14943121724551306	0.13629713574951885	0.21800847177396993	0.11247908267251598	0.3631935436396856	0.10525401001901938	0.0519480519	0.6454734895228964	.	.
col_ccp2_LN_PCsort_1_1_1_top162.clonotypes.IGHG	col_ccp2_tum_PCsort_1_1_1_top162.clonotypes.IGHG	162	162	10	10	5161	1342	799	215	1.0000000000000016	1.0000000000000009	0.1548149583414067	0.16020864381520125	0.09228183640480704	0.2127669402880228	3.810395E-4	0.15748871235165918	0.12604967438015402	0.26311885848760547	0.14823596574650197	0.4922003390308689	0.20432233702062708	0.0318471338	0.5119836218029284	.	.
col_ccp2_LN_PCsort_1_1_1_top162.clonotypes.IGHG	col_ccp2_tum_PCsort_1_2_1_top162.clonotypes.IGHG	162	162	9	9	5161	2966	546	251	1.0000000000000016	0.9999999999999986	0.1057934508816121	0.08462575859743762	0.39707571951967247	0.05020964452534315	3.429355E-4	0.0946195066331313	0.07652057683936081	0.38192315081424427	0.20067444843519427	0.5486115923525084	0.2501829451926289	0.0285714286	0.5823260041069283	.	.
col_ccp2_LN_PCsort_1_1_1_top162.clonotypes.IGHG	col_ccp2_tum_PCsort_1_3_1_top162.clonotypes.IGHG	162	162	18	18	5161	1383	887	156	1.0000000000000016	0.9999999999999988	0.17186591745785698	0.11279826464208245	0.7062992100199895	0.5150129913810368	6.858711E-4	0.13923425311454668	0.12981905495305837	0.29563342457944236	0.15491173650881623	0.4226348861089612	0.12365183906338838	0.0588235294	0.792803112093089	.	.
col_ccp2_LN_PCsort_2_1_1_top162.clonotypes.IGHG	col_ccp2_LN_PCsort_3_1_1_top162.clonotypes.IGHG	162	162	51	51	790	1622	350	459	1.0000000000000027	0.9999999999999992	0.44303797468354467	0.2829839704069051	0.0827644358330059	0.33998010906298337	0.0019433013	0.35407999818823904	0.3059124231812275	0.24048472701572488	0.1615668414492555	0.42379211508243414	0.11152637870894924	0.1868131868	0.44048863554363993	.	.
col_ccp2_LN_PCsort_2_1_1_top162.clonotypes.IGHG	col_ccp2_PBMC_bulk_1_1_1_top162.clonotypes.IGHG	162	162	36	36	790	1491	284	528	1.0000000000000027	1.0000000000000002	0.3594936708860762	0.35412474849094583	0.45165985617415816	0.2434132534964838	0.0013717421	0.3567991112469573	0.3199906098163186	0.12331349078599543	0.07111615555518568	0.236245328503253	0.04166223425918512	0.125	0.6895663646968168	.	.
col_ccp2_LN_PCsort_2_1_1_top162.clonotypes.IGHG	col_ccp2_PBMC_bulk_1_1_2_top162.clonotypes.IGHG	162	162	24	24	790	1568	213	371	1.0000000000000027	1.0000000000000002	0.26962025316455696	0.23660714285714285	0.24138241077513886	0.18074410821027664	9.144947E-4	0.2525748953433127	0.22278443637496856	0.11757862170870062	0.06801051489838841	0.27952140539207276	0.08325888574286268	0.08	0.6108457269881635	.	.
col_ccp2_LN_PCsort_2_1_1_top162.clonotypes.IGHG	col_ccp2_PBMC_PCsort_1_1_2_top162.clonotypes.IGHG	162	162	29	29	790	1390	249	380	1.0000000000000027	1.0000000000000004	0.31518987341772164	0.27338129496402874	0.2100548233686605	0.16869884918531225	0.0011050145	0.2935421873504472	0.25414336188201014	0.18532980269093782	0.10329941435398106	0.29316399664859977	0.07755598643537741	0.0983050847	0.5576583415104698	.	.
col_ccp2_LN_PCsort_2_1_1_top162.clonotypes.IGHG	col_ccp2_tum_bulk_1_1_1_top162.clonotypes.IGHG	162	162	18	18	790	2811	145	681	1.0000000000000027	0.9999999999999999	0.1835443037974684	0.2422625400213447	-0.18629336996832555	-0.2527457175788144	6.858711E-4	0.21086941277583157	0.1536000690482464	0.2945179896946538	0.17953889924008315	0.48353353936430055	0.237503040564878	0.0588235294	0.3000280845764014	.	.
col_ccp2_LN_PCsort_2_1_1_top162.clonotypes.IGHG	col_ccp2_tum_bulk_1_2_1_top162.clonotypes.IGHG	162	162	24	24	790	6444	133	1837	1.0000000000000027	1.0000000000000007	0.16835443037974693	0.28507138423339545	-0.056005261030560825	-0.055236083307104195	9.144947E-4	0.21907311681303862	0.1537451981684823	0.3950546603745389	0.21614796956753493	0.559340420930655	0.2842935627558718	0.08	0.23616166782488543	.	.
col_ccp2_LN_PCsort_2_1_1_top162.clonotypes.IGHG	col_ccp2_tum_bulk_1_3_1_top162.clonotypes.IGHG	162	162	34	34	790	2509	250	895	1.0000000000000027	1.0000000000000002	0.3164556962025317	0.35671582303706656	-0.1420585043012559	-0.12360217261950336	0.0012955342	0.33598326465116385	0.2558304852598169	0.20072063864829512	0.10623898794566676	0.36363820171425765	0.12638676175344704	0.1172413793	0.3106024296791873	.	.
col_ccp2_LN_PCsort_2_1_1_top162.clonotypes.IGHG	col_ccp2_tum_PCsort_1_1_1_top162.clonotypes.IGHG	162	162	19	19	790	1342	83	433	1.0000000000000027	1.0000000000000009	0.10506329113924051	0.3226527570789866	0.05102115100724269	-0.13282707355709705	7.23975E-4	0.1841167036253588	0.15247029078620336	0.26997224566627476	0.15753555973586522	0.5129465010851104	0.23449970672905315	0.062295082	0.2939088733406706	.	.
col_ccp2_LN_PCsort_2_1_1_top162.clonotypes.IGHG	col_ccp2_tum_PCsort_1_2_1_top162.clonotypes.IGHG	162	162	14	14	790	2966	103	567	1.0000000000000027	0.9999999999999986	0.13037974683544304	0.1911665542818611	-0.1455377809752495	-0.3471050672503118	5.334553E-4	0.15787414908930794	0.10384768568222104	0.4621474754473846	0.24043992435468273	0.644295300827857	0.33061725261855396	0.0451612903	0.26611492760641037	.	.
col_ccp2_LN_PCsort_2_1_1_top162.clonotypes.IGHG	col_ccp2_tum_PCsort_1_3_1_top162.clonotypes.IGHG	162	162	20	20	790	1383	149	318	1.0000000000000027	0.9999999999999988	0.18860759493670887	0.22993492407809113	-0.2760247585824388	-0.24438961571428708	7.62079E-4	0.208248584682642	0.1698831933545942	0.3116443498824325	0.16350794826157794	0.48467574080477605	0.18818417355466513	0.0657894737	0.47691768477750074	.	.
col_ccp2_LN_PCsort_3_1_1_top162.clonotypes.IGHG	col_ccp2_PBMC_bulk_1_1_1_top162.clonotypes.IGHG	162	162	25	25	1622	1491	262	398	0.9999999999999992	1.0000000000000002	0.1615289765721332	0.2669349429912811	-0.16968039142970942	0.04604550140640992	9.525987E-4	0.20764808728404496	0.16234050736562539	0.18732374935903082	0.1390483349572212	0.38745919304248877	0.11053086441571036	0.0836120401	0.2891983790966692	.	.
col_ccp2_LN_PCsort_3_1_1_top162.clonotypes.IGHG	col_ccp2_PBMC_bulk_1_1_2_top162.clonotypes.IGHG	162	162	20	20	1622	1568	199	352	0.9999999999999992	1.0000000000000002	0.12268803945745992	0.22448979591836735	-0.10433208428201136	-0.07774856674038849	7.62079E-4	0.16595846751350102	0.14221687993545118	0.1945695706010027	0.12590016567645493	0.4118508865188078	0.12186924124070064	0.0657894737	0.4962418031277366	.	.
col_ccp2_LN_PCsort_3_1_1_top162.clonotypes.IGHG	col_ccp2_PBMC_PCsort_1_1_2_top162.clonotypes.IGHG	162	162	22	22	1622	1390	180	308	0.9999999999999992	1.0000000000000004	0.11097410604192355	0.22158273381294966	-0.12609386578831927	0.06054549528819639	8.382868E-4	0.15681181651654186	0.13401895338649356	0.23612938495915203	0.1767214840724778	0.4168262355881082	0.1047158519553467	0.0728476821	0.3588239242134207	.	.
col_ccp2_LN_PCsort_3_1_1_top162.clonotypes.IGHG	col_ccp2_tum_bulk_1_1_1_top162.clonotypes.IGHG	162	162	26	26	1622	2811	361	1094	0.9999999999999992	0.9999999999999999	0.22256473489519119	0.3891853432942014	0.38984579207441167	0.6440234081726021	9.907026E-4	0.2943109456941211	0.2693231844068293	0.20973569604726372	0.1289435431060839	0.41028082241221103	0.19211914525529625	0.0872483221	0.6214791588878489	.	.
col_ccp2_LN_PCsort_3_1_1_top162.clonotypes.IGHG	col_ccp2_tum_bulk_1_2_1_top162.clonotypes.IGHG	162	162	30	30	1622	6444	407	2568	0.9999999999999992	1.0000000000000007	0.2509247842170161	0.39851024208566116	0.8453792231343529	0.4036121992324206	0.0011431184	0.31622159398689925	0.28663930932978837	0.2824629944090686	0.17969412117955327	0.44229794732086597	0.21932934560276282	0.1020408163	0.5557897539513484	.	.
col_ccp2_LN_PCsort_3_1_1_top162.clonotypes.IGHG	col_ccp2_tum_bulk_1_3_1_top162.clonotypes.IGHG	162	162	35	35	1622	2509	446	728	0.9999999999999992	1.0000000000000002	0.2749691738594328	0.29015544041450775	0.6628842710041876	0.24342858859250885	0.0013336382	0.2824602657748468	0.2595696979718362	0.20805001967844533	0.13372699355404186	0.3695121817215081	0.16302096566351362	0.1211072664	0.8180166814666946	.	.
col_ccp2_LN_PCsort_3_1_1_top162.clonotypes.IGHG	col_ccp2_tum_PCsort_1_1_1_top162.clonotypes.IGHG	162	162	21	21	1622	1342	339	508	0.9999999999999992	1.0000000000000009	0.2090012330456227	0.3785394932935917	-0.005355603815521542	0.2693667556647978	8.001829E-4	0.28127428047161707	0.23032961605804408	0.2376786992605441	0.13789147148746594	0.5049253310334987	0.18617906517216906	0.0693069307	0.42289617070118507	.	.
col_ccp2_LN_PCsort_3_1_1_top162.clonotypes.IGHG	col_ccp2_tum_PCsort_1_2_1_top162.clonotypes.IGHG	162	162	23	23	1622	2966	344	1555	0.9999999999999992	0.9999999999999986	0.21208384710234282	0.5242751180040458	0.8014359222506615	0.2572366818933618	8.763908E-4	0.3334520714680489	0.27847944955333254	0.31108332341523887	0.20690727372027118	0.48312231055125326	0.2199468248725794	0.0764119601	0.3010007824672288	.	.
col_ccp2_LN_PCsort_3_1_1_top162.clonotypes.IGHG	col_ccp2_tum_PCsort_1_3_1_top162.clonotypes.IGHG	162	162	26	26	1622	1383	398	422	0.9999999999999992	0.9999999999999988	0.2453760789149199	0.30513376717281276	0.5491281949596505	0.2155062070384633	9.907026E-4	0.27362844759528	0.24538338961051132	0.2245192052597131	0.1353526930111635	0.36963621890799714	0.15416041320167875	0.0872483221	0.7497695833082326	.	.
col_ccp2_PBMC_bulk_1_1_1_top162.clonotypes.IGHG	col_ccp2_PBMC_bulk_1_1_2_top162.clonotypes.IGHG	162	162	43	43	1491	1568	620	612	1.0000000000000002	1.0000000000000002	0.4158283031522469	0.3903061224489796	0.6619656198295181	0.41012290195227724	0.0016384697	0.4028651543728897	0.3811797557686488	0.06677802901411078	0.04578032781067594	0.21039049236601853	0.030785716481260297	0.153024911	0.8181050749577993	.	.
col_ccp2_PBMC_bulk_1_1_1_top162.clonotypes.IGHG	col_ccp2_PBMC_PCsort_1_1_2_top162.clonotypes.IGHG	162	162	35	35	1491	1390	552	511	1.0000000000000002	1.0000000000000004	0.37022132796780693	0.36762589928057543	0.6433263295440952	0.33635346221304707	0.0013336382	0.3689213312171226	0.3437894219298225	0.13160102637410914	0.07135822006713503	0.25230516311637	0.04789875971032232	0.1211072664	0.8144898292222674	.	.
col_ccp2_PBMC_bulk_1_1_1_top162.clonotypes.IGHG	col_ccp2_tum_bulk_1_1_1_top162.clonotypes.IGHG	162	162	9	9	1491	2811	179	153	1.0000000000000002	0.9999999999999999	0.12005365526492287	0.05442902881536819	-0.28108518419991996	-0.2109723421574283	3.429355E-4	0.08083565959281068	0.058538715970832385	0.18216474152951656	0.12100330271777958	0.38185535478643423	0.15603415660612693	0.0285714286	0.2017359499445469	.	.
col_ccp2_PBMC_bulk_1_1_1_top162.clonotypes.IGHG	col_ccp2_tum_bulk_1_2_1_top162.clonotypes.IGHG	162	162	13	13	1491	6444	221	1279	1.0000000000000002	1.0000000000000007	0.1482226693494299	0.19847920546244568	-0.14671363942772164	-0.09655181598274648	4.953513E-4	0.17152002111706274	0.09059465115053748	0.25020674012421	0.13820970484307776	0.4169878680381912	0.17857484273734736	0.0418006431	0.07811923313432276	.	.
col_ccp2_PBMC_bulk_1_1_1_top162.clonotypes.IGHG	col_ccp2_tum_bulk_1_3_1_top162.clonotypes.IGHG	162	162	23	23	1491	2509	353	445	1.0000000000000002	1.0000000000000002	0.23675385647216637	0.17736149860502196	0.062081623895892446	-0.08648797473052224	8.763908E-4	0.20491710222531867	0.16641650795462598	0.131421271398327	0.07323630190320304	0.2881294358124662	0.0602759087722898	0.0764119601	0.41862912336120617	.	.
col_ccp2_PBMC_bulk_1_1_1_top162.clonotypes.IGHG	col_ccp2_tum_PCsort_1_1_1_top162.clonotypes.IGHG	162	162	10	10	1491	1342	68	116	1.0000000000000002	1.0000000000000009	0.045606975184439964	0.08643815201192251	-0.2756889789477463	-0.1195181313819297	3.810395E-4	0.06278680318185183	0.05640289204063594	0.1728387572278328	0.11418387786307439	0.47996528523599646	0.1512986664539904	0.0318471338	0.4958572253045309	.	.
col_ccp2_PBMC_bulk_1_1_1_top162.clonotypes.IGHG	col_ccp2_tum_PCsort_1_2_1_top162.clonotypes.IGHG	162	162	10	10	1491	2966	201	1012	1.0000000000000002	0.9999999999999986	0.13480885311871227	0.3412002697235334	-0.22023858430997384	-0.3292323277306839	3.810395E-4	0.21446868546532574	0.08255660254413547	0.30004924745762757	0.15827603312697797	0.48314270307591584	0.2289470394710367	0.0318471338	0.026042283513009894	.	.
col_ccp2_PBMC_bulk_1_1_1_top162.clonotypes.IGHG	col_ccp2_tum_PCsort_1_3_1_top162.clonotypes.IGHG	162	162	12	12	1491	1383	193	156	1.0000000000000002	0.9999999999999988	0.12944332662642521	0.11279826464208244	-0.16562842215377538	-0.541762040322682	4.572474E-4	0.12083452574888945	0.08790545283582597	0.19833331192008968	0.11299270948559716	0.3643344351784703	0.12358576958557277	0.0384615385	0.25374576669720594	.	.
col_ccp2_PBMC_bulk_1_1_2_top162.clonotypes.IGHG	col_ccp2_PBMC_PCsort_1_1_2_top162.clonotypes.IGHG	162	162	32	32	1568	1390	517	492	1.0000000000000002	1.0000000000000004	0.32971938775510207	0.35395683453237403	0.4850718407299239	0.030464852118753005	0.0012193263	0.34162322926544136	0.3134964501807711	0.1363905544460465	0.08293596802016416	0.29079132387359724	0.06638077246604356	0.1095890411	0.7535117920621819	.	.
col_ccp2_PBMC_bulk_1_1_2_top162.clonotypes.IGHG	col_ccp2_tum_bulk_1_1_1_top162.clonotypes.IGHG	162	162	13	13	1568	2811	180	292	1.0000000000000002	0.9999999999999999	0.11479591836734693	0.10387762362148702	-0.027773177892811998	0.4210542470325381	4.953513E-4	0.10920039927329117	0.08851827955652537	0.2312861799390848	0.1288831012257243	0.4154908910416243	0.11104001851665475	0.0418006431	0.42179232534115635	.	.
col_ccp2_PBMC_bulk_1_1_2_top162.clonotypes.IGHG	col_ccp2_tum_bulk_1_2_1_top162.clonotypes.IGHG	162	162	18	18	1568	6444	223	630	1.0000000000000002	1.0000000000000007	0.14221938775510204	0.0977653631284916	0.16604938092133992	0.04264217269110713	6.858711E-4	0.11791577539832956	0.10308700343185263	0.3147300026579512	0.16128695955790226	0.47035711869888214	0.12740888944455842	0.0588235294	0.5608090035202321	.	.
col_ccp2_PBMC_bulk_1_1_2_top162.clonotypes.IGHG	col_ccp2_tum_bulk_1_3_1_top162.clonotypes.IGHG	162	162	21	21	1568	2509	304	344	1.0000000000000002	1.0000000000000002	0.19387755102040813	0.13710641689916303	0.35412649846871647	-0.05926673903130523	8.001829E-4	0.16303943184884087	0.1491725873193278	0.1590473764879665	0.08087793239336184	0.351586020868647	0.04954593123301273	0.0693069307	0.7119765851810642	.	.
col_ccp2_PBMC_bulk_1_1_2_top162.clonotypes.IGHG	col_ccp2_tum_PCsort_1_1_1_top162.clonotypes.IGHG	162	162	8	8	1568	1342	82	96	1.0000000000000002	1.0000000000000009	0.052295918367346934	0.07153502235469449	-0.27218419594235216	-0.0981761387347629	3.048316E-4	0.06116363044708383	0.04796051048776738	0.2067234528950837	0.1112145110584484	0.4476219029397877	0.11361329674263246	0.0253164557	0.38800565175162927	.	.
col_ccp2_PBMC_bulk_1_1_2_top162.clonotypes.IGHG	col_ccp2_tum_PCsort_1_2_1_top162.clonotypes.IGHG	162	162	9	9	1568	2966	133	97	1.0000000000000002	0.9999999999999986	0.08482142857142855	0.03270397842211733	0.271913890825972	0.21610169491525438	3.429355E-4	0.05266875895379694	0.048252668246518665	0.35110950389124734	0.1824654282878454	0.5401438603681135	0.1827702733032682	0.0285714286	0.4029194508801676	.	.
col_ccp2_PBMC_bulk_1_1_2_top162.clonotypes.IGHG	col_ccp2_tum_PCsort_1_3_1_top162.clonotypes.IGHG	162	162	15	15	1568	1383	213	125	1.0000000000000002	0.9999999999999988	0.13584183673469388	0.0903832248734635	-0.11978906129730271	-0.076503874472895	5.715592E-4	0.1108053395681641	0.09467456763079461	0.23189416500027674	0.11748018522431121	0.4100650783725425	0.09609051841224506	0.0485436893	0.472505510138925	.	.
col_ccp2_PBMC_PCsort_1_1_2_top162.clonotypes.IGHG	col_ccp2_tum_bulk_1_1_1_top162.clonotypes.IGHG	162	162	11	11	1390	2811	125	206	1.0000000000000004	0.9999999999999999	0.08992805755395684	0.07328352899324084	-0.14722400097483412	0.08179803072242693	4.191434E-4	0.08118032651487199	0.06534573426735381	0.2845645173002522	0.1867086340640048	0.46535395227593024	0.13884051553143745	0.03514377	0.35171183522214255	.	.
col_ccp2_PBMC_PCsort_1_1_2_top162.clonotypes.IGHG	col_ccp2_tum_bulk_1_2_1_top162.clonotypes.IGHG	162	162	14	14	1390	6444	159	406	1.0000000000000004	1.0000000000000007	0.11438848920863308	0.06300434512725016	0.18115081440017905	0.22441465076350792	5.334553E-4	0.08489388583805932	0.072591373576517	0.40054891592283676	0.21980945034884816	0.5080823270028502	0.18883381508367966	0.0451612903	0.4335258783368167	.	.
col_ccp2_PBMC_PCsort_1_1_2_top162.clonotypes.IGHG	col_ccp2_tum_bulk_1_3_1_top162.clonotypes.IGHG	162	162	20	20	1390	2509	277	312	1.0000000000000004	1.0000000000000002	0.19928057553956835	0.12435233160621759	0.2774829543539022	-0.25562987435231327	7.62079E-4	0.1574198342400801	0.13660388851442687	0.22341542558756414	0.12411267108705802	0.36270232835326344	0.09652521206950955	0.0657894737	0.5272107611220721	.	.
col_ccp2_PBMC_PCsort_1_1_2_top162.clonotypes.IGHG	col_ccp2_tum_PCsort_1_1_1_top162.clonotypes.IGHG	162	162	9	9	1390	1342	83	93	1.0000000000000004	1.0000000000000009	0.05971223021582733	0.06929955290611028	-0.24074856522995972	0.19218555339901833	3.429355E-4	0.06432752798750752	0.05235094173176821	0.23992240274750107	0.15718753832418353	0.4834339824909347	0.13456504472027442	0.0285714286	0.403551244560673	.	.
col_ccp2_PBMC_PCsort_1_1_2_top162.clonotypes.IGHG	col_ccp2_tum_PCsort_1_2_1_top162.clonotypes.IGHG	162	162	6	6	1390	2966	131	54	1.0000000000000004	0.9999999999999986	0.09424460431654677	0.018206338503034387	0.3703246107150784	0.08571428571428616	2.286237E-4	0.04142280975829122	0.03724587825548052	0.3956992426179467	0.21219462708669248	0.5418583164694388	0.23685599758647452	0.0188679245	0.25098240663877874	.	.
col_ccp2_PBMC_PCsort_1_1_2_top162.clonotypes.IGHG	col_ccp2_tum_PCsort_1_3_1_top162.clonotypes.IGHG	162	162	10	10	1390	1383	164	101	1.0000000000000004	0.9999999999999988	0.11798561151079136	0.0730296456977585	-0.11432127315124375	0.16819650514312473	3.810395E-4	0.0928248210667086	0.07760507065443864	0.27820534048410106	0.15892969198685963	0.4282946240360008	0.1384450047508989	0.0318471338	0.4288775920064568	.	.
col_ccp2_tum_bulk_1_1_1_top162.clonotypes.IGHG	col_ccp2_tum_bulk_1_2_1_top162.clonotypes.IGHG	162	162	56	56	2811	6444	1836	4238	0.9999999999999999	1.0000000000000007	0.6531483457844185	0.6576660459342024	0.29811950884054716	0.3765152982699195	0.0021338211	0.6554033033030149	0.540202390390462	0.07335674600243504	0.045286141654099055	0.22430543265661118	0.07442997166854678	0.2089552239	0.4603327165038056	.	.
col_ccp2_tum_bulk_1_1_1_top162.clonotypes.IGHG	col_ccp2_tum_bulk_1_3_1_top162.clonotypes.IGHG	162	162	40	40	2811	2509	1310	1143	0.9999999999999999	1.0000000000000002	0.46602632515119174	0.4555599840573934	0.5047559479342845	0.4554471034658334	0.0015241579	0.4607634374125214	0.4208149669590797	0.1043337378636258	0.06512496036795794	0.25351789168212896	0.0635512645202372	0.1408450704	0.7236986882212426	.	.
col_ccp2_tum_bulk_1_1_1_top162.clonotypes.IGHG	col_ccp2_tum_PCsort_1_1_1_top162.clonotypes.IGHG	162	162	53	53	2811	1342	1805	823	0.9999999999999999	1.0000000000000009	0.642120241906795	0.6132637853949333	0.7668509160905813	0.5246286732465513	0.0020195092	0.627526166968734	0.5850411604478977	0.06737337842964171	0.03666024324995213	0.2104324262852712	0.018324344761583778	0.1955719557	0.8400777228937742	.	.
col_ccp2_tum_bulk_1_1_1_top162.clonotypes.IGHG	col_ccp2_tum_PCsort_1_2_1_top162.clonotypes.IGHG	162	162	40	40	2811	2966	1328	1992	0.9999999999999999	0.9999999999999986	0.47242974030594087	0.6716115981119353	0.22909858801381988	0.2898414498716879	0.0015241579	0.5632843801158341	0.42539596292221016	0.10781180069286389	0.0725299734504751	0.3181825184508111	0.12123429619983002	0.1408450704	0.2243918196404433	.	.
col_ccp2_tum_bulk_1_1_1_top162.clonotypes.IGHG	col_ccp2_tum_PCsort_1_3_1_top162.clonotypes.IGHG	162	162	33	33	2811	1383	1153	468	0.9999999999999999	0.9999999999999988	0.41017431519032377	0.33839479392624733	0.46613416475721947	0.5876184904493212	0.0012574303	0.3725598648038584	0.3379897199742777	0.1618715414002567	0.0924355287399585	0.2953927848369539	0.062304183115907685	0.1134020619	0.7017829685759535	.	.
col_ccp2_tum_bulk_1_2_1_top162.clonotypes.IGHG	col_ccp2_tum_bulk_1_3_1_top162.clonotypes.IGHG	162	162	50	50	6444	2509	4144	1285	1.0000000000000007	1.0000000000000002	0.6430788330229671	0.5121562375448386	0.726447122313213	0.5371125505246637	0.0019051974	0.5738961888406023	0.5232063051846607	0.12323045480382397	0.06589463678297766	0.19911687109457177	0.07710385387339518	0.1824817518	0.6726993157038341	.	.
col_ccp2_tum_bulk_1_2_1_top162.clonotypes.IGHG	col_ccp2_tum_PCsort_1_1_1_top162.clonotypes.IGHG	162	162	48	48	6444	1342	3849	806	1.0000000000000007	1.0000000000000009	0.5972998137802606	0.6005961251862892	0.056080892708831855	0.3269756370297444	0.0018289895	0.5989457018218902	0.4385096870211981	0.10741563198131161	0.0629257671107897	0.30571415184351114	0.07590654881839377	0.1739130435	0.28925471591805024	.	.
col_ccp2_tum_bulk_1_2_1_top162.clonotypes.IGHG	col_ccp2_tum_PCsort_1_2_1_top162.clonotypes.IGHG	162	162	67	67	6444	2966	5079	2437	1.0000000000000007	0.9999999999999986	0.7881750465549351	0.8216453135536074	0.9170944739786209	0.4511622410252851	0.0025529645	0.8047361886119939	0.7565631901720656	0.054028542081085276	0.0320218208401484	0.13852715180532135	0.031049463801916338	0.2607003891	0.8234448071396491	.	.
col_ccp2_tum_bulk_1_2_1_top162.clonotypes.IGHG	col_ccp2_tum_PCsort_1_3_1_top162.clonotypes.IGHG	162	162	34	34	6444	1383	3799	534	1.0000000000000007	0.9999999999999988	0.5895406579764121	0.38611713665943603	0.6054834062302161	0.46638175123672937	0.0012955342	0.4771076930863431	0.4026913431212689	0.13227189934175326	0.07286313799261894	0.24698659720207086	0.05647855117621801	0.1172413793	0.5574930732352747	.	.
col_ccp2_tum_bulk_1_3_1_top162.clonotypes.IGHG	col_ccp2_tum_PCsort_1_1_1_top162.clonotypes.IGHG	162	162	37	37	2509	1342	1119	590	1.0000000000000002	1.0000000000000009	0.4459944200876844	0.4396423248882265	0.20843242159598288	0.29048561589881255	0.0014098461	0.44280698248167444	0.37599736507507525	0.08356779300716548	0.05026637667935451	0.30448907881513637	0.06290490745558756	0.1289198606	0.536788454767104	.	.
col_ccp2_tum_bulk_1_3_1_top162.clonotypes.IGHG	col_ccp2_tum_PCsort_1_2_1_top162.clonotypes.IGHG	162	162	39	39	2509	2966	1065	2054	1.0000000000000002	0.9999999999999986	0.4244719011558389	0.6925151719487523	0.5599929107349404	0.5925738721509274	0.001486054	0.5421745398083071	0.4602081798792559	0.18147339996956682	0.09473816152904761	0.2926675107739274	0.13486018703497105	0.1368421053	0.3762895860152266	.	.
col_ccp2_tum_bulk_1_3_1_top162.clonotypes.IGHG	col_ccp2_tum_PCsort_1_3_1_top162.clonotypes.IGHG	162	162	53	53	2509	1383	1464	839	1.0000000000000002	0.9999999999999988	0.5834994021522518	0.6066522053506869	0.5358555123890473	0.46278112177990377	0.0020195092	0.5949631914131083	0.5469922282022097	0.09377786803284337	0.04864956040815325	0.1891765414300282	0.0521704864066282	0.1955719557	0.7496629351546492	.	.
col_ccp2_tum_PCsort_1_1_1_top162.clonotypes.IGHG	col_ccp2_tum_PCsort_1_2_1_top162.clonotypes.IGHG	162	162	32	32	1342	2966	464	1860	1.0000000000000009	0.9999999999999986	0.34575260804769004	0.6271072151045176	0.06660818083518226	0.22261063894475783	0.0012193263	0.46564359240508263	0.32298073795187593	0.13982944072838316	0.08698104073418497	0.43013861537353687	0.1434974098124346	0.1095890411	0.13959362277245213	.	.
col_ccp2_tum_PCsort_1_1_1_top162.clonotypes.IGHG	col_ccp2_tum_PCsort_1_3_1_top162.clonotypes.IGHG	162	162	33	33	1342	1383	497	518	1.0000000000000009	0.9999999999999988	0.3703427719821163	0.37454808387563265	0.296358260578946	0.3546575309546488	0.0012574303	0.3724394925663657	0.3288997195533387	0.1469416970881083	0.07953174757350885	0.37886331198487194	0.0744277445200094	0.1134020619	0.6528679777525026	.	.
col_ccp2_tum_PCsort_1_2_1_top162.clonotypes.IGHG	col_ccp2_tum_PCsort_1_3_1_top162.clonotypes.IGHG	162	162	29	29	2966	1383	1982	498	0.9999999999999986	0.9999999999999988	0.6682400539447065	0.3600867678958786	0.6195885722523901	0.3557815265062037	0.0011050145	0.4905348114084432	0.4003174458741901	0.1887999789561511	0.10228489320230487	0.30366028424951574	0.07785692457633907	0.0983050847	0.35299894124804987	.	.
