1_sample_id	2_sample_id	div1	div2	div12	div21	count1	count2	count12	count21	freq1	freq2	freq12	freq21	R	Rs	D	F	F2	vJSD	vjJSD	vj2JSD	sJSD	Jaccard	MorisitaHorn	1_metadata_blank	2_metadata_blank
col_ccp2_LN_bulk_1_1_1_top30.clonotypes.IGHM	col_ccp2_LN_bulk_2_1_1_top30.clonotypes.IGHM	30	30	2	2	448	107	71	23	1.0000000000000002	1.0	0.15848214285714285	0.21495327102803738	0.0	0.0	0.0022222222	0.18457046081828904	0.18338234507429887	0.515811496542373	0.28437923754848793	0.6358711929245142	0.21083001251606562	0.0344827586	0.9210089010231656	.	.
col_ccp2_LN_bulk_1_1_1_top30.clonotypes.IGHM	col_ccp2_LN_bulk_3_1_1_top30.clonotypes.IGHM	30	30	2	2	448	1411	105	202	1.0000000000000002	1.0	0.234375	0.14316087880935507	0.0	0.0	0.0022222222	0.18317568335055445	0.1806590232504366	0.4275514774385983	0.22408423291547871	0.5580414297567347	0.15988469255731222	0.0344827586	0.8634021816323633	.	.
col_ccp2_LN_bulk_1_1_1_top30.clonotypes.IGHM	col_ccp2_LN_PCsort_2_1_1_top30.clonotypes.IGHM	30	30	3	3	448	215	124	57	1.0000000000000002	0.9999999999999996	0.2767857142857143	0.2651162790697674	0.6848498954077964	0.5	0.0033333333	0.2708881663548564	0.25768015107251135	0.4192200540763903	0.23538818070240658	0.6038777372839789	0.11839949855239838	0.0526315789	0.8600501804444544	.	.
col_ccp2_LN_bulk_1_1_1_top30.clonotypes.IGHM	col_ccp2_LN_PCsort_3_1_1_top30.clonotypes.IGHM	30	30	7	7	448	965	181	407	1.0000000000000002	0.9999999999999998	0.4040178571428572	0.42176165803108806	0.9676464658384427	0.8214285714285715	0.0077777778	0.4127944298349225	0.41093743289173873	0.33919412904591417	0.2127332083227006	0.4414708319778477	0.14326655903739255	0.1320754717	0.9849011285609164	.	.
col_ccp2_LN_bulk_1_1_1_top30.clonotypes.IGHM	col_ccp2_PBMC_bulk_1_1_1_top30.clonotypes.IGHM	30	30	0	0	448	718	0	0	1.0000000000000002	1.0	0.0	0.0	0.0	0.0	0.0	0.0	0.0	0.44496834091821236	0.24035090261617703	0.6538257695319125	0.30692253642802364	0.0	NaN	.	.
col_ccp2_LN_bulk_1_1_1_top30.clonotypes.IGHM	col_ccp2_PBMC_bulk_1_1_2_top30.clonotypes.IGHM	30	30	0	0	448	657	0	0	1.0000000000000002	0.9999999999999994	0.0	0.0	0.0	0.0	0.0	0.0	0.0	0.5089724739763009	0.2704997403285476	0.6831397031998073	0.25494074919341586	0.0	NaN	.	.
col_ccp2_LN_bulk_1_1_1_top30.clonotypes.IGHM	col_ccp2_PBMC_PCsort_1_1_2_top30.clonotypes.IGHM	30	30	0	0	448	1447	0	0	1.0000000000000002	0.9999999999999999	0.0	0.0	0.0	0.0	0.0	0.0	0.0	0.4654462505539576	0.2870563157291225	0.6750491782348825	0.32641225980615796	0.0	NaN	.	.
col_ccp2_LN_bulk_1_1_1_top30.clonotypes.IGHM	col_ccp2_tum_bulk_1_1_1_top30.clonotypes.IGHM	30	30	0	0	448	2923	0	0	1.0000000000000002	1.0	0.0	0.0	0.0	0.0	0.0	0.0	0.0	0.6156742470863075	0.3536987651430037	0.7276621600999299	0.30800765906528843	0.0	NaN	.	.
col_ccp2_LN_bulk_1_1_1_top30.clonotypes.IGHM	col_ccp2_tum_bulk_1_2_1_top30.clonotypes.IGHM	30	30	0	0	448	2725	0	0	1.0000000000000002	0.9999999999999998	0.0	0.0	0.0	0.0	0.0	0.0	0.0	0.5837814518989477	0.3374647413062081	0.7312184233680737	0.3987997675379417	0.0	NaN	.	.
col_ccp2_LN_bulk_1_1_1_top30.clonotypes.IGHM	col_ccp2_tum_bulk_1_3_1_top30.clonotypes.IGHM	30	30	0	0	448	1268	0	0	1.0000000000000002	0.9999999999999991	0.0	0.0	0.0	0.0	0.0	0.0	0.0	0.4582682598764144	0.23692540772308932	0.7001510147017547	0.21879891135376314	0.0	NaN	.	.
col_ccp2_LN_bulk_1_1_1_top30.clonotypes.IGHM	col_ccp2_tum_PCsort_1_1_1_top30.clonotypes.IGHM	30	30	0	0	448	3571	0	0	1.0000000000000002	1.0000000000000002	0.0	0.0	0.0	0.0	0.0	0.0	0.0	0.6852353591330935	0.3557889504055994	0.7723945723307463	0.3052950351850934	0.0	NaN	.	.
col_ccp2_LN_bulk_1_1_1_top30.clonotypes.IGHM	col_ccp2_tum_PCsort_1_2_1_top30.clonotypes.IGHM	30	30	0	0	448	6423	0	0	1.0000000000000002	1.0000000000000002	0.0	0.0	0.0	0.0	0.0	0.0	0.0	0.6542392834360355	0.3682626609434496	0.7517198210937724	0.3030181587912096	0.0	NaN	.	.
col_ccp2_LN_bulk_1_1_1_top30.clonotypes.IGHM	col_ccp2_tum_PCsort_1_3_1_top30.clonotypes.IGHM	30	30	0	0	448	4027	0	0	1.0000000000000002	1.0	0.0	0.0	0.0	0.0	0.0	0.0	0.0	0.6027048164252573	0.3240922893094916	0.777864830136048	0.18958688157480524	0.0	NaN	.	.
col_ccp2_LN_bulk_2_1_1_top30.clonotypes.IGHM	col_ccp2_LN_bulk_3_1_1_top30.clonotypes.IGHM	30	30	2	2	107	1411	25	198	1.0	1.0	0.2336448598130841	0.1403260099220411	0.0	0.0	0.0022222222	0.18107029274943126	0.1801990092163267	0.4112523000449752	0.231051367906306	0.5760650651308543	0.23072589784374414	0.0344827586	0.8458744868570464	.	.
col_ccp2_LN_bulk_2_1_1_top30.clonotypes.IGHM	col_ccp2_LN_PCsort_2_1_1_top30.clonotypes.IGHM	30	30	7	7	107	215	48	92	1.0	0.9999999999999996	0.4485981308411215	0.42790697674418604	0.9030105086987619	0.5637295497763136	0.0077777778	0.43813042571969035	0.42616044388497726	0.1685419689029137	0.08524191902660926	0.3969879700687926	0.08410442804930723	0.1320754717	0.9571674659023944	.	.
col_ccp2_LN_bulk_2_1_1_top30.clonotypes.IGHM	col_ccp2_LN_PCsort_3_1_1_top30.clonotypes.IGHM	30	30	2	2	107	965	23	185	1.0	0.9999999999999998	0.21495327102803738	0.19170984455958548	0.0	0.0	0.0022222222	0.20299915806810503	0.20225611203151284	0.4908728414180291	0.29118411875837263	0.5988359545892578	0.20693790486125865	0.0344827586	0.9796744025726275	.	.
col_ccp2_LN_bulk_2_1_1_top30.clonotypes.IGHM	col_ccp2_PBMC_bulk_1_1_1_top30.clonotypes.IGHM	30	30	0	0	107	718	0	0	1.0	1.0	0.0	0.0	0.0	0.0	0.0	0.0	0.0	0.4165716127399937	0.21419935898016698	0.7962867711758652	0.34770324616650977	0.0	NaN	.	.
col_ccp2_LN_bulk_2_1_1_top30.clonotypes.IGHM	col_ccp2_PBMC_bulk_1_1_2_top30.clonotypes.IGHM	30	30	0	0	107	657	0	0	1.0	0.9999999999999994	0.0	0.0	0.0	0.0	0.0	0.0	0.0	0.4349231453822639	0.2574239500240137	0.7141177333654383	0.2807214418109848	0.0	NaN	.	.
col_ccp2_LN_bulk_2_1_1_top30.clonotypes.IGHM	col_ccp2_PBMC_PCsort_1_1_2_top30.clonotypes.IGHM	30	30	0	0	107	1447	0	0	1.0	0.9999999999999999	0.0	0.0	0.0	0.0	0.0	0.0	0.0	0.2865567545220199	0.22249075669745644	0.5391599900917751	0.44626209944374673	0.0	NaN	.	.
col_ccp2_LN_bulk_2_1_1_top30.clonotypes.IGHM	col_ccp2_tum_bulk_1_1_1_top30.clonotypes.IGHM	30	30	0	0	107	2923	0	0	1.0	1.0	0.0	0.0	0.0	0.0	0.0	0.0	0.0	0.39060093376037264	0.2568339987661861	0.619018746738869	0.3237793413755269	0.0	NaN	.	.
col_ccp2_LN_bulk_2_1_1_top30.clonotypes.IGHM	col_ccp2_tum_bulk_1_2_1_top30.clonotypes.IGHM	30	30	3	3	107	2725	22	156	1.0	0.9999999999999998	0.20560747663551399	0.057247706422018346	0.9449111825230679	0.8660254037844386	0.0033333333	0.10849219539027635	0.10566234091736361	0.2769872394231927	0.19475101985757562	0.5495315241497469	0.35669785747145977	0.0526315789	0.4350332199245849	.	.
col_ccp2_LN_bulk_2_1_1_top30.clonotypes.IGHM	col_ccp2_tum_bulk_1_3_1_top30.clonotypes.IGHM	30	30	0	0	107	1268	0	0	1.0	0.9999999999999991	0.0	0.0	0.0	0.0	0.0	0.0	0.0	0.31511745936671426	0.17252686061151254	0.6445741427935533	0.3523142189501933	0.0	NaN	.	.
col_ccp2_LN_bulk_2_1_1_top30.clonotypes.IGHM	col_ccp2_tum_PCsort_1_1_1_top30.clonotypes.IGHM	30	30	1	1	107	3571	14	350	1.0	1.0000000000000002	0.1308411214953271	0.09801176141136936	0.0	0.0	0.00111111111	0.11324296350235624	0.11324296350235624	0.3963549032283616	0.23976377971371937	0.5479098157900025	0.33423167198488785	0.0169491525	0.9596730224427114	.	.
col_ccp2_LN_bulk_2_1_1_top30.clonotypes.IGHM	col_ccp2_tum_PCsort_1_2_1_top30.clonotypes.IGHM	30	30	1	1	107	6423	14	155	1.0	1.0000000000000002	0.1308411214953271	0.02413202553323992	0.0	0.0	0.00111111111	0.05619129189405579	0.05619129189405579	0.3933830716289533	0.26123330783002136	0.5213300601156798	0.31448841577918923	0.0169491525	0.3567399403240079	.	.
col_ccp2_LN_bulk_2_1_1_top30.clonotypes.IGHM	col_ccp2_tum_PCsort_1_3_1_top30.clonotypes.IGHM	30	30	1	1	107	4027	14	739	1.0	1.0	0.1308411214953271	0.18351129873354854	0.0	0.0	0.00111111111	0.1549542646504493	0.1549542646504493	0.38276262786866183	0.22837396354812406	0.5104388517722983	0.1700260331200774	0.0169491525	0.9453862760767419	.	.
col_ccp2_LN_bulk_3_1_1_top30.clonotypes.IGHM	col_ccp2_LN_PCsort_2_1_1_top30.clonotypes.IGHM	30	30	2	2	1411	215	202	54	1.0	0.9999999999999996	0.14316087880935507	0.25116279069767444	0.0	0.0	0.0022222222	0.18962248242360183	0.18844783017748742	0.30105697569765894	0.17406135863963862	0.5821777912995308	0.15380450271771576	0.0344827586	0.81609238350943	.	.
col_ccp2_LN_bulk_3_1_1_top30.clonotypes.IGHM	col_ccp2_LN_PCsort_3_1_1_top30.clonotypes.IGHM	30	30	3	3	1411	965	240	318	1.0	0.9999999999999998	0.1700921332388377	0.32953367875647666	0.9852304400277484	1.0	0.0033333333	0.23675110642556874	0.2350206122971245	0.3628959917836568	0.23112862880133297	0.5329211228325389	0.11628896913890528	0.0526315789	0.8311702267946214	.	.
col_ccp2_LN_bulk_3_1_1_top30.clonotypes.IGHM	col_ccp2_PBMC_bulk_1_1_1_top30.clonotypes.IGHM	30	30	0	0	1411	718	0	0	1.0	1.0	0.0	0.0	0.0	0.0	0.0	0.0	0.0	0.42411157425646967	0.22678657521215756	0.738056318142011	0.24912973849238254	0.0	NaN	.	.
col_ccp2_LN_bulk_3_1_1_top30.clonotypes.IGHM	col_ccp2_PBMC_bulk_1_1_2_top30.clonotypes.IGHM	30	30	0	0	1411	657	0	0	1.0	0.9999999999999994	0.0	0.0	0.0	0.0	0.0	0.0	0.0	0.4082859819506115	0.22055848893246643	0.6686908693613584	0.1049819450590104	0.0	NaN	.	.
col_ccp2_LN_bulk_3_1_1_top30.clonotypes.IGHM	col_ccp2_PBMC_PCsort_1_1_2_top30.clonotypes.IGHM	30	30	0	0	1411	1447	0	0	1.0	0.9999999999999999	0.0	0.0	0.0	0.0	0.0	0.0	0.0	0.39153500028850713	0.23412250167041407	0.570792613210332	0.13505344333452318	0.0	NaN	.	.
col_ccp2_LN_bulk_3_1_1_top30.clonotypes.IGHM	col_ccp2_tum_bulk_1_1_1_top30.clonotypes.IGHM	30	30	2	2	1411	2923	196	417	1.0	1.0	0.13890857547838414	0.14266164899076292	0.0	0.0	0.0022222222	0.14077260541989034	0.14072549742160023	0.34583731439115145	0.20109211840481936	0.44581571497860867	0.17449821787705147	0.0344827586	0.9985619400853476	.	.
col_ccp2_LN_bulk_3_1_1_top30.clonotypes.IGHM	col_ccp2_tum_bulk_1_2_1_top30.clonotypes.IGHM	30	30	3	3	1411	2725	261	274	1.0	0.9999999999999998	0.18497519489723602	0.10055045871559633	-0.10626068684926071	0.5	0.0033333333	0.13637939982975403	0.1279702565796791	0.342792788754598	0.19700743879876242	0.5446679593723925	0.3047817181255009	0.0526315789	0.7168022508300371	.	.
col_ccp2_LN_bulk_3_1_1_top30.clonotypes.IGHM	col_ccp2_tum_bulk_1_3_1_top30.clonotypes.IGHM	30	30	3	3	1411	1268	253	109	1.0	0.9999999999999991	0.1793054571226081	0.08596214511041009	0.8084333281545357	0.5	0.0033333333	0.124151043991833	0.12343553280438979	0.28511780008300636	0.14801295869433395	0.4759750337956532	0.2139601437969677	0.0526315789	0.772689522618843	.	.
col_ccp2_LN_bulk_3_1_1_top30.clonotypes.IGHM	col_ccp2_tum_PCsort_1_1_1_top30.clonotypes.IGHM	30	30	2	2	1411	3571	196	167	1.0	1.0000000000000002	0.13890857547838414	0.04676561187342481	0.0	0.0	0.0022222222	0.08059866330599068	0.0790099236247598	0.389000313818199	0.20971985493207584	0.5761245165274452	0.2858920937171976	0.0344827586	0.5634916812717623	.	.
col_ccp2_LN_bulk_3_1_1_top30.clonotypes.IGHM	col_ccp2_tum_PCsort_1_2_1_top30.clonotypes.IGHM	30	30	1	1	1411	6423	115	118	1.0	1.0000000000000002	0.0815024805102764	0.018371477502724585	0.0	0.0	0.00111111111	0.03869523209790571	0.03869523209790571	0.3379345440170929	0.1972067353379295	0.43922874890747726	0.24443089255615857	0.0169491525	0.4290216281838802	.	.
col_ccp2_LN_bulk_3_1_1_top30.clonotypes.IGHM	col_ccp2_tum_PCsort_1_3_1_top30.clonotypes.IGHM	30	30	0	0	1411	4027	0	0	1.0	1.0	0.0	0.0	0.0	0.0	0.0	0.0	0.0	0.4774981168114399	0.2584925567667981	0.6777832357721312	0.26252987634065933	0.0	NaN	.	.
col_ccp2_LN_PCsort_2_1_1_top30.clonotypes.IGHM	col_ccp2_LN_PCsort_3_1_1_top30.clonotypes.IGHM	30	30	3	3	215	965	57	290	0.9999999999999996	0.9999999999999998	0.2651162790697674	0.30051813471502586	0.9140100754929599	1.0	0.0033333333	0.28226273163248944	0.27295108044151645	0.4371565789385703	0.2693865261410351	0.5893261131179688	0.18152038428739642	0.0526315789	0.9271213440040433	.	.
col_ccp2_LN_PCsort_2_1_1_top30.clonotypes.IGHM	col_ccp2_PBMC_bulk_1_1_1_top30.clonotypes.IGHM	30	30	0	0	215	718	0	0	0.9999999999999996	1.0	0.0	0.0	0.0	0.0	0.0	0.0	0.0	0.3613265378224079	0.18565232553668387	0.6489939768080696	0.3507558320662987	0.0	NaN	.	.
col_ccp2_LN_PCsort_2_1_1_top30.clonotypes.IGHM	col_ccp2_PBMC_bulk_1_1_2_top30.clonotypes.IGHM	30	30	0	0	215	657	0	0	0.9999999999999996	0.9999999999999994	0.0	0.0	0.0	0.0	0.0	0.0	0.0	0.2711740552423743	0.17835580909433119	0.5471104219586312	0.22035599018379617	0.0	NaN	.	.
col_ccp2_LN_PCsort_2_1_1_top30.clonotypes.IGHM	col_ccp2_PBMC_PCsort_1_1_2_top30.clonotypes.IGHM	30	30	0	0	215	1447	0	0	0.9999999999999996	0.9999999999999999	0.0	0.0	0.0	0.0	0.0	0.0	0.0	0.23756845450364222	0.19517921571806554	0.4745632522701279	0.38820417458481477	0.0	NaN	.	.
col_ccp2_LN_PCsort_2_1_1_top30.clonotypes.IGHM	col_ccp2_tum_bulk_1_1_1_top30.clonotypes.IGHM	30	30	0	0	215	2923	0	0	0.9999999999999996	1.0	0.0	0.0	0.0	0.0	0.0	0.0	0.0	0.2970304781679816	0.20530565755905836	0.5167672928598867	0.28418047230796023	0.0	NaN	.	.
col_ccp2_LN_PCsort_2_1_1_top30.clonotypes.IGHM	col_ccp2_tum_bulk_1_2_1_top30.clonotypes.IGHM	30	30	0	0	215	2725	0	0	0.9999999999999996	0.9999999999999998	0.0	0.0	0.0	0.0	0.0	0.0	0.0	0.27390484902709245	0.1862900179751324	0.5187846019704202	0.32695971172441224	0.0	NaN	.	.
col_ccp2_LN_PCsort_2_1_1_top30.clonotypes.IGHM	col_ccp2_tum_bulk_1_3_1_top30.clonotypes.IGHM	30	30	0	0	215	1268	0	0	0.9999999999999996	0.9999999999999991	0.0	0.0	0.0	0.0	0.0	0.0	0.0	0.18801597989849567	0.10735747718680472	0.5375948476092998	0.24504116654611427	0.0	NaN	.	.
col_ccp2_LN_PCsort_2_1_1_top30.clonotypes.IGHM	col_ccp2_tum_PCsort_1_1_1_top30.clonotypes.IGHM	30	30	0	0	215	3571	0	0	0.9999999999999996	1.0000000000000002	0.0	0.0	0.0	0.0	0.0	0.0	0.0	0.3611389300675788	0.2167348412102483	0.5564891491482753	0.30673562969086976	0.0	NaN	.	.
col_ccp2_LN_PCsort_2_1_1_top30.clonotypes.IGHM	col_ccp2_tum_PCsort_1_2_1_top30.clonotypes.IGHM	30	30	0	0	215	6423	0	0	0.9999999999999996	1.0000000000000002	0.0	0.0	0.0	0.0	0.0	0.0	0.0	0.37389027036985795	0.24112406557950772	0.5960167629927271	0.2665212610301567	0.0	NaN	.	.
col_ccp2_LN_PCsort_2_1_1_top30.clonotypes.IGHM	col_ccp2_tum_PCsort_1_3_1_top30.clonotypes.IGHM	30	30	0	0	215	4027	0	0	0.9999999999999996	1.0	0.0	0.0	0.0	0.0	0.0	0.0	0.0	0.33403591865104715	0.1991447026628054	0.6211757896591179	0.20494186681202167	0.0	NaN	.	.
col_ccp2_LN_PCsort_3_1_1_top30.clonotypes.IGHM	col_ccp2_PBMC_bulk_1_1_1_top30.clonotypes.IGHM	30	30	0	0	965	718	0	0	0.9999999999999998	1.0	0.0	0.0	0.0	0.0	0.0	0.0	0.0	0.45346978607357225	0.29137439296358764	0.8427217339518156	0.28186575112779033	0.0	NaN	.	.
col_ccp2_LN_PCsort_3_1_1_top30.clonotypes.IGHM	col_ccp2_PBMC_bulk_1_1_2_top30.clonotypes.IGHM	30	30	0	0	965	657	0	0	0.9999999999999998	0.9999999999999994	0.0	0.0	0.0	0.0	0.0	0.0	0.0	0.49602783181586296	0.296145362323562	0.8401273217429204	0.15795577530808785	0.0	NaN	.	.
col_ccp2_LN_PCsort_3_1_1_top30.clonotypes.IGHM	col_ccp2_PBMC_PCsort_1_1_2_top30.clonotypes.IGHM	30	30	0	0	965	1447	0	0	0.9999999999999998	0.9999999999999999	0.0	0.0	0.0	0.0	0.0	0.0	0.0	0.412018495548545	0.3197214563137557	0.7868292395496572	0.29503790451444795	0.0	NaN	.	.
col_ccp2_LN_PCsort_3_1_1_top30.clonotypes.IGHM	col_ccp2_tum_bulk_1_1_1_top30.clonotypes.IGHM	30	30	1	1	965	2923	48	112	0.9999999999999998	1.0	0.049740932642487044	0.0383167978104687	0.0	0.0	0.00111111111	0.04365676647401086	0.04365676647401086	0.5673067155239178	0.40797022760119794	0.8291930504633066	0.31511089568929984	0.0169491525	0.9668950563436707	.	.
col_ccp2_LN_PCsort_3_1_1_top30.clonotypes.IGHM	col_ccp2_tum_bulk_1_2_1_top30.clonotypes.IGHM	30	30	1	1	965	2725	48	224	0.9999999999999998	0.9999999999999998	0.049740932642487044	0.08220183486238532	0.0	0.0	0.00111111111	0.06394369344179887	0.06394369344179887	0.48502827924531505	0.3607657909787545	0.8166604044637531	0.38140920799297034	0.0169491525	0.885854653119617	.	.
col_ccp2_LN_PCsort_3_1_1_top30.clonotypes.IGHM	col_ccp2_tum_bulk_1_3_1_top30.clonotypes.IGHM	30	30	1	1	965	1268	48	96	0.9999999999999998	0.9999999999999991	0.049740932642487044	0.07570977917981073	0.0	0.0	0.00111111111	0.06136672572787743	0.06136672572787743	0.46130053150118744	0.27938986100940133	0.8281860215413948	0.32207195567912905	0.0169491525	0.9178198609191099	.	.
col_ccp2_LN_PCsort_3_1_1_top30.clonotypes.IGHM	col_ccp2_tum_PCsort_1_1_1_top30.clonotypes.IGHM	30	30	1	1	965	3571	48	140	0.9999999999999998	1.0000000000000002	0.049740932642487044	0.03920470456454775	0.0	0.0	0.00111111111	0.04415969394157724	0.04415969394157724	0.570134829923805	0.33859954023043515	0.8252183822176038	0.3149047946415831	0.0169491525	0.9723242537364142	.	.
col_ccp2_LN_PCsort_3_1_1_top30.clonotypes.IGHM	col_ccp2_tum_PCsort_1_2_1_top30.clonotypes.IGHM	30	30	1	1	965	6423	48	365	0.9999999999999998	1.0000000000000002	0.049740932642487044	0.05682702786859723	0.0	0.0	0.00111111111	0.05316605463530869	0.05316605463530869	0.5522293790066294	0.36482015686245217	0.7550280434150834	0.32796405040677357	0.0169491525	0.9911961082368531	.	.
col_ccp2_LN_PCsort_3_1_1_top30.clonotypes.IGHM	col_ccp2_tum_PCsort_1_3_1_top30.clonotypes.IGHM	30	30	1	1	965	4027	48	258	0.9999999999999998	1.0	0.049740932642487044	0.06406754407747703	0.0	0.0	0.00111111111	0.05645156680312208	0.05645156680312208	0.5488724308922855	0.3081315712851102	0.7480715314318028	0.2697648872852627	0.0169491525	0.9688010784654394	.	.
col_ccp2_PBMC_bulk_1_1_1_top30.clonotypes.IGHM	col_ccp2_PBMC_bulk_1_1_2_top30.clonotypes.IGHM	30	30	2	2	718	657	42	36	1.0	0.9999999999999994	0.0584958217270195	0.0547945205479452	0.0	0.0	0.0022222222	0.056614931825359545	0.05639472424196933	0.35295816674598496	0.2087338634949802	0.6028856662877291	0.2373918850416636	0.0344827586	0.9845155293394937	.	.
col_ccp2_PBMC_bulk_1_1_1_top30.clonotypes.IGHM	col_ccp2_PBMC_PCsort_1_1_2_top30.clonotypes.IGHM	30	30	1	1	718	1447	23	105	1.0	0.9999999999999999	0.03203342618384401	0.07256392536281962	0.0	0.0	0.00111111111	0.04821276954002797	0.04821276954002797	0.3770893960156068	0.24884954608331938	0.6482145771040188	0.3187529520660375	0.0169491525	0.7389050888259734	.	.
col_ccp2_PBMC_bulk_1_1_1_top30.clonotypes.IGHM	col_ccp2_tum_bulk_1_1_1_top30.clonotypes.IGHM	30	30	1	1	718	2923	22	306	1.0	1.0	0.03064066852367688	0.10468696544645911	0.0	0.0	0.00111111111	0.05663637176757149	0.05663637176757149	0.4345086993593688	0.2543599376161599	0.6464323626430243	0.16611591353741087	0.0169491525	0.5391866937956559	.	.
col_ccp2_PBMC_bulk_1_1_1_top30.clonotypes.IGHM	col_ccp2_tum_bulk_1_2_1_top30.clonotypes.IGHM	30	30	1	1	718	2725	22	228	1.0	0.9999999999999998	0.03064066852367688	0.0836697247706422	0.0	0.0	0.00111111111	0.050632956680056955	0.050632956680056955	0.425441368470632	0.24511211415607934	0.6635170254343148	0.19215230615115197	0.0169491525	0.6458101613353633	.	.
col_ccp2_PBMC_bulk_1_1_1_top30.clonotypes.IGHM	col_ccp2_tum_bulk_1_3_1_top30.clonotypes.IGHM	30	30	1	1	718	1268	22	72	1.0	0.9999999999999991	0.03064066852367688	0.056782334384858045	0.0	0.0	0.00111111111	0.04171149345069072	0.04171149345069072	0.410165593374421	0.21364364783210602	0.6485763904616832	0.19603172293758914	0.0169491525	0.8358460498993139	.	.
col_ccp2_PBMC_bulk_1_1_1_top30.clonotypes.IGHM	col_ccp2_tum_PCsort_1_1_1_top30.clonotypes.IGHM	30	30	3	3	718	3571	85	766	1.0	1.0000000000000002	0.11838440111420613	0.21450574068888267	-0.92679153400218	-1.0	0.0033333333	0.15935536905612116	0.14659903115663386	0.297507024518866	0.18148010711159232	0.5438746266242379	0.16110438767018226	0.0526315789	0.5851098853716621	.	.
col_ccp2_PBMC_bulk_1_1_1_top30.clonotypes.IGHM	col_ccp2_tum_PCsort_1_2_1_top30.clonotypes.IGHM	30	30	1	1	718	6423	22	427	1.0	1.0000000000000002	0.03064066852367688	0.0664798380818932	0.0	0.0	0.00111111111	0.045132988846020385	0.045132988846020385	0.4448298712348159	0.272455227513614	0.7045626618997926	0.12721125109908055	0.0169491525	0.7602938535791707	.	.
col_ccp2_PBMC_bulk_1_1_1_top30.clonotypes.IGHM	col_ccp2_tum_PCsort_1_3_1_top30.clonotypes.IGHM	30	30	2	2	718	4027	58	162	1.0	1.0	0.0807799442896936	0.04022845790911349	0.0	0.0	0.0022222222	0.05700572417537094	0.056394292196183984	0.34516039107666613	0.20975403758194125	0.6821938261548012	0.16896229600918178	0.0344827586	0.7530407172231458	.	.
col_ccp2_PBMC_bulk_1_1_2_top30.clonotypes.IGHM	col_ccp2_PBMC_PCsort_1_1_2_top30.clonotypes.IGHM	30	30	1	1	657	1447	14	24	0.9999999999999994	0.9999999999999999	0.0213089802130898	0.0165860400829302	0.0	0.0	0.00111111111	0.01879977659283945	0.01879977659283945	0.3584156651192407	0.20582558128489284	0.48525713192635844	0.22659316791331452	0.0169491525	0.9694088032299435	.	.
col_ccp2_PBMC_bulk_1_1_2_top30.clonotypes.IGHM	col_ccp2_tum_bulk_1_1_1_top30.clonotypes.IGHM	30	30	0	0	657	2923	0	0	0.9999999999999994	1.0	0.0	0.0	0.0	0.0	0.0	0.0	0.0	0.31174462830016403	0.18802420878614112	0.4625941777815569	0.2516560152269659	0.0	NaN	.	.
col_ccp2_PBMC_bulk_1_1_2_top30.clonotypes.IGHM	col_ccp2_tum_bulk_1_2_1_top30.clonotypes.IGHM	30	30	0	0	657	2725	0	0	0.9999999999999994	0.9999999999999998	0.0	0.0	0.0	0.0	0.0	0.0	0.0	0.41393048752300826	0.2713512567864148	0.5743301517676971	0.3533642393139389	0.0	NaN	.	.
col_ccp2_PBMC_bulk_1_1_2_top30.clonotypes.IGHM	col_ccp2_tum_bulk_1_3_1_top30.clonotypes.IGHM	30	30	0	0	657	1268	0	0	0.9999999999999994	0.9999999999999991	0.0	0.0	0.0	0.0	0.0	0.0	0.0	0.33290771524142926	0.17991186147028035	0.5780433160511195	0.2918270129883568	0.0	NaN	.	.
col_ccp2_PBMC_bulk_1_1_2_top30.clonotypes.IGHM	col_ccp2_tum_PCsort_1_1_1_top30.clonotypes.IGHM	30	30	0	0	657	3571	0	0	0.9999999999999994	1.0000000000000002	0.0	0.0	0.0	0.0	0.0	0.0	0.0	0.3893574749517497	0.21687102163488683	0.5260374931494202	0.31051508433657127	0.0	NaN	.	.
col_ccp2_PBMC_bulk_1_1_2_top30.clonotypes.IGHM	col_ccp2_tum_PCsort_1_2_1_top30.clonotypes.IGHM	30	30	0	0	657	6423	0	0	0.9999999999999994	1.0000000000000002	0.0	0.0	0.0	0.0	0.0	0.0	0.0	0.5069689031497717	0.3214915729202541	0.6180084410939645	0.2850692023275229	0.0	NaN	.	.
col_ccp2_PBMC_bulk_1_1_2_top30.clonotypes.IGHM	col_ccp2_tum_PCsort_1_3_1_top30.clonotypes.IGHM	30	30	0	0	657	4027	0	0	0.9999999999999994	1.0	0.0	0.0	0.0	0.0	0.0	0.0	0.0	0.5734777146362809	0.3365903401847806	0.7749583077308679	0.3350000378471153	0.0	NaN	.	.
col_ccp2_PBMC_PCsort_1_1_2_top30.clonotypes.IGHM	col_ccp2_tum_bulk_1_1_1_top30.clonotypes.IGHM	30	30	0	0	1447	2923	0	0	0.9999999999999999	1.0	0.0	0.0	0.0	0.0	0.0	0.0	0.0	0.30570198885315286	0.16597729467212094	0.41901807921982703	0.3141783751841051	0.0	NaN	.	.
col_ccp2_PBMC_PCsort_1_1_2_top30.clonotypes.IGHM	col_ccp2_tum_bulk_1_2_1_top30.clonotypes.IGHM	30	30	0	0	1447	2725	0	0	0.9999999999999999	0.9999999999999998	0.0	0.0	0.0	0.0	0.0	0.0	0.0	0.3081657775829339	0.21855410518896687	0.45286364762375153	0.5046330768151527	0.0	NaN	.	.
col_ccp2_PBMC_PCsort_1_1_2_top30.clonotypes.IGHM	col_ccp2_tum_bulk_1_3_1_top30.clonotypes.IGHM	30	30	1	1	1447	1268	69	78	0.9999999999999999	0.9999999999999991	0.04768486523842433	0.061514195583596214	0.0	0.0	0.00111111111	0.05415991254289341	0.05415991254289341	0.32975799929807575	0.2024765392317054	0.5097350475529935	0.30832129209825476	0.0169491525	0.9684292924986316	.	.
col_ccp2_PBMC_PCsort_1_1_2_top30.clonotypes.IGHM	col_ccp2_tum_PCsort_1_1_1_top30.clonotypes.IGHM	30	30	0	0	1447	3571	0	0	0.9999999999999999	1.0000000000000002	0.0	0.0	0.0	0.0	0.0	0.0	0.0	0.44761474928485206	0.26263232920824725	0.5703466154583712	0.4808052650105621	0.0	NaN	.	.
col_ccp2_PBMC_PCsort_1_1_2_top30.clonotypes.IGHM	col_ccp2_tum_PCsort_1_2_1_top30.clonotypes.IGHM	30	30	1	1	1447	6423	69	247	0.9999999999999999	1.0000000000000002	0.04768486523842433	0.03845555036587264	0.0	0.0	0.00111111111	0.04282228084614453	0.04282228084614453	0.40289029413461624	0.2750862577549643	0.4671188549026554	0.4009052400398695	0.0169491525	0.9773014618850373	.	.
col_ccp2_PBMC_PCsort_1_1_2_top30.clonotypes.IGHM	col_ccp2_tum_PCsort_1_3_1_top30.clonotypes.IGHM	30	30	0	0	1447	4027	0	0	0.9999999999999999	1.0	0.0	0.0	0.0	0.0	0.0	0.0	0.0	0.47584300478431046	0.32223109928741855	0.6870267925219574	0.44602047476471285	0.0	NaN	.	.
col_ccp2_tum_bulk_1_1_1_top30.clonotypes.IGHM	col_ccp2_tum_bulk_1_2_1_top30.clonotypes.IGHM	30	30	15	15	2923	2725	2051	2031	1.0	0.9999999999999998	0.701676359904208	0.7453211009174313	0.3848040055899465	0.4750000000000001	0.0166666667	0.7231695493115982	0.6907718622602838	0.14945757475334556	0.10622072057109701	0.2100046012559095	0.062021000432430876	0.3333333333	0.8548980813737127	.	.
col_ccp2_tum_bulk_1_1_1_top30.clonotypes.IGHM	col_ccp2_tum_bulk_1_3_1_top30.clonotypes.IGHM	30	30	11	11	2923	1268	1984	724	1.0	0.9999999999999991	0.6787547040711599	0.5709779179810726	0.287720131155997	0.1363636363636364	0.0122222222	0.6225383102672557	0.6037255184645748	0.14569394562553736	0.10131592827198965	0.23846717286813407	0.07539742616705436	0.2244897959	0.893131259428583	.	.
col_ccp2_tum_bulk_1_1_1_top30.clonotypes.IGHM	col_ccp2_tum_PCsort_1_1_1_top30.clonotypes.IGHM	30	30	13	13	2923	3571	1888	1940	1.0	1.0000000000000002	0.6459117345193295	0.5432651918230188	0.607547325208971	0.44505494505494503	0.0144444444	0.59236927870576	0.5686566978255202	0.3243685856476797	0.19820665436413504	0.4144247550178812	0.1456516120965509	0.2765957447	0.8793529475760414	.	.
col_ccp2_tum_bulk_1_1_1_top30.clonotypes.IGHM	col_ccp2_tum_PCsort_1_2_1_top30.clonotypes.IGHM	30	30	10	10	2923	6423	1600	3817	1.0	1.0000000000000002	0.5473828258638385	0.5942705900669469	-0.06483360046817725	0.09090909090909126	0.01111111111	0.5703450840663187	0.5185549527054685	0.2799359310396508	0.19609861428389094	0.3056897312067163	0.06686373310023978	0.2	0.7444643194058872	.	.
col_ccp2_tum_bulk_1_1_1_top30.clonotypes.IGHM	col_ccp2_tum_PCsort_1_3_1_top30.clonotypes.IGHM	30	30	7	7	2923	4027	1057	1038	1.0	1.0	0.3616147793362983	0.25776011919543085	0.19067317279785512	0.42857142857142855	0.0077777778	0.3053029128989006	0.2853842228118145	0.5401856953620373	0.3462644128480721	0.6258490220144979	0.2057951345822308	0.1320754717	0.7374826214612002	.	.
col_ccp2_tum_bulk_1_2_1_top30.clonotypes.IGHM	col_ccp2_tum_bulk_1_3_1_top30.clonotypes.IGHM	30	30	8	8	2725	1268	1328	516	0.9999999999999998	0.9999999999999991	0.4873394495412844	0.4069400630914827	0.37160484705256946	0.3095238095238096	0.00888888889	0.445329031552288	0.4332760020433158	0.21853704134484733	0.14615042840252238	0.3522331348539324	0.15081601061927116	0.1538461538	0.913640721734438	.	.
col_ccp2_tum_bulk_1_2_1_top30.clonotypes.IGHM	col_ccp2_tum_PCsort_1_1_1_top30.clonotypes.IGHM	30	30	11	11	2725	3571	1654	1935	0.9999999999999998	1.0000000000000002	0.6069724770642202	0.5418650238028563	0.2871253231262814	0.49090909090909096	0.0122222222	0.5734955585983926	0.5392345529338018	0.3083548891710633	0.2020712014462226	0.439195123051165	0.13068082577667534	0.2244897959	0.8029698193516929	.	.
col_ccp2_tum_bulk_1_2_1_top30.clonotypes.IGHM	col_ccp2_tum_PCsort_1_2_1_top30.clonotypes.IGHM	30	30	12	12	2725	6423	1632	3631	0.9999999999999998	1.0000000000000002	0.5988990825688073	0.565312159427059	0.7954386500065592	0.8181818181818182	0.0133333333	0.581863329009362	0.5669683800878502	0.1451817359466201	0.1027716997351016	0.1961425071865939	0.04891389777251934	0.25	0.9324118256701546	.	.
col_ccp2_tum_bulk_1_2_1_top30.clonotypes.IGHM	col_ccp2_tum_PCsort_1_3_1_top30.clonotypes.IGHM	30	30	7	7	2725	4027	1135	1555	0.9999999999999998	1.0	0.41651376146788993	0.38614353116463873	-0.36755693502938863	-0.0714285714285713	0.0077777778	0.40104126300404186	0.33250743926628806	0.448736054262791	0.2748719438059498	0.552331689134277	0.18554409651310855	0.1320754717	0.4891629480324382	.	.
col_ccp2_tum_bulk_1_3_1_top30.clonotypes.IGHM	col_ccp2_tum_PCsort_1_1_1_top30.clonotypes.IGHM	30	30	9	9	1268	3571	573	1469	0.9999999999999991	1.0000000000000002	0.4518927444794953	0.4113693643237189	0.31378750884143597	0.46862334890320484	0.01	0.43115522847233423	0.41100118251109524	0.32053349046401364	0.1715314732659092	0.5000103014854588	0.17225435021680766	0.1764705882	0.8125590917190046	.	.
col_ccp2_tum_bulk_1_3_1_top30.clonotypes.IGHM	col_ccp2_tum_PCsort_1_2_1_top30.clonotypes.IGHM	30	30	8	8	1268	6423	601	2566	0.9999999999999991	1.0000000000000002	0.4739747634069401	0.399501790440604	0.597556161850153	0.35714285714285704	0.00888888889	0.43514798242061775	0.4233586970749722	0.3286108384587787	0.20109227440380642	0.38075562141655184	0.09857246169244979	0.1538461538	0.9174149604161603	.	.
col_ccp2_tum_bulk_1_3_1_top30.clonotypes.IGHM	col_ccp2_tum_PCsort_1_3_1_top30.clonotypes.IGHM	30	30	7	7	1268	4027	477	1122	0.9999999999999991	1.0	0.37618296529968454	0.27861931959274894	0.8153544291712063	0.8214285714285714	0.0077777778	0.3237465703821135	0.31985760359307436	0.3843357235744825	0.21753059915576045	0.5477864281833867	0.22311415521789396	0.1320754717	0.9254030992594117	.	.
col_ccp2_tum_PCsort_1_1_1_top30.clonotypes.IGHM	col_ccp2_tum_PCsort_1_2_1_top30.clonotypes.IGHM	30	30	9	9	3571	6423	1800	3325	1.0000000000000002	1.0000000000000002	0.504060487258471	0.5176708703098242	0.15015406717209723	0.5333333333333333	0.01	0.5108203511293248	0.4757458697138349	0.2440228886976392	0.14559152156566144	0.31827132852587287	0.13810854737241426	0.1764705882	0.7560906281834506	.	.
col_ccp2_tum_PCsort_1_1_1_top30.clonotypes.IGHM	col_ccp2_tum_PCsort_1_3_1_top30.clonotypes.IGHM	30	30	8	8	3571	4027	1763	1713	1.0000000000000002	1.0	0.49369924390926917	0.4253786938167371	0.3330780082483278	0.4047619047619047	0.00888888889	0.45826754141269443	0.41939352422837417	0.2056396097355712	0.12243168424434984	0.3444306762852873	0.13877933666702932	0.1538461538	0.7354455328405718	.	.
col_ccp2_tum_PCsort_1_2_1_top30.clonotypes.IGHM	col_ccp2_tum_PCsort_1_3_1_top30.clonotypes.IGHM	30	30	6	6	6423	4027	2935	1570	1.0000000000000002	1.0	0.4569515802584463	0.3898683883784455	-0.7824957764096061	-0.7142857142857143	0.0066666667	0.4220793481827136	0.34662987817107904	0.3063609026376475	0.1718597375935957	0.4449001761134739	0.13871444360437735	0.1111111111	0.4865501357701588	.	.
