1_sample_id	2_sample_id	div1	div2	div12	div21	count1	count2	count12	count21	freq1	freq2	freq12	freq21	R	Rs	D	F	F2	vJSD	vjJSD	vj2JSD	sJSD	Jaccard	MorisitaHorn	1_metadata_blank	2_metadata_blank
col_ccp2_LN_bulk_1_1_1_top374.clonotypes.IGH	col_ccp2_LN_bulk_2_1_1_top374.clonotypes.IGH	374	374	122	122	11174	2397	5065	936	0.9999999999999981	1.000000000000005	0.45328441023805266	0.39048811013767143	0.31272993105662944	0.390574569864697	8.722011E-4	0.4207162615216176	0.3806293376574239	0.11015996309548298	0.06201755379251215	0.21751444692438598	0.03770131856893044	0.1948881789	0.6598803598157169	.	.
col_ccp2_LN_bulk_1_1_1_top374.clonotypes.IGH	col_ccp2_LN_bulk_3_1_1_top374.clonotypes.IGH	374	374	97	97	11174	16273	4076	6927	0.9999999999999981	1.0000000000000004	0.36477537139788796	0.4256744300374854	0.48621215274840146	0.42372714286504026	6.934714E-4	0.3940501850164621	0.34822827969530484	0.06575725141912926	0.03844212582123996	0.19657966191922438	0.02365776063306698	0.1490015361	0.6032493602977861	.	.
col_ccp2_LN_bulk_1_1_1_top374.clonotypes.IGH	col_ccp2_LN_PCsort_1_1_1_top374.clonotypes.IGH	374	374	71	71	11174	32562	3129	14089	0.9999999999999981	1.000000000000007	0.28002505817075357	0.4326822676739756	0.4085358018600431	0.3869758757199632	5.075924E-4	0.34808314692736647	0.28697429842975875	0.11892375323350414	0.07806179672626888	0.2974574833272313	0.04774781336499706	0.1048744461	0.35574891909711814	.	.
col_ccp2_LN_bulk_1_1_1_top374.clonotypes.IGH	col_ccp2_LN_PCsort_2_1_1_top374.clonotypes.IGH	374	374	105	105	11174	2475	4239	1086	0.9999999999999981	1.0000000000000027	0.37936280651512444	0.4387878787878789	0.4167801468212458	0.2773978879577845	7.506649E-4	0.40799485433248783	0.3634608080881293	0.10597242033822857	0.061956133973012695	0.22719768310625787	0.04690418054545643	0.1632970451	0.6378877374698472	.	.
col_ccp2_LN_bulk_1_1_1_top374.clonotypes.IGH	col_ccp2_LN_PCsort_3_1_1_top374.clonotypes.IGH	374	374	190	190	11174	6675	8226	4915	0.9999999999999981	0.9999999999999957	0.7361732593520669	0.7363295880149809	0.7225167149711447	0.5673720142714552	0.001358346	0.7362514195343552	0.6710372675239096	0.09837318640208188	0.06383793521739814	0.16958705438921828	0.03938352389222235	0.3405017921	0.5642970466653454	.	.
col_ccp2_LN_bulk_1_1_1_top374.clonotypes.IGH	col_ccp2_PBMC_bulk_1_1_1_top374.clonotypes.IGH	374	374	86	86	11174	35202	3936	10968	0.9999999999999981	0.9999999999999991	0.3522462860211205	0.311573206067837	0.4896032449579467	0.35610212259763824	6.148303E-4	0.33128613713991845	0.3006344888500667	0.09605095186002753	0.06137462756308419	0.2734516577216553	0.048339330557440476	0.1299093656	0.7314941845900381	.	.
col_ccp2_LN_bulk_1_1_1_top374.clonotypes.IGH	col_ccp2_PBMC_bulk_1_1_2_top374.clonotypes.IGH	374	374	70	70	11174	22885	3161	6364	0.9999999999999981	1.0000000000000016	0.28288884911401463	0.27808608258684725	0.5577318980029355	0.266992336079087	5.004432E-4	0.2804771859842045	0.25986236859880224	0.08282897590422536	0.05030868672018613	0.25227595683654663	0.02998146945209833	0.1032448378	0.7863291508649051	.	.
col_ccp2_LN_bulk_1_1_1_top374.clonotypes.IGH	col_ccp2_PBMC_PCsort_1_1_2_top374.clonotypes.IGH	374	374	67	67	11174	32793	3430	9277	0.9999999999999981	1.0000000000000047	0.30696259173080365	0.2828957399445002	0.5430774949500631	0.25341146536163556	4.789957E-4	0.2946835752514334	0.26423173232688646	0.1176739687933874	0.06692279312817268	0.2881663611311873	0.06276626738001326	0.0983847283	0.7488775143153352	.	.
col_ccp2_LN_bulk_1_1_1_top374.clonotypes.IGH	col_ccp2_tum_bulk_1_1_1_top374.clonotypes.IGH	374	374	36	36	11174	26784	1389	3988	0.9999999999999981	1.0000000000000002	0.12430642563092895	0.14889486260454005	0.30914934968629965	0.23582912217348523	2.573708E-4	0.13604627214730525	0.11932979995829256	0.11999387559098633	0.06442615295364863	0.25074781800986334	0.05138464040483929	0.0505617978	0.5823600404137352	.	.
col_ccp2_LN_bulk_1_1_1_top374.clonotypes.IGH	col_ccp2_tum_bulk_1_2_1_top374.clonotypes.IGH	374	374	37	37	11174	34979	1373	6098	0.9999999999999981	0.9999999999999999	0.12287453015929835	0.17433317133137027	0.45592553370214134	0.2016976604071327	2.6452E-4	0.1463595111993839	0.1292411664694484	0.11297306398315157	0.060321793521646155	0.25033774114916735	0.05937594685058377	0.0520393812	0.5251327242138074	.	.
col_ccp2_LN_bulk_1_1_1_top374.clonotypes.IGH	col_ccp2_tum_bulk_1_3_1_top374.clonotypes.IGH	374	374	35	35	11174	18959	2274	2039	0.9999999999999981	0.999999999999999	0.20350814390549493	0.10754786644865234	-0.04776146378710343	0.01921189344041807	2.502216E-4	0.14794210584536538	0.13039331593500336	0.14237137213671142	0.07802230954190732	0.2905121487643	0.057623190969704155	0.049088359	0.4592409797580061	.	.
col_ccp2_LN_bulk_1_1_1_top374.clonotypes.IGH	col_ccp2_tum_PCsort_1_1_1_top374.clonotypes.IGH	374	374	28	28	11174	20029	1160	2140	0.9999999999999981	1.0000000000000007	0.1038124216932164	0.10684507464176943	-0.13203737351568753	-0.26427822793892847	2.001773E-4	0.10531783298451669	0.08461040928728529	0.15003986844835013	0.07920507048669022	0.29268982852601927	0.08262504561329116	0.0388888889	0.37531002212344944	.	.
col_ccp2_LN_bulk_1_1_1_top374.clonotypes.IGH	col_ccp2_tum_PCsort_1_2_1_top374.clonotypes.IGH	374	374	42	42	11174	24250	1814	3924	0.9999999999999981	0.9999999999999991	0.162341149096116	0.1618144329896907	0.1783805849558781	0.22361513382665674	3.002659E-4	0.1620775770792581	0.12678615574918703	0.1412801638080505	0.07843665675017339	0.284519483380595	0.08215907829214794	0.059490085	0.37732669364804305	.	.
col_ccp2_LN_bulk_1_1_1_top374.clonotypes.IGH	col_ccp2_tum_PCsort_1_3_1_top374.clonotypes.IGH	374	374	25	25	11174	15896	1296	1156	0.9999999999999981	0.9999999999999986	0.11598353320207622	0.0727226975339708	1.5577875308765262E-4	0.36221592103474326	1.787297E-4	0.09184027114493863	0.07699044439305791	0.1534712331761243	0.08107399259799578	0.34233232008244313	0.11476406534362812	0.0345781466	0.3836983298476694	.	.
col_ccp2_LN_bulk_2_1_1_top374.clonotypes.IGH	col_ccp2_LN_bulk_3_1_1_top374.clonotypes.IGH	374	374	68	68	2397	16273	664	4479	1.000000000000005	1.0000000000000004	0.2770129328327073	0.2752411970749093	-0.04836193450930545	0.06827986971443949	4.861449E-4	0.2761256439342529	0.20724703234361527	0.10244599138184075	0.061278562591205746	0.2672488984663553	0.04605193233018049	0.1	0.2330387566204312	.	.
col_ccp2_LN_bulk_2_1_1_top374.clonotypes.IGH	col_ccp2_LN_PCsort_1_1_1_top374.clonotypes.IGH	374	374	64	64	2397	32562	729	7615	1.000000000000005	1.000000000000007	0.30413016270337895	0.23386155641545356	0.19910325681665914	0.22830858125430928	4.575481E-4	0.26669149443260715	0.207535265835601	0.13574787067697858	0.09829771808824615	0.34019483816921425	0.07712776422105383	0.0935672515	0.4001583446709575	.	.
col_ccp2_LN_bulk_2_1_1_top374.clonotypes.IGH	col_ccp2_LN_PCsort_2_1_1_top374.clonotypes.IGH	374	374	174	174	2397	2475	1748	1911	1.000000000000005	1.0000000000000027	0.7292448894451407	0.7721212121212134	0.8057875465224369	0.6580745551227625	0.0012439589	0.750376870626742	0.7180512639600833	0.03698987836418568	0.019061508258462225	0.09264286401863675	0.007122635130624856	0.3031358885	0.8598308122144855	.	.
col_ccp2_LN_bulk_2_1_1_top374.clonotypes.IGH	col_ccp2_LN_PCsort_3_1_1_top374.clonotypes.IGH	374	374	102	102	2397	6675	854	2777	1.000000000000005	0.9999999999999957	0.35627868168543964	0.4160299625468165	0.05218464964101083	0.3563451837915387	7.292173E-4	0.38499689167293627	0.2957510967351357	0.18513054898333076	0.11839538938624426	0.28675467916313363	0.09747415604582413	0.1578947368	0.17216714264202396	.	.
col_ccp2_LN_bulk_2_1_1_top374.clonotypes.IGH	col_ccp2_PBMC_bulk_1_1_1_top374.clonotypes.IGH	374	374	88	88	2397	35202	792	11735	1.000000000000005	0.9999999999999991	0.33041301627033753	0.33336174081018105	0.35816357730747006	0.3741403186563085	6.291287E-4	0.3318841037022147	0.293194247981224	0.16664863665380875	0.08734841781568381	0.2882184364668994	0.06082535511123074	0.1333333333	0.644073152898423	.	.
col_ccp2_LN_bulk_2_1_1_top374.clonotypes.IGH	col_ccp2_PBMC_bulk_1_1_2_top374.clonotypes.IGH	374	374	79	79	2397	22885	698	7399	1.000000000000005	1.0000000000000016	0.291197329995828	0.32331221324011356	0.31037904941000094	0.12426510357118058	5.64786E-4	0.3068348957510584	0.26957664827028777	0.11600642840556741	0.0593041176813482	0.2479376629272217	0.04156904664989292	0.1180866966	0.6327103659430999	.	.
col_ccp2_LN_bulk_2_1_1_top374.clonotypes.IGH	col_ccp2_PBMC_PCsort_1_1_2_top374.clonotypes.IGH	374	374	70	70	2397	32793	688	9795	1.000000000000005	1.0000000000000047	0.2870254484772631	0.2986917939804225	0.22326343342867075	0.29607514923341877	5.004432E-4	0.2928005227517687	0.2470377969604498	0.20390318950074796	0.10226653714491526	0.3185262727330249	0.07661762734399172	0.1032448378	0.5500717610567544	.	.
col_ccp2_LN_bulk_2_1_1_top374.clonotypes.IGH	col_ccp2_tum_bulk_1_1_1_top374.clonotypes.IGH	374	374	21	21	2397	26784	258	2070	1.000000000000005	1.0000000000000002	0.10763454317897372	0.07728494623655914	0.2856868931942791	0.051737303898265294	1.50133E-4	0.09120597503882949	0.07572819728428132	0.13353905241082986	0.0690447906124461	0.2891911625281961	0.09566452216755039	0.0288858322	0.5183466851991362	.	.
col_ccp2_LN_bulk_2_1_1_top374.clonotypes.IGH	col_ccp2_tum_bulk_1_2_1_top374.clonotypes.IGH	374	374	26	26	2397	34979	252	5073	1.000000000000005	0.9999999999999999	0.1051314142678348	0.14502987506789788	-0.029886494545832837	-0.0025840437804713024	1.858789E-4	0.12347953626806144	0.09327100977897108	0.14748956990499998	0.07647994970799796	0.3024839431221043	0.10544010585784765	0.0360110803	0.2922119640923623	.	.
col_ccp2_LN_bulk_2_1_1_top374.clonotypes.IGH	col_ccp2_tum_bulk_1_3_1_top374.clonotypes.IGH	374	374	25	25	2397	18959	305	1372	1.000000000000005	0.999999999999999	0.1272423863162286	0.07236668600664592	-0.14222048477530727	-0.13542405295851484	1.787297E-4	0.09595889649888047	0.07993645878112088	0.16186391652062632	0.08437585201391115	0.3113683697880113	0.08509613795569278	0.0345781466	0.3410744131623409	.	.
col_ccp2_LN_bulk_2_1_1_top374.clonotypes.IGH	col_ccp2_tum_PCsort_1_1_1_top374.clonotypes.IGH	374	374	21	21	2397	20029	248	1265	1.000000000000005	1.0000000000000007	0.10346266166040884	0.06315842029057868	0.21350727670861688	0.4501523635221839	1.50133E-4	0.0808364909526016	0.06864963042657324	0.15336266030224768	0.08296878442258597	0.30455018425601854	0.13413602758256427	0.0288858322	0.42462846376093394	.	.
col_ccp2_LN_bulk_2_1_1_top374.clonotypes.IGH	col_ccp2_tum_PCsort_1_2_1_top374.clonotypes.IGH	374	374	22	22	2397	24250	205	3006	1.000000000000005	0.9999999999999991	0.0855235711305799	0.12395876288659792	0.014391659150785899	0.3773854382964419	1.572822E-4	0.10296308112615242	0.07789132354626449	0.14229280969173683	0.07554685550151684	0.29714059987866476	0.1237591752107425	0.0303030303	0.279333490314747	.	.
col_ccp2_LN_bulk_2_1_1_top374.clonotypes.IGH	col_ccp2_tum_PCsort_1_3_1_top374.clonotypes.IGH	374	374	19	19	2397	15896	138	1424	1.000000000000005	0.9999999999999986	0.05757196495619525	0.089582284851535	0.2630961046420304	0.08880803330008329	1.358346E-4	0.07181523629543018	0.0589570179594797	0.16944524109282322	0.09162972029955267	0.325842166682972	0.15782240764237307	0.0260631001	0.3005251697570038	.	.
col_ccp2_LN_bulk_3_1_1_top374.clonotypes.IGH	col_ccp2_LN_PCsort_1_1_1_top374.clonotypes.IGH	374	374	85	85	16273	32562	6901	17253	1.0000000000000004	1.000000000000007	0.42407669145209853	0.5298507462686566	0.6815201782711685	0.39411179225978116	6.076811E-4	0.4740225220820602	0.4166120170600326	0.061529307232439934	0.03946139437236142	0.17614573626183785	0.037450006205831214	0.1282051282	0.6749713895474007	.	.
col_ccp2_LN_bulk_3_1_1_top374.clonotypes.IGH	col_ccp2_LN_PCsort_2_1_1_top374.clonotypes.IGH	374	374	62	62	16273	2475	4324	732	1.0000000000000004	1.0000000000000027	0.26571621704664167	0.29575757575757583	0.01304946712430687	0.10065353561519581	4.432497E-4	0.2803347716448828	0.21493939702565856	0.10374352173163169	0.06187592534479982	0.28130783641508883	0.05876493186467233	0.0903790087	0.30576723222618807	.	.
col_ccp2_LN_bulk_3_1_1_top374.clonotypes.IGH	col_ccp2_LN_PCsort_3_1_1_top374.clonotypes.IGH	374	374	77	77	16273	6675	6619	2757	1.0000000000000004	0.9999999999999957	0.4067473729490567	0.4130337078651686	0.5665708197313916	0.1803827277023659	5.504876E-4	0.40987848883976025	0.3386689153628444	0.11046500904467645	0.0685722458310597	0.24451963700564036	0.04934991769140266	0.1147540984	0.5692618746322485	.	.
col_ccp2_LN_bulk_3_1_1_top374.clonotypes.IGH	col_ccp2_PBMC_bulk_1_1_1_top374.clonotypes.IGH	374	374	57	57	16273	35202	4200	9628	1.0000000000000004	0.9999999999999991	0.2580962330240275	0.27350718709164257	0.027578665899563492	0.23680030980815803	4.075038E-4	0.26568999735283766	0.19443516914426384	0.10397455244323382	0.07108757631478062	0.2759257117831602	0.04111893839028317	0.0824891462	0.2618614785523541	.	.
col_ccp2_LN_bulk_3_1_1_top374.clonotypes.IGH	col_ccp2_PBMC_bulk_1_1_2_top374.clonotypes.IGH	374	374	52	52	16273	22885	3529	5374	1.0000000000000004	1.0000000000000016	0.21686228722423648	0.23482630544024471	0.0345929521258324	0.03899542992494711	3.717578E-4	0.22566561478920227	0.1784626626372154	0.08405606418425586	0.05765640320841309	0.2507725200644321	0.022516812093468414	0.0747126437	0.34839354271537376	.	.
col_ccp2_LN_bulk_3_1_1_top374.clonotypes.IGH	col_ccp2_PBMC_PCsort_1_1_2_top374.clonotypes.IGH	374	374	44	44	16273	32793	3553	7546	1.0000000000000004	1.0000000000000047	0.2183371228415166	0.2301100844692465	0.18835353536912033	0.17371835597807236	3.145643E-4	0.22414632225364223	0.1693769406209699	0.12928192247581413	0.07529006355579457	0.2958553445312127	0.043217464844909265	0.0625	0.40092853847796556	.	.
col_ccp2_LN_bulk_3_1_1_top374.clonotypes.IGH	col_ccp2_tum_bulk_1_1_1_top374.clonotypes.IGH	374	374	61	61	16273	26784	3078	7134	1.0000000000000004	1.0000000000000002	0.1891476679161802	0.2663530465949821	0.3600047416537402	0.38351308425051167	4.361005E-4	0.22445502357000288	0.20039640240259052	0.08234286658464471	0.05180678296169196	0.22868257128615488	0.040172571043466616	0.0887918486	0.5997870787797053	.	.
col_ccp2_LN_bulk_3_1_1_top374.clonotypes.IGH	col_ccp2_tum_bulk_1_2_1_top374.clonotypes.IGH	374	374	57	57	16273	34979	3100	9637	1.0000000000000004	0.9999999999999999	0.1904996005653537	0.2755081620400812	0.7399033988416767	0.2508351631609107	4.075038E-4	0.22909429242373153	0.21066144706766027	0.08574349912188754	0.048653747919585016	0.21072703514960447	0.04290707145948288	0.0824891462	0.780780718010171	.	.
col_ccp2_LN_bulk_3_1_1_top374.clonotypes.IGH	col_ccp2_tum_bulk_1_3_1_top374.clonotypes.IGH	374	374	53	53	16273	18959	3790	3749	1.0000000000000004	0.999999999999999	0.23290112456215822	0.1977424969671396	0.033023226449895346	0.26788128377137777	3.78907E-4	0.21460300537824717	0.18082533855506655	0.10446402719639834	0.05889645376539909	0.24584864486692276	0.0355382711462213	0.0762589928	0.3836205577820895	.	.
col_ccp2_LN_bulk_3_1_1_top374.clonotypes.IGH	col_ccp2_tum_PCsort_1_1_1_top374.clonotypes.IGH	374	374	42	42	16273	20029	2541	4101	1.0000000000000004	1.0000000000000007	0.1561482209795367	0.20475310799340954	0.163407775311409	0.1662544263357693	3.002659E-4	0.17880669325615822	0.15163472799073763	0.1096967950132965	0.06605689604765007	0.2516438845623041	0.07703464645337392	0.059490085	0.48293637367766745	.	.
col_ccp2_LN_bulk_3_1_1_top374.clonotypes.IGH	col_ccp2_tum_PCsort_1_2_1_top374.clonotypes.IGH	374	374	44	44	16273	24250	3591	5569	1.0000000000000004	0.9999999999999991	0.2206722792355435	0.22964948453608247	0.31166770670893645	0.23169140851035425	3.145643E-4	0.22511613708893688	0.181448825259159	0.10134517589303048	0.05522070789779993	0.23829438418331028	0.052783191112987154	0.0625	0.5097126797492301	.	.
col_ccp2_LN_bulk_3_1_1_top374.clonotypes.IGH	col_ccp2_tum_PCsort_1_3_1_top374.clonotypes.IGH	374	374	35	35	16273	15896	3442	2159	1.0000000000000004	0.9999999999999986	0.2115160081115959	0.13582033215903375	-0.03786169568257655	0.22371838027883204	2.502216E-4	0.1694938774076215	0.12867111121155778	0.14343158468545894	0.07526360931877826	0.3018102034489153	0.09029952518899842	0.049088359	0.2701436209661798	.	.
col_ccp2_LN_PCsort_1_1_1_top374.clonotypes.IGH	col_ccp2_LN_PCsort_2_1_1_top374.clonotypes.IGH	374	374	60	60	32562	2475	7547	771	1.000000000000007	1.0000000000000027	0.23177323260241997	0.3115151515151515	0.24222110556239645	0.27749863206474984	4.289514E-4	0.26870220257991806	0.21086521639680827	0.12796008084700852	0.0939366670209706	0.3505476165373315	0.0976456290118411	0.0872093023	0.45390596591444504	.	.
col_ccp2_LN_PCsort_1_1_1_top374.clonotypes.IGH	col_ccp2_LN_PCsort_3_1_1_top374.clonotypes.IGH	374	374	59	59	32562	6675	14775	2239	1.000000000000007	0.9999999999999957	0.4537497696701675	0.3354307116104869	0.34464492855337403	0.3552225307719689	4.218022E-4	0.3901302450894557	0.3155535016797136	0.13542921008321593	0.09599560591017643	0.298809706568182	0.06657295614745938	0.0856313498	0.44147131185367244	.	.
col_ccp2_LN_PCsort_1_1_1_top374.clonotypes.IGH	col_ccp2_PBMC_bulk_1_1_1_top374.clonotypes.IGH	374	374	46	46	32562	35202	11352	6212	1.000000000000007	0.9999999999999991	0.3486272341993734	0.17646724617919438	0.02234637625321882	0.05015113232911608	3.288627E-4	0.24803485231360628	0.170540513329599	0.12159068465979969	0.09816587523006194	0.3329035474886582	0.0935223192877937	0.0655270655	0.16041240777049504	.	.
col_ccp2_LN_PCsort_1_1_1_top374.clonotypes.IGH	col_ccp2_PBMC_bulk_1_1_2_top374.clonotypes.IGH	374	374	51	51	32562	22885	8786	4067	1.000000000000007	1.0000000000000016	0.26982372090166445	0.17771466025781082	0.18813101533228044	-0.019425830645794697	3.646087E-4	0.21897860829208332	0.1706989204059684	0.11891805857624134	0.0954828409141359	0.3205110455820634	0.07429248705520224	0.0731707317	0.4222630212231448	.	.
col_ccp2_LN_PCsort_1_1_1_top374.clonotypes.IGH	col_ccp2_PBMC_PCsort_1_1_2_top374.clonotypes.IGH	374	374	43	43	32562	32793	10866	5998	1.000000000000007	1.0000000000000047	0.33370186106504507	0.1829048882383435	0.08842349508978899	-0.0228921134660227	3.074151E-4	0.24705404591511812	0.16710145401639379	0.1268720956263724	0.09336723257513357	0.3396791270824189	0.09578733511101915	0.0609929078	0.19904323443635805	.	.
col_ccp2_LN_PCsort_1_1_1_top374.clonotypes.IGH	col_ccp2_tum_bulk_1_1_1_top374.clonotypes.IGH	374	374	24	24	32562	26784	6377	3516	1.000000000000007	1.0000000000000002	0.1958417787605184	0.1312724014336918	0.1729742337379428	0.22683775554588953	1.715805E-4	0.16033908007388287	0.1366079312241412	0.10427674436757212	0.08317772440864078	0.291301461463959	0.042317645814836956	0.0331491713	0.584650757169631	.	.
col_ccp2_LN_PCsort_1_1_1_top374.clonotypes.IGH	col_ccp2_tum_bulk_1_2_1_top374.clonotypes.IGH	374	374	22	22	32562	34979	4614	4087	1.000000000000007	0.9999999999999999	0.14169891284319144	0.11684153349152349	0.1408342767103365	0.372776066827766	1.572822E-4	0.12867135761575	0.10563748368564548	0.12139740057905987	0.08535718925098863	0.29369386364897043	0.050684932607125616	0.0303030303	0.4632467330774816	.	.
col_ccp2_LN_PCsort_1_1_1_top374.clonotypes.IGH	col_ccp2_tum_bulk_1_3_1_top374.clonotypes.IGH	374	374	23	23	32562	18959	7000	1406	1.000000000000007	0.999999999999999	0.21497451016522326	0.07416002953742284	0.06914508556146866	0.17961425033794604	1.644314E-4	0.1262636765805826	0.10946785183046592	0.1196049082933213	0.08453107605737771	0.29667503163340886	0.04525043115512161	0.0317241379	0.33621632323456685	.	.
col_ccp2_LN_PCsort_1_1_1_top374.clonotypes.IGH	col_ccp2_tum_PCsort_1_1_1_top374.clonotypes.IGH	374	374	21	21	32562	20029	5123	1934	1.000000000000007	1.0000000000000007	0.1573306307966341	0.09655998801737482	0.14352151182761333	0.16737082456843713	1.50133E-4	0.12325519796133959	0.10030058369735252	0.12012670881196882	0.09165708464685585	0.3112229553951163	0.08388211081179808	0.0288858322	0.48083547207565763	.	.
col_ccp2_LN_PCsort_1_1_1_top374.clonotypes.IGH	col_ccp2_tum_PCsort_1_2_1_top374.clonotypes.IGH	374	374	22	22	32562	24250	6252	2315	1.000000000000007	0.9999999999999991	0.19200294822185368	0.09546391752577321	-0.03244234877862727	-0.19864048729647496	1.572822E-4	0.1353859431911465	0.0947799147758809	0.10224243830795458	0.07264261667353131	0.31866556635708987	0.07932227065847626	0.0303030303	0.2983649260299739	.	.
col_ccp2_LN_PCsort_1_1_1_top374.clonotypes.IGH	col_ccp2_tum_PCsort_1_3_1_top374.clonotypes.IGH	374	374	14	14	32562	15896	4930	579	1.000000000000007	0.9999999999999986	0.15140347644493582	0.03642425767488676	0.40472912259376204	0.6203150964930327	1.0008865E-4	0.0742614249722155	0.06759350971906947	0.12474671093316586	0.0836646552306461	0.33736926604820966	0.0872363868439551	0.0190735695	0.31524945634045876	.	.
col_ccp2_LN_PCsort_2_1_1_top374.clonotypes.IGH	col_ccp2_LN_PCsort_3_1_1_top374.clonotypes.IGH	374	374	92	92	2475	6675	956	2608	1.0000000000000027	0.9999999999999957	0.38626262626262636	0.39071161048689135	0.20814525931095365	0.3477061164517632	6.577254E-4	0.38848074955905726	0.31035451761509264	0.1693900652042512	0.11017690275810771	0.2886092606284406	0.1076285078543278	0.1402439024	0.28103127091559543	.	.
col_ccp2_LN_PCsort_2_1_1_top374.clonotypes.IGH	col_ccp2_PBMC_bulk_1_1_1_top374.clonotypes.IGH	374	374	75	75	2475	35202	810	10585	1.0000000000000027	0.9999999999999991	0.3272727272727273	0.3006931424350889	0.5216754752268916	0.23497200537299803	5.361892E-4	0.31370155370501146	0.2743224995640191	0.1699731651042787	0.08832480140563825	0.27238993932022754	0.0645410581678713	0.1114413076	0.6902404220310999	.	.
col_ccp2_LN_PCsort_2_1_1_top374.clonotypes.IGH	col_ccp2_PBMC_bulk_1_1_2_top374.clonotypes.IGH	374	374	69	69	2475	22885	739	6368	1.0000000000000027	1.0000000000000016	0.2985858585858587	0.27826086956521745	0.620706328028922	0.2058606658572245	4.932941E-4	0.2882442725362953	0.2577496320026556	0.13140134356485927	0.06845264911603482	0.24163191512295965	0.046819786000814066	0.1016200295	0.7290212184129405	.	.
col_ccp2_LN_PCsort_2_1_1_top374.clonotypes.IGH	col_ccp2_PBMC_PCsort_1_1_2_top374.clonotypes.IGH	374	374	60	60	2475	32793	722	8818	1.0000000000000027	1.0000000000000047	0.2917171717171719	0.26889885036440697	0.4208681764355581	0.16783228745151976	4.289514E-4	0.28007572566415645	0.237563552279735	0.20170931000158096	0.10166137534288723	0.30630265492627445	0.0820370133602915	0.0872093023	0.6262366590804055	.	.
col_ccp2_LN_PCsort_2_1_1_top374.clonotypes.IGH	col_ccp2_tum_bulk_1_1_1_top374.clonotypes.IGH	374	374	17	17	2475	26784	299	2068	1.0000000000000027	1.0000000000000002	0.12080808080808081	0.07721027479091998	0.3864974424740147	-0.06781879815762688	1.215362E-4	0.09657963095889105	0.07721329878516038	0.15452864315128031	0.08167728021695517	0.3155780215839346	0.12600002925222048	0.023255814	0.49830704743310106	.	.
col_ccp2_LN_PCsort_2_1_1_top374.clonotypes.IGH	col_ccp2_tum_bulk_1_2_1_top374.clonotypes.IGH	374	374	21	21	2475	34979	207	4178	1.0000000000000027	0.9999999999999999	0.08363636363636365	0.11944309442808543	-0.028604468846791232	0.2384468479675565	1.50133E-4	0.09994891735001372	0.0760336537582269	0.1764045328254273	0.09191819688154289	0.32776638455731033	0.13065443367798615	0.0288858322	0.3186143268241439	.	.
col_ccp2_LN_PCsort_2_1_1_top374.clonotypes.IGH	col_ccp2_tum_bulk_1_3_1_top374.clonotypes.IGH	374	374	24	24	2475	18959	334	1314	1.0000000000000027	0.999999999999999	0.13494949494949496	0.06930745292473231	0.014225123739483534	0.168649227596828	1.715805E-4	0.09671093923868448	0.07687886828994629	0.1729155866483971	0.09160390222807127	0.3066048795210106	0.1096724108536953	0.0331491713	0.25177927369437364	.	.
col_ccp2_LN_PCsort_2_1_1_top374.clonotypes.IGH	col_ccp2_tum_PCsort_1_1_1_top374.clonotypes.IGH	374	374	19	19	2475	20029	303	1687	1.0000000000000027	1.0000000000000007	0.12242424242424244	0.08422786958909578	-0.0934581520797144	-0.09107212801559057	1.358346E-4	0.10154571938517615	0.07066117054159197	0.16579666744260085	0.09082545658957986	0.31648367666030863	0.15928055919987777	0.0260631001	0.2271205252191227	.	.
col_ccp2_LN_PCsort_2_1_1_top374.clonotypes.IGH	col_ccp2_tum_PCsort_1_2_1_top374.clonotypes.IGH	374	374	21	21	2475	24250	284	2598	1.0000000000000027	0.9999999999999991	0.11474747474747472	0.10713402061855672	-0.0568431496691316	0.26765913436637884	1.50133E-4	0.11087541803990311	0.07384457406785375	0.15446126729554072	0.080296280219912	0.3117909160662084	0.14960870834284107	0.0288858322	0.2124453141658398	.	.
col_ccp2_LN_PCsort_2_1_1_top374.clonotypes.IGH	col_ccp2_tum_PCsort_1_3_1_top374.clonotypes.IGH	374	374	16	16	2475	15896	148	1402	1.0000000000000027	0.9999999999999986	0.0597979797979798	0.0881982888777051	-0.17468672269620217	-0.06394449716263088	1.14387E-4	0.07262285794793122	0.04897429693160181	0.164013270314108	0.08985884919122504	0.32374994267766194	0.18737574064165669	0.0218579235	0.1395619406536036	.	.
col_ccp2_LN_PCsort_3_1_1_top374.clonotypes.IGH	col_ccp2_PBMC_bulk_1_1_1_top374.clonotypes.IGH	374	374	71	71	6675	35202	2220	9071	0.9999999999999957	0.9999999999999991	0.33258426966292143	0.2576842224873588	0.33188133719748353	0.28616175223065915	5.075924E-4	0.2927485592443044	0.2355204327345564	0.14607885419452285	0.11142437132694741	0.3049909493452461	0.10847518016697007	0.1048744461	0.2892089987950043	.	.
col_ccp2_LN_PCsort_3_1_1_top374.clonotypes.IGH	col_ccp2_PBMC_bulk_1_1_2_top374.clonotypes.IGH	374	374	57	57	6675	22885	1862	5153	0.9999999999999957	1.0000000000000016	0.2789513108614232	0.22516932488529606	0.2975674395799539	0.3534479964888876	4.075038E-4	0.2506217834557384	0.20265788375297977	0.14479776691395965	0.10784376150869908	0.29120153144767086	0.08515060628571819	0.0824891462	0.25628991893913705	.	.
col_ccp2_LN_PCsort_3_1_1_top374.clonotypes.IGH	col_ccp2_PBMC_PCsort_1_1_2_top374.clonotypes.IGH	374	374	56	56	6675	32793	2193	7870	0.9999999999999957	1.0000000000000047	0.3285393258426967	0.2399902418199005	0.5762282073447068	0.3515479191256611	4.003546E-4	0.28079571267442077	0.23309645397495687	0.12419737531698997	0.09232331190948394	0.28485628195023077	0.1107407921588924	0.0809248555	0.44112180193154776	.	.
col_ccp2_LN_PCsort_3_1_1_top374.clonotypes.IGH	col_ccp2_tum_bulk_1_1_1_top374.clonotypes.IGH	374	374	37	37	6675	26784	778	4197	0.9999999999999957	1.0000000000000002	0.11655430711610484	0.15669802867383514	0.3557562462903975	0.41880018692802223	2.6452E-4	0.1351437388802692	0.1177787653361342	0.168071006318823	0.10925402471118012	0.32533214973382146	0.08422041452962871	0.0520393812	0.6300144870723738	.	.
col_ccp2_LN_PCsort_3_1_1_top374.clonotypes.IGH	col_ccp2_tum_bulk_1_2_1_top374.clonotypes.IGH	374	374	30	30	6675	34979	569	6099	0.9999999999999957	0.9999999999999999	0.08524344569288389	0.17436175991309072	0.5722329836046565	0.422914730370928	2.144757E-4	0.12191471286135734	0.11050202688129257	0.17074596085015775	0.10341713274825916	0.33773664346091764	0.08653383341093222	0.0417827298	0.5093999024906671	.	.
col_ccp2_LN_PCsort_3_1_1_top374.clonotypes.IGH	col_ccp2_tum_bulk_1_3_1_top374.clonotypes.IGH	374	374	32	32	6675	18959	1866	1964	0.9999999999999957	0.999999999999999	0.27955056179775284	0.10359196160135026	0.04082007924775854	-4.590948220079546E-4	2.287741E-4	0.1701740023134812	0.1288013342963303	0.19154179862967183	0.12235673833532407	0.358528215340941	0.09902909536851089	0.0446927374	0.11315692605183617	.	.
col_ccp2_LN_PCsort_3_1_1_top374.clonotypes.IGH	col_ccp2_tum_PCsort_1_1_1_top374.clonotypes.IGH	374	374	30	30	6675	20029	673	3163	0.9999999999999957	1.0000000000000007	0.10082397003745316	0.15792101452893303	-0.11725950909565322	-0.21373642699126355	2.144757E-4	0.12618329381161894	0.09034728331520049	0.12399788939926851	0.07339025598397117	0.2846119821794808	0.10396098830303617	0.0417827298	0.1767456594318761	.	.
col_ccp2_LN_PCsort_3_1_1_top374.clonotypes.IGH	col_ccp2_tum_PCsort_1_2_1_top374.clonotypes.IGH	374	374	33	33	6675	24250	1691	4884	0.9999999999999957	0.9999999999999991	0.2533333333333333	0.2014020618556701	-0.060954046660492055	0.21808186750687475	2.359232E-4	0.22588017989656173	0.13199840607913993	0.15225542022922908	0.08912382197645734	0.3132929629597542	0.11460539271209501	0.0461538462	0.11253469358724875	.	.
col_ccp2_LN_PCsort_3_1_1_top374.clonotypes.IGH	col_ccp2_tum_PCsort_1_3_1_top374.clonotypes.IGH	374	374	26	26	6675	15896	1383	1469	0.9999999999999957	0.9999999999999986	0.20719101123595507	0.09241318570709613	0.024524673049781044	0.3407611359746674	1.858789E-4	0.13837334063391457	0.09474774834339746	0.137149133663947	0.07729489943358007	0.3357672376270458	0.15389332000421846	0.0360110803	0.09988571256196391	.	.
col_ccp2_PBMC_bulk_1_1_1_top374.clonotypes.IGH	col_ccp2_PBMC_bulk_1_1_2_top374.clonotypes.IGH	374	374	174	174	35202	22885	27289	16463	0.9999999999999991	1.0000000000000016	0.7752116357025172	0.7193795062267863	0.9476467527697878	0.6696513734951249	0.0012439589	0.7467739709664071	0.7262708769734593	0.023468842119321345	0.014763707561797328	0.07138843734769672	0.00957314966136798	0.3031358885	0.9090702868409496	.	.
col_ccp2_PBMC_bulk_1_1_1_top374.clonotypes.IGH	col_ccp2_PBMC_PCsort_1_1_2_top374.clonotypes.IGH	374	374	168	168	35202	32793	27219	24464	0.9999999999999991	1.0000000000000047	0.7732231123231634	0.7460128686000062	0.956996119437462	0.6702821073615123	0.0012010638	0.7594961435662645	0.7368636508464087	0.02393344741733334	0.015283712939546073	0.07618393305424975	0.006344458994282049	0.2896551724	0.964116262541	.	.
col_ccp2_PBMC_bulk_1_1_1_top374.clonotypes.IGH	col_ccp2_tum_bulk_1_1_1_top374.clonotypes.IGH	374	374	25	25	35202	26784	3295	2710	0.9999999999999991	1.0000000000000002	0.09360263621385148	0.10117980884109916	0.26400694927109103	-0.22247882986913023	1.787297E-4	0.09731750530680715	0.0777964188430689	0.10970226436387155	0.06338065132408072	0.2823037467190836	0.07847177881854861	0.0345781466	0.5366429638383653	.	.
col_ccp2_PBMC_bulk_1_1_1_top374.clonotypes.IGH	col_ccp2_tum_bulk_1_2_1_top374.clonotypes.IGH	374	374	31	31	35202	34979	2814	2715	0.9999999999999991	0.9999999999999999	0.07993863985000851	0.0776179993710512	0.07986260538317537	-0.011604439959634198	2.216249E-4	0.07876977401008999	0.06548247809327923	0.10845037739207129	0.06446078795781089	0.26151704617788984	0.08913595539463484	0.0432357043	0.42061727462243187	.	.
col_ccp2_PBMC_bulk_1_1_1_top374.clonotypes.IGH	col_ccp2_tum_bulk_1_3_1_top374.clonotypes.IGH	374	374	31	31	35202	18959	8133	1548	0.9999999999999991	0.999999999999999	0.23103800920402248	0.08164987604831478	-0.08539634539135817	0.08801859469767975	2.216249E-4	0.1373470961249558	0.10034925004217889	0.12086941777328121	0.07294655523988502	0.2771387647461573	0.06696060701568309	0.0432357043	0.09720677625307307	.	.
col_ccp2_PBMC_bulk_1_1_1_top374.clonotypes.IGH	col_ccp2_tum_PCsort_1_1_1_top374.clonotypes.IGH	374	374	22	22	35202	20029	2593	2561	0.9999999999999991	1.0000000000000007	0.07366058746662121	0.12786459633531377	-0.07547862994565065	0.21895354292361516	1.572822E-4	0.09704937548609777	0.0647020050336309	0.1433790015046344	0.0856155728293695	0.3187701713514812	0.12535091899043527	0.0303030303	0.15018759473767776	.	.
col_ccp2_PBMC_bulk_1_1_1_top374.clonotypes.IGH	col_ccp2_tum_PCsort_1_2_1_top374.clonotypes.IGH	374	374	20	20	35202	24250	3759	1488	0.9999999999999991	0.9999999999999991	0.10678370547128005	0.06136082474226805	-0.09630220377010319	-0.08317652075737245	1.429838E-4	0.08094650231327592	0.05999685472953087	0.14931022694763366	0.08511316146063529	0.29167251968562974	0.10308069392964989	0.0274725275	0.2881346785756575	.	.
col_ccp2_PBMC_bulk_1_1_1_top374.clonotypes.IGH	col_ccp2_tum_PCsort_1_3_1_top374.clonotypes.IGH	374	374	15	15	35202	15896	5350	1460	0.9999999999999991	0.9999999999999986	0.1519800011362991	0.0918470055359839	-0.08982352681763121	0.29695885509839	1.072378E-4	0.11814782268719345	0.06320601608994768	0.17392952701415132	0.10533899099841797	0.3649467456330981	0.14250317277958782	0.0204638472	0.08852353845171888	.	.
col_ccp2_PBMC_bulk_1_1_2_top374.clonotypes.IGH	col_ccp2_PBMC_PCsort_1_1_2_top374.clonotypes.IGH	374	374	143	143	22885	32793	14848	22517	1.0000000000000016	1.0000000000000047	0.6488092637098536	0.6866404415576496	0.9136416459745503	0.6320985888660735	0.0010223341	0.6674568745023362	0.6405971989801515	0.05057419298357189	0.02622242359232324	0.11908732261898479	0.018642893436213975	0.2363636364	0.8719494035568629	.	.
col_ccp2_PBMC_bulk_1_1_2_top374.clonotypes.IGH	col_ccp2_tum_bulk_1_1_1_top374.clonotypes.IGH	374	374	21	21	22885	26784	1793	2271	1.0000000000000016	1.0000000000000002	0.07834826305440244	0.0847894265232975	0.48736499447417175	-0.4328023952182035	1.50133E-4	0.08150524089578069	0.06879463812338808	0.09829716734922479	0.05184817813734599	0.261136626038535	0.06595421787589623	0.0288858322	0.6848864979359089	.	.
col_ccp2_PBMC_bulk_1_1_2_top374.clonotypes.IGH	col_ccp2_tum_bulk_1_2_1_top374.clonotypes.IGH	374	374	23	23	22885	34979	1407	2127	1.0000000000000016	0.9999999999999999	0.06148131964168669	0.060807913319420225	-0.05909631115638619	-0.21211377897981049	1.644314E-4	0.06114368941710381	0.05285990428510148	0.09530002858824398	0.05317258719279525	0.23865375036725345	0.07220446032011898	0.0317241379	0.5398267528886914	.	.
col_ccp2_PBMC_bulk_1_1_2_top374.clonotypes.IGH	col_ccp2_tum_bulk_1_3_1_top374.clonotypes.IGH	374	374	28	28	22885	18959	3917	1465	1.0000000000000016	0.999999999999999	0.1711601485689316	0.07727200801730051	-0.11857471877337776	-0.020282307988182095	2.001773E-4	0.11500386242409787	0.08877784667718268	0.1158902997266075	0.06332984469939291	0.2533045581859476	0.05051643544190243	0.0388888889	0.16292959671433777	.	.
col_ccp2_PBMC_bulk_1_1_2_top374.clonotypes.IGH	col_ccp2_tum_PCsort_1_1_1_top374.clonotypes.IGH	374	374	14	14	22885	20029	1266	789	1.0000000000000016	1.0000000000000007	0.05532007865414027	0.03939288032353089	0.16873030533572855	-0.18502247526320026	1.0008865E-4	0.04668208690612346	0.039116134929940434	0.12380521506606412	0.07150459220852101	0.292599943964572	0.09944804498842029	0.0190735695	0.38915518348754397	.	.
col_ccp2_PBMC_bulk_1_1_2_top374.clonotypes.IGH	col_ccp2_tum_PCsort_1_2_1_top374.clonotypes.IGH	374	374	18	18	22885	24250	1978	865	1.0000000000000016	0.9999999999999991	0.0864321608040201	0.03567010309278351	-0.031761523843485906	-0.13205608894020285	1.286854E-4	0.055525166243888355	0.046101687323097114	0.1361479103049429	0.07808598658369373	0.2873086200214272	0.08038383155144926	0.0246575342	0.29534682996943185	.	.
col_ccp2_PBMC_bulk_1_1_2_top374.clonotypes.IGH	col_ccp2_tum_PCsort_1_3_1_top374.clonotypes.IGH	374	374	12	12	22885	15896	2207	381	1.0000000000000016	0.9999999999999986	0.09643871531570897	0.02396829391041772	0.3728948671889725	0.38596728820237725	8.57903E-5	0.048077764850604436	0.03928433049178919	0.16493450507965027	0.09491760276155763	0.33008519097618993	0.116704153367612	0.0163043478	0.13562727034799268	.	.
col_ccp2_PBMC_PCsort_1_1_2_top374.clonotypes.IGH	col_ccp2_tum_bulk_1_1_1_top374.clonotypes.IGH	374	374	18	18	32793	26784	2675	1715	1.0000000000000047	1.0000000000000002	0.08157228676851767	0.06403076463560334	0.34845520330763174	0.1307493714653073	1.286854E-4	0.07227126603888226	0.05842483060828273	0.15074630782125029	0.07816893916822706	0.30132432145021343	0.07767682328326636	0.0246575342	0.5524206753903095	.	.
col_ccp2_PBMC_PCsort_1_1_2_top374.clonotypes.IGH	col_ccp2_tum_bulk_1_2_1_top374.clonotypes.IGH	374	374	18	18	32793	34979	1726	1806	1.0000000000000047	0.9999999999999999	0.05263318391120056	0.051630978587152286	0.11300364690550048	-0.11931818181818181	1.286854E-4	0.05212967285042987	0.043342982385922074	0.14317300467021601	0.07511980279338694	0.2796270161703815	0.09390659371419642	0.0246575342	0.4376203443380128	.	.
col_ccp2_PBMC_PCsort_1_1_2_top374.clonotypes.IGH	col_ccp2_tum_bulk_1_3_1_top374.clonotypes.IGH	374	374	25	25	32793	18959	7902	1326	1.0000000000000047	0.999999999999999	0.24096605982984173	0.06994039770030065	-0.09620460357209308	0.31657035105827197	1.787297E-4	0.12982011422261797	0.09038553478865491	0.15402602087827835	0.0803384149285105	0.2936771182844232	0.0681675000356157	0.0345781466	0.0807322476268118	.	.
col_ccp2_PBMC_PCsort_1_1_2_top374.clonotypes.IGH	col_ccp2_tum_PCsort_1_1_1_top374.clonotypes.IGH	374	374	17	17	32793	20029	2290	917	1.0000000000000047	1.0000000000000007	0.06983197633641326	0.04578361376004795	0.05617993766954669	-0.05651122708652737	1.215362E-4	0.056543436689744576	0.04425480781883064	0.14791503774008116	0.08296339678106457	0.3229482492875215	0.12606397927461438	0.023255814	0.3412621442791755	.	.
col_ccp2_PBMC_PCsort_1_1_2_top374.clonotypes.IGH	col_ccp2_tum_PCsort_1_2_1_top374.clonotypes.IGH	374	374	18	18	32793	24250	3531	1191	1.0000000000000047	0.9999999999999991	0.10767541853444332	0.049113402061855674	-0.08698025288286414	-0.1221532745614383	1.286854E-4	0.07272074066358718	0.05243079700906254	0.16454255723870592	0.08794064628174804	0.29536456568347774	0.10652952867458865	0.0246575342	0.2408641854979933	.	.
col_ccp2_PBMC_PCsort_1_1_2_top374.clonotypes.IGH	col_ccp2_tum_PCsort_1_3_1_top374.clonotypes.IGH	374	374	14	14	32793	15896	5711	459	1.0000000000000047	0.9999999999999986	0.1741530204616839	0.028875188726723705	0.37023701813111876	0.36644591611479027	1.0008865E-4	0.070913336779199	0.053013592624903974	0.17182875557406185	0.0948325982860023	0.3579041698183961	0.14423998622884382	0.0190735695	0.07764536482044755	.	.
col_ccp2_tum_bulk_1_1_1_top374.clonotypes.IGH	col_ccp2_tum_bulk_1_2_1_top374.clonotypes.IGH	374	374	155	155	26784	34979	16526	21071	1.0000000000000002	0.9999999999999999	0.6170101553166069	0.6023900054318302	0.4201674211367006	0.47449532174141545	0.0011081243	0.6096562562728813	0.5619536032572159	0.026815707563632753	0.014723482532858411	0.10101739239564891	0.019799504005596144	0.2613827993	0.6920977310860091	.	.
col_ccp2_tum_bulk_1_1_1_top374.clonotypes.IGH	col_ccp2_tum_bulk_1_3_1_top374.clonotypes.IGH	374	374	126	126	26784	18959	14342	8657	1.0000000000000002	0.999999999999999	0.5354689366786141	0.4566169101745873	0.3856772385603051	0.32305301027548905	9.007978E-4	0.4944736306019366	0.45277399955950437	0.03842157844372932	0.0216703231254007	0.11673002240381904	0.01720970153224429	0.2025723473	0.6982835806625327	.	.
col_ccp2_tum_bulk_1_1_1_top374.clonotypes.IGH	col_ccp2_tum_PCsort_1_1_1_top374.clonotypes.IGH	374	374	141	141	26784	20029	16899	12055	1.0000000000000002	1.0000000000000007	0.6309363799283155	0.6018772779469772	0.5664629708942284	0.5061570220920221	0.0010080357	0.616235564462953	0.5712615087821606	0.0690083726701569	0.040891812386349806	0.13225501278693583	0.03067750746049705	0.2322899506	0.7332591061273884	.	.
col_ccp2_tum_bulk_1_1_1_top374.clonotypes.IGH	col_ccp2_tum_PCsort_1_2_1_top374.clonotypes.IGH	374	374	114	114	26784	24250	13126	12506	1.0000000000000002	0.9999999999999991	0.49006869772998807	0.5157113402061856	0.4485714493749145	0.45112526358315425	8.150076E-4	0.5027265508200579	0.44138380574541225	0.06008778465389526	0.03850193851307641	0.16246623792821008	0.033242648344678244	0.1798107256	0.6180205742794257	.	.
col_ccp2_tum_bulk_1_1_1_top374.clonotypes.IGH	col_ccp2_tum_PCsort_1_3_1_top374.clonotypes.IGH	374	374	82	82	26784	15896	10389	5721	1.0000000000000002	0.9999999999999986	0.3878808243727598	0.35990186210367375	0.29448207025776735	0.1792681436066991	5.862335E-4	0.37362953706320423	0.31998481246050553	0.10611074336320077	0.05918301781044653	0.22961896024608938	0.0387381750987636	0.1231231231	0.5975520280572085	.	.
col_ccp2_tum_bulk_1_2_1_top374.clonotypes.IGH	col_ccp2_tum_bulk_1_3_1_top374.clonotypes.IGH	374	374	124	124	34979	18959	18216	8497	0.9999999999999999	0.999999999999999	0.5207696046199145	0.448177646500343	0.21165717591260563	0.36067664317961257	8.864995E-4	0.48311209441232933	0.43533028508633387	0.05959289292750524	0.031799155025179646	0.1408410778149853	0.021588378897477948	0.1987179487	0.5847413527471669	.	.
col_ccp2_tum_bulk_1_2_1_top374.clonotypes.IGH	col_ccp2_tum_PCsort_1_1_1_top374.clonotypes.IGH	374	374	118	118	34979	20029	16052	10172	0.9999999999999999	1.0000000000000007	0.4589039137768374	0.5078635977832143	0.26436556722395227	0.3626690639639744	8.436043E-4	0.4827634956036989	0.42359786760191864	0.0874797766185992	0.049796532990518436	0.1875649677009384	0.029477667863937487	0.1873015873	0.5179705065500654	.	.
col_ccp2_tum_bulk_1_2_1_top374.clonotypes.IGH	col_ccp2_tum_PCsort_1_2_1_top374.clonotypes.IGH	374	374	125	125	34979	24250	20519	14484	0.9999999999999999	0.9999999999999991	0.5866091083221361	0.5972783505154643	0.6734994125963866	0.5608496939290906	8.936487E-4	0.5919196910189699	0.5451415185381013	0.0609053801157774	0.03484637132732019	0.14072366039519665	0.019151044891658	0.2006420546	0.7757145261935005	.	.
col_ccp2_tum_bulk_1_2_1_top374.clonotypes.IGH	col_ccp2_tum_PCsort_1_3_1_top374.clonotypes.IGH	374	374	78	78	34979	15896	13653	6052	0.9999999999999999	0.9999999999999986	0.3903199062294518	0.3807247106190233	0.0012374908487582513	0.2827219008729764	5.576368E-4	0.3854924556305251	0.3082859740251852	0.1215000137465657	0.06348521754502486	0.24480877714109991	0.02628462413638501	0.1164179104	0.3609315539092908	.	.
col_ccp2_tum_bulk_1_3_1_top374.clonotypes.IGH	col_ccp2_tum_PCsort_1_1_1_top374.clonotypes.IGH	374	374	87	87	18959	20029	6188	8471	0.999999999999999	1.0000000000000007	0.3263885226014031	0.4229367417244994	0.2369769866603699	0.20427950916634777	6.219795E-4	0.3715396321865415	0.32304268324973795	0.08745325125427142	0.0541847455142559	0.17411600874674757	0.042602470394163934	0.1316187595	0.4832698092406462	.	.
col_ccp2_tum_bulk_1_3_1_top374.clonotypes.IGH	col_ccp2_tum_PCsort_1_2_1_top374.clonotypes.IGH	374	374	82	82	18959	24250	5986	11206	0.999999999999999	0.9999999999999991	0.3157339522126694	0.46210309278350514	0.2928375655971087	0.32686936879989015	5.862335E-4	0.38197072638388657	0.3280834204588602	0.08522174336423158	0.049955388441424116	0.18285908183924218	0.04317248139629835	0.1231231231	0.4737306753565133	.	.
col_ccp2_tum_bulk_1_3_1_top374.clonotypes.IGH	col_ccp2_tum_PCsort_1_3_1_top374.clonotypes.IGH	374	374	128	128	18959	15896	9458	7300	0.999999999999999	0.9999999999999986	0.4988659739437735	0.45923502767991936	0.5451879008402096	0.23790798134872485	9.150962E-4	0.4786405011620295	0.44019125045804536	0.09400176665190353	0.05209450430653964	0.1915575910827735	0.04366371300321389	0.2064516129	0.7386709618694622	.	.
col_ccp2_tum_PCsort_1_1_1_top374.clonotypes.IGH	col_ccp2_tum_PCsort_1_2_1_top374.clonotypes.IGH	374	374	89	89	20029	24250	9266	10658	1.0000000000000007	0.9999999999999991	0.4626291876778672	0.4395051546391753	0.5483123289265047	0.4677248365300621	6.362778E-4	0.4509189646388329	0.40741773614689974	0.05123033396319494	0.03211687466346739	0.16439604105021266	0.029074639872645233	0.1350531108	0.7026405318660033	.	.
col_ccp2_tum_PCsort_1_1_1_top374.clonotypes.IGH	col_ccp2_tum_PCsort_1_3_1_top374.clonotypes.IGH	374	374	73	73	20029	15896	8107	4986	1.0000000000000007	0.9999999999999986	0.40476309351440415	0.313663814796175	0.5135342830182642	0.2803016270285486	5.218908E-4	0.3563138167408456	0.3217889291302634	0.05394890563376041	0.031272081551661474	0.16584468291678126	0.028380845110050918	0.1081481481	0.6566388423781736	.	.
col_ccp2_tum_PCsort_1_2_1_top374.clonotypes.IGH	col_ccp2_tum_PCsort_1_3_1_top374.clonotypes.IGH	374	374	67	67	24250	15896	10231	5704	0.9999999999999991	0.9999999999999986	0.421896907216495	0.3588324106693506	0.19939034019554722	0.4344740298477794	4.789957E-4	0.38908904414084733	0.3143493936513276	0.07017762761047593	0.038641817167444546	0.2029032732421316	0.022398327880048582	0.0983847283	0.45602074192593256	.	.
