1_sample_id	2_sample_id	div1	div2	div12	div21	count1	count2	count12	count21	freq1	freq2	freq12	freq21	R	Rs	D	F	F2	vJSD	vjJSD	vj2JSD	sJSD	Jaccard	MorisitaHorn	1_metadata_blank	2_metadata_blank
col_ccp3_LN_bulk_1_1_1_top197.clonotypes.IGHG	col_ccp3_LN_bulk_2_1_1_top197.clonotypes.IGHG	197	197	21	21	447	536	65	82	0.9999999999999974	0.9999999999999943	0.14541387024608504	0.15298507462686564	-0.22906030429088942	-0.46293881248703883	5.411116E-4	0.14915143911936846	0.13483523956705384	0.096337712483161	0.052494864434391934	0.3364447898707444	0.03279341418028681	0.0563002681	0.6512890677552299	.	.
col_ccp3_LN_bulk_1_1_1_top197.clonotypes.IGHG	col_ccp3_LN_bulk_3_1_1_top197.clonotypes.IGHG	197	197	15	15	447	2222	49	387	0.9999999999999974	1.0000000000000007	0.10961968680089487	0.17416741674167419	0.30507107373068476	0.0896607025093659	3.865083E-4	0.13817444653098218	0.11980809566101495	0.12999974685141422	0.0703609022112479	0.3337670148055631	0.0542452120874665	0.0395778364	0.5011308896693448	.	.
col_ccp3_LN_bulk_1_1_1_top197.clonotypes.IGHG	col_ccp3_LN_PCsort_1_1_1_top197.clonotypes.IGHG	197	197	24	24	447	268	78	58	0.9999999999999974	0.9999999999999947	0.17449664429530204	0.21641791044776118	0.8011609965081415	0.3731884518604704	6.184133E-4	0.1943301292608419	0.18792924985747284	0.07858715743444797	0.04923806056364726	0.2883823988878104	0.036315034573959355	0.0648648649	0.9094803849433736	.	.
col_ccp3_LN_bulk_1_1_1_top197.clonotypes.IGHG	col_ccp3_LN_PCsort_2_1_1_top197.clonotypes.IGHG	197	197	9	9	447	339	32	23	0.9999999999999974	1.0000000000000022	0.07158836689038031	0.06784660766961652	-0.33579850187508475	-0.33717089216940976	2.31905E-4	0.06969238008649294	0.06455091929798318	0.21630862442371088	0.11503985054667742	0.3991827300996349	0.019878112775126543	0.0233766234	0.7666035724373972	.	.
col_ccp3_LN_bulk_1_1_1_top197.clonotypes.IGHG	col_ccp3_LN_PCsort_3_1_1_top197.clonotypes.IGHG	197	197	9	9	447	233	23	19	0.9999999999999974	0.9999999999999959	0.05145413870246084	0.08154506437768241	0.8756936554745284	0.5680572819973813	2.31905E-4	0.06477523487406564	0.06205498286746631	0.09759632316614912	0.05470960848285502	0.3589593741325988	0.031755739559588124	0.0233766234	0.6695657248148134	.	.
col_ccp3_LN_bulk_1_1_1_top197.clonotypes.IGHG	col_ccp3_PBMC_bulk_1_1_1_top197.clonotypes.IGHG	197	197	15	15	447	1881	40	227	0.9999999999999974	0.9999999999999968	0.0894854586129754	0.12068048910154174	-0.15515841390015359	0.08646898160332597	3.865083E-4	0.10391895357868863	0.09128099755719475	0.17286906756731993	0.10095161740367165	0.34969371043773634	0.034587199475216754	0.0395778364	0.4373702676820833	.	.
col_ccp3_LN_bulk_1_1_1_top197.clonotypes.IGHG	col_ccp3_PBMC_bulk_1_1_2_top197.clonotypes.IGHG	197	197	15	15	447	1495	51	199	0.9999999999999974	0.9999999999999993	0.11409395973154361	0.1331103678929766	-0.17673063347810486	-0.007691170029396133	3.865083E-4	0.12323590773079178	0.10678083563937137	0.19252669774040435	0.10957667120807107	0.3586350056566405	0.04325821640486311	0.0395778364	0.5012187147880962	.	.
col_ccp3_LN_bulk_1_1_1_top197.clonotypes.IGHG	col_ccp3_PBMC_PCsort_1_1_1_top197.clonotypes.IGHG	197	197	16	16	447	3026	36	510	0.9999999999999974	0.9999999999999979	0.08053691275167785	0.16853932584269665	-0.16472059499542643	-0.37194572667195064	4.122755E-4	0.11650595255445047	0.08803248965919715	0.298045905009218	0.17007823895336244	0.44858394876869223	0.11775521969607708	0.0423280423	0.19594104087109435	.	.
col_ccp3_LN_bulk_1_1_1_top197.clonotypes.IGHG	col_ccp3_PBMC_PCsort_1_1_2_top197.clonotypes.IGHG	197	197	16	16	447	992	43	186	0.9999999999999974	1.0000000000000047	0.09619686800894854	0.18749999999999994	-0.011209585218252455	-0.11364620313769208	4.122755E-4	0.13430157389873676	0.10871746589298659	0.22965003103867065	0.12218462449096958	0.38917903306797375	0.06724598520393976	0.0423280423	0.29141655350636414	.	.
col_ccp3_LN_bulk_1_1_1_top197.clonotypes.IGHG	col_ccp3_tum_bulk_1_1_1_top197.clonotypes.IGHG	197	197	14	14	447	1112	45	88	0.9999999999999974	0.9999999999999974	0.10067114093959732	0.07913669064748201	-0.042624839825810376	-0.10043220776113893	3.607411E-4	0.08925682572031102	0.08412101651997829	0.11945546234859315	0.06863487411838437	0.33437573043331903	0.034872078255224155	0.0368421053	0.7794110635397064	.	.
col_ccp3_LN_bulk_1_1_1_top197.clonotypes.IGHG	col_ccp3_tum_bulk_1_2_1_top197.clonotypes.IGHG	197	197	12	12	447	15188	36	1152	0.9999999999999974	1.0000000000000018	0.08053691275167785	0.07584935475375296	0.24932369334814808	0.5324146650749345	3.092066E-4	0.07815799937353862	0.06605014035878824	0.26074503530780246	0.13920005999225626	0.5356582007596467	0.13461925361240573	0.0314136126	0.5346313814445018	.	.
col_ccp3_LN_bulk_1_1_1_top197.clonotypes.IGHG	col_ccp3_tum_bulk_1_3_1_top197.clonotypes.IGHG	197	197	20	20	447	15357	61	4057	0.9999999999999974	1.0000000000000007	0.1364653243847875	0.26417920166699227	0.27643625730063837	0.22964474527244644	5.153444E-4	0.18987180004202914	0.13931684280487938	0.32851756431200263	0.18861517485512488	0.48823539005027855	0.08955022359148991	0.0534759358	0.17384211795325824	.	.
col_ccp3_LN_bulk_1_1_1_top197.clonotypes.IGHG	col_ccp3_tum_PCsort_1_1_1_top197.clonotypes.IGHG	197	197	2	2	447	424	5	4	0.9999999999999974	1.0000000000000058	0.011185682326621923	0.009433962264150943	0.0	0.0	5.15344E-5	0.010272551044805343	0.010220532418067396	0.13085293198673156	0.08820024694319312	0.3628999133631128	0.042983934930630345	0.0051020408	0.9631564504162049	.	.
col_ccp3_LN_bulk_1_1_1_top197.clonotypes.IGHG	col_ccp3_tum_PCsort_1_2_1_top197.clonotypes.IGHG	197	197	12	12	447	5446	38	606	0.9999999999999974	1.0000000000000007	0.08501118568232663	0.11127432978332721	-0.014666331385887755	0.25492579906616936	3.092066E-4	0.09726028331691657	0.06789592223742895	0.317926803977511	0.19000736818033104	0.5947023279216288	0.13469970354018107	0.0314136126	0.20144679043517424	.	.
col_ccp3_LN_bulk_1_1_1_top197.clonotypes.IGHG	col_ccp3_tum_PCsort_1_3_1_top197.clonotypes.IGHG	197	197	18	18	447	4492	51	892	0.9999999999999974	1.000000000000001	0.11409395973154363	0.19857524487978626	0.3012922667970778	0.04587084491242821	4.638099E-4	0.15051988570616093	0.11065133721428343	0.4470621884910013	0.2708332176383946	0.6057059385343039	0.1508332316881923	0.0478723404	0.2220237166338998	.	.
col_ccp3_LN_bulk_2_1_1_top197.clonotypes.IGHG	col_ccp3_LN_bulk_3_1_1_top197.clonotypes.IGHG	197	197	11	11	536	2222	34	165	0.9999999999999943	1.0000000000000007	0.06343283582089551	0.07425742574257425	0.06345830087571593	0.25272513219191534	2.834394E-4	0.06863205588943881	0.0619226503896137	0.12520396719007182	0.07356293655715579	0.33866233230467757	0.06581745745338356	0.0287206266	0.6050859424359948	.	.
col_ccp3_LN_bulk_2_1_1_top197.clonotypes.IGHG	col_ccp3_LN_PCsort_1_1_1_top197.clonotypes.IGHG	197	197	10	10	536	268	34	21	0.9999999999999943	0.9999999999999947	0.06343283582089551	0.07835820895522386	-0.6706346476023917	-0.6896166294189081	2.576722E-4	0.0705016553272059	0.06358430163313145	0.11649530416918234	0.07553125823438983	0.3314397828193627	0.0513097690207708	0.0260416667	0.6557377049180327	.	.
col_ccp3_LN_bulk_2_1_1_top197.clonotypes.IGHG	col_ccp3_LN_PCsort_2_1_1_top197.clonotypes.IGHG	197	197	27	27	536	339	86	67	0.9999999999999943	1.0000000000000022	0.16044776119402981	0.19764011799410028	-0.006430923392125044	0.16553845527664873	6.957149E-4	0.17807558635106968	0.1673622958407748	0.23870666212643638	0.13330389944654406	0.40614854711112447	0.035444625744701856	0.0735694823	0.7422226465119175	.	.
col_ccp3_LN_bulk_2_1_1_top197.clonotypes.IGHG	col_ccp3_LN_PCsort_3_1_1_top197.clonotypes.IGHG	197	197	2	2	536	233	7	4	0.9999999999999943	0.9999999999999959	0.013059701492537313	0.017167381974248927	0.0	0.0	5.15344E-5	0.014973339106293455	0.01496115524971004	0.14029107033218993	0.08803290113905704	0.39415688412851896	0.04538852196303563	0.0051020408	0.9547709519013722	.	.
col_ccp3_LN_bulk_2_1_1_top197.clonotypes.IGHG	col_ccp3_PBMC_bulk_1_1_1_top197.clonotypes.IGHG	197	197	10	10	536	1881	22	91	0.9999999999999943	0.9999999999999968	0.04104477611940298	0.04837852206273259	0.1790170092506473	0.39407031230853307	2.576722E-4	0.044561032383153516	0.0436721483878383	0.20126338938757934	0.12376403088478957	0.3765745036910945	0.043983755412866074	0.0260416667	0.8922937925924955	.	.
col_ccp3_LN_bulk_2_1_1_top197.clonotypes.IGHG	col_ccp3_PBMC_bulk_1_1_2_top197.clonotypes.IGHG	197	197	4	4	536	1495	10	52	0.9999999999999943	0.9999999999999993	0.018656716417910446	0.034782608695652174	-0.6671243849949912	-0.4472135954999579	1.030689E-4	0.025474090105633382	0.023895498725981137	0.2244897481026878	0.13833164853018506	0.40566237268427774	0.05357314154619898	0.0102564103	0.6366141839481119	.	.
col_ccp3_LN_bulk_2_1_1_top197.clonotypes.IGHG	col_ccp3_PBMC_PCsort_1_1_1_top197.clonotypes.IGHG	197	197	3	3	536	3026	6	45	0.9999999999999943	0.9999999999999979	0.011194029850746268	0.014871116986120292	0.0	0.0	7.73017E-5	0.01290223730430387	0.012412077410710213	0.3455464252020985	0.2071216960867809	0.5302739887086257	0.10753949728854224	0.0076726343	0.8402026069848397	.	.
col_ccp3_LN_bulk_2_1_1_top197.clonotypes.IGHG	col_ccp3_PBMC_PCsort_1_1_2_top197.clonotypes.IGHG	197	197	6	6	536	992	13	58	0.9999999999999943	1.0000000000000047	0.024253731343283583	0.058467741935483875	0.9542262139256075	0.674199862463242	1.546033E-4	0.03765714945600186	0.0346314623123176	0.28944595955409685	0.1623571044658353	0.4878124294319275	0.09645760470035633	0.0154639175	0.415856177367538	.	.
col_ccp3_LN_bulk_2_1_1_top197.clonotypes.IGHG	col_ccp3_tum_bulk_1_1_1_top197.clonotypes.IGHG	197	197	7	7	536	1112	21	36	0.9999999999999943	0.9999999999999974	0.039179104477611935	0.03237410071942446	-0.43879697729823003	-0.6923494970655764	1.803705E-4	0.035614439128744714	0.032017631259712555	0.1446269957444455	0.09473173598425902	0.3681028873918942	0.024439534632838586	0.0180878553	0.6262286654440115	.	.
col_ccp3_LN_bulk_2_1_1_top197.clonotypes.IGHG	col_ccp3_tum_bulk_1_2_1_top197.clonotypes.IGHG	197	197	7	7	536	15188	29	1742	0.9999999999999943	1.0000000000000018	0.0541044776119403	0.11469581248353962	0.1740749300340554	-0.07412493166610999	1.803705E-4	0.0787753579407861	0.059158162377946855	0.19360265826364575	0.11403070082001662	0.47329047730243196	0.14194292130176395	0.0180878553	0.23664496509669164	.	.
col_ccp3_LN_bulk_2_1_1_top197.clonotypes.IGHG	col_ccp3_tum_bulk_1_3_1_top197.clonotypes.IGHG	197	197	13	13	536	15357	52	3124	0.9999999999999943	1.0000000000000007	0.09701492537313432	0.20342514814091295	-0.21083408396107584	-0.17649855273157594	3.349738E-4	0.14048229627219744	0.07764515423707262	0.2977328680801134	0.18845693538651628	0.4858749075033263	0.14389410229902588	0.0341207349	0.06370164591859132	.	.
col_ccp3_LN_bulk_2_1_1_top197.clonotypes.IGHG	col_ccp3_tum_PCsort_1_1_1_top197.clonotypes.IGHG	197	197	2	2	536	424	6	9	0.9999999999999943	1.0000000000000058	0.011194029850746268	0.02122641509433962	0.0	0.0	5.15344E-5	0.015414575057080519	0.012585947830560051	0.19476676923020125	0.12814539044447631	0.436368586241809	0.0409379808571585	0.0051020408	0.4082019743364994	.	.
col_ccp3_LN_bulk_2_1_1_top197.clonotypes.IGHG	col_ccp3_tum_PCsort_1_2_1_top197.clonotypes.IGHG	197	197	12	12	536	5446	42	491	0.9999999999999943	1.0000000000000007	0.07835820895522388	0.0901579140653691	0.270045203061188	0.3090741835468746	3.092066E-4	0.08405125025424257	0.059771839329962516	0.2849484110771943	0.18610851402012873	0.527131040435597	0.15914050310853847	0.0314136126	0.2790923460119007	.	.
col_ccp3_LN_bulk_2_1_1_top197.clonotypes.IGHG	col_ccp3_tum_PCsort_1_3_1_top197.clonotypes.IGHG	197	197	8	8	536	4492	25	659	0.9999999999999943	1.000000000000001	0.046641791044776115	0.14670525378450577	-0.24090046423027334	0.21821789023599236	2.061378E-4	0.08271998423711024	0.05505663435278562	0.44833737528305595	0.2923434139148153	0.6384431442960152	0.2252847464821363	0.0207253886	0.09193952051270697	.	.
col_ccp3_LN_bulk_3_1_1_top197.clonotypes.IGHG	col_ccp3_LN_PCsort_1_1_1_top197.clonotypes.IGHG	197	197	7	7	2222	268	67	12	1.0000000000000007	0.9999999999999947	0.03015301530153016	0.044776119402985065	0.9872429809637863	0.9302605094190635	1.803705E-4	0.03674418339685004	0.03664731961025851	0.18661681491470786	0.11585202725224661	0.394480876803604	0.1167898756885642	0.0180878553	0.903004453105994	.	.
col_ccp3_LN_bulk_3_1_1_top197.clonotypes.IGHG	col_ccp3_LN_PCsort_2_1_1_top197.clonotypes.IGHG	197	197	11	11	2222	339	312	28	1.0000000000000007	1.0000000000000022	0.14041404140414043	0.08259587020648967	0.37182530645649986	0.10547704393059629	2.834394E-4	0.10769224641999559	0.0947294077193297	0.2661102637607536	0.14195666610006163	0.42995000097688707	0.060187609737569786	0.0287206266	0.5007713326787135	.	.
col_ccp3_LN_bulk_3_1_1_top197.clonotypes.IGHG	col_ccp3_LN_PCsort_3_1_1_top197.clonotypes.IGHG	197	197	33	33	2222	233	516	57	1.0000000000000007	0.9999999999999959	0.23222322232223228	0.24463519313304732	0.7809692104377682	0.5763926695029864	8.503182E-4	0.23834842739732495	0.2230919909471228	0.16141978163307755	0.08981055833888564	0.3943526080503296	0.03935872959850978	0.0914127424	0.8301092348946411	.	.
col_ccp3_LN_bulk_3_1_1_top197.clonotypes.IGHG	col_ccp3_PBMC_bulk_1_1_1_top197.clonotypes.IGHG	197	197	7	7	2222	1881	118	85	1.0000000000000007	0.9999999999999968	0.05310531053105311	0.045188729399255716	-0.05251560076811446	-0.1651445647689541	1.803705E-4	0.04898736068876546	0.040111209818471986	0.2903319771039417	0.17384039911237384	0.4825885954377142	0.06676445099486679	0.0180878553	0.4588847602032146	.	.
col_ccp3_LN_bulk_3_1_1_top197.clonotypes.IGHG	col_ccp3_PBMC_bulk_1_1_2_top197.clonotypes.IGHG	197	197	3	3	2222	1495	36	26	1.0000000000000007	0.9999999999999993	0.016201620162016202	0.017391304347826087	0.18898223650461365	0.0	7.73017E-5	0.016785925865602385	0.015858024407797326	0.33273809081432004	0.19003546286098957	0.5049342381246908	0.06020766341413957	0.0076726343	0.8482953090362245	.	.
col_ccp3_LN_bulk_3_1_1_top197.clonotypes.IGHG	col_ccp3_PBMC_PCsort_1_1_1_top197.clonotypes.IGHG	197	197	4	4	2222	3026	83	40	1.0000000000000007	0.9999999999999979	0.03735373537353735	0.01321877065432915	-0.5242105950545827	-0.39999999999999997	1.030689E-4	0.022220946446659114	0.01902480557047465	0.4160353257530275	0.24531854709600065	0.594956190449955	0.11100564831772598	0.0102564103	0.3140820865725697	.	.
col_ccp3_LN_bulk_3_1_1_top197.clonotypes.IGHG	col_ccp3_PBMC_PCsort_1_1_2_top197.clonotypes.IGHG	197	197	4	4	2222	992	43	42	1.0000000000000007	1.0000000000000047	0.019351935193519354	0.04233870967741935	-0.33461082349670723	-0.1054092553389458	1.030689E-4	0.028624045239180468	0.02220278471925952	0.3465494203884048	0.18998224871049865	0.5569398859468987	0.08189488667380178	0.0102564103	0.25686290942368184	.	.
col_ccp3_LN_bulk_3_1_1_top197.clonotypes.IGHG	col_ccp3_tum_bulk_1_1_1_top197.clonotypes.IGHG	197	197	8	8	2222	1112	219	64	1.0000000000000007	0.9999999999999974	0.09855985598559856	0.05755395683453237	-0.3042454845684443	-0.0484857389565512	2.061378E-4	0.07531606533146076	0.058385867026132604	0.18950227775563105	0.10751782743667511	0.4363958619296779	0.09197440693631521	0.0207253886	0.2968270671866038	.	.
col_ccp3_LN_bulk_3_1_1_top197.clonotypes.IGHG	col_ccp3_tum_bulk_1_2_1_top197.clonotypes.IGHG	197	197	28	28	2222	15188	489	8832	1.0000000000000007	1.0000000000000018	0.2200720072007201	0.5815117197787728	4.794783384154915E-4	-0.05445390789380716	7.214821E-4	0.35773516933963484	0.24234887494556193	0.30066678934632424	0.17403797019326706	0.4662462720241946	0.10661372997102458	0.0765027322	0.191095583238887	.	.
col_ccp3_LN_bulk_3_1_1_top197.clonotypes.IGHG	col_ccp3_tum_bulk_1_3_1_top197.clonotypes.IGHG	197	197	24	24	2222	15357	440	2836	1.0000000000000007	1.0000000000000007	0.19801980198019803	0.18467148531614244	0.1155122058380461	-0.01331302591449348	6.184133E-4	0.1912292105136963	0.15539643100075645	0.29410930708969485	0.19149012132807616	0.4956649722195167	0.13612007624243733	0.0648648649	0.4838719142835122	.	.
col_ccp3_LN_bulk_3_1_1_top197.clonotypes.IGHG	col_ccp3_tum_PCsort_1_1_1_top197.clonotypes.IGHG	197	197	0	0	2222	424	0	0	1.0000000000000007	1.0000000000000058	0.0	0.0	0.0	0.0	0.0	0.0	0.0	0.2337758923325959	0.14761595902671434	0.5338373298955346	0.08976612854831575	0.0	NaN	.	.
col_ccp3_LN_bulk_3_1_1_top197.clonotypes.IGHG	col_ccp3_tum_PCsort_1_2_1_top197.clonotypes.IGHG	197	197	24	24	2222	5446	443	3140	1.0000000000000007	1.0000000000000007	0.19936993699369934	0.5765699596033785	0.05501195695764774	-0.04913286579388995	6.184133E-4	0.33904382684040324	0.21690910329650387	0.3538920489717836	0.2183043653353187	0.5054725539186085	0.07631975439018736	0.0648648649	0.1724607777204144	.	.
col_ccp3_LN_bulk_3_1_1_top197.clonotypes.IGHG	col_ccp3_tum_PCsort_1_3_1_top197.clonotypes.IGHG	197	197	20	20	2222	4492	389	571	1.0000000000000007	1.000000000000001	0.17506750675067506	0.12711487088156723	-0.08962592788026316	0.046159670349011396	5.153444E-4	0.14917668556503713	0.11046387074089056	0.44252507756589543	0.28677185789650156	0.6382431804997519	0.21236208849599908	0.0534759358	0.2980478276806378	.	.
col_ccp3_LN_PCsort_1_1_1_top197.clonotypes.IGHG	col_ccp3_LN_PCsort_2_1_1_top197.clonotypes.IGHG	197	197	6	6	268	339	12	18	0.9999999999999947	1.0000000000000022	0.04477611940298507	0.05309734513274336	0.0	0.0	1.546033E-4	0.048759543328924085	0.04651347266580022	0.12064947282054625	0.06754581443035833	0.30134266938994764	0.03479461157061577	0.0154639175	0.8160740034527558	.	.
col_ccp3_LN_PCsort_1_1_1_top197.clonotypes.IGHG	col_ccp3_LN_PCsort_3_1_1_top197.clonotypes.IGHG	197	197	6	6	268	233	11	6	0.9999999999999947	0.9999999999999959	0.041044776119402986	0.02575107296137339	0.0	0.0	1.546033E-4	0.03251072168583746	0.030942068383401578	0.06381592243019017	0.041868843804837685	0.32141696587655993	0.04909132882862064	0.0154639175	0.6850600276763118	.	.
col_ccp3_LN_PCsort_1_1_1_top197.clonotypes.IGHG	col_ccp3_PBMC_bulk_1_1_1_top197.clonotypes.IGHG	197	197	9	9	268	1881	19	162	0.9999999999999947	0.9999999999999968	0.07089552238805968	0.08612440191387558	0.31979783635304254	0.13980332148239938	2.31905E-4	0.07813983916059346	0.06985946762252176	0.14275355819030866	0.0731591223054817	0.304549963841608	0.08786576817431589	0.0233766234	0.5591511805777272	.	.
col_ccp3_LN_PCsort_1_1_1_top197.clonotypes.IGHG	col_ccp3_PBMC_bulk_1_1_2_top197.clonotypes.IGHG	197	197	12	12	268	1495	29	128	0.9999999999999947	0.9999999999999993	0.10820895522388058	0.08561872909698995	-0.046529831055817435	-0.21796310630774696	3.092066E-4	0.09625338032080612	0.08503951632261697	0.18244898557899017	0.09617332292434742	0.32612587670750626	0.07213958888836894	0.0314136126	0.5589761286179155	.	.
col_ccp3_LN_PCsort_1_1_1_top197.clonotypes.IGHG	col_ccp3_PBMC_PCsort_1_1_1_top197.clonotypes.IGHG	197	197	8	8	268	3026	17	466	0.9999999999999947	0.9999999999999979	0.06343283582089553	0.15399867812293458	0.289516697210102	0.4409585518440983	2.061378E-4	0.09883609090816495	0.08284164187987432	0.27968935240508913	0.1445750745417966	0.42702131865121695	0.13866242062575218	0.0207253886	0.33850056835981435	.	.
col_ccp3_LN_PCsort_1_1_1_top197.clonotypes.IGHG	col_ccp3_PBMC_PCsort_1_1_2_top197.clonotypes.IGHG	197	197	8	8	268	992	15	156	0.9999999999999947	1.0000000000000047	0.05597014925373133	0.157258064516129	0.5578435130434238	0.3865717928199315	2.061378E-4	0.0938176813949303	0.0823126827081233	0.20249244839379468	0.1027225817354509	0.3796281488187689	0.12024806992052951	0.0207253886	0.36348048649790954	.	.
col_ccp3_LN_PCsort_1_1_1_top197.clonotypes.IGHG	col_ccp3_tum_bulk_1_1_1_top197.clonotypes.IGHG	197	197	10	10	268	1112	19	71	0.9999999999999947	0.9999999999999974	0.07089552238805968	0.06384892086330936	0.24055463549400252	0.1740143894967828	2.576722E-4	0.06728003120182242	0.06314678884163673	0.13297988892738496	0.07414407297556759	0.3189842818062911	0.03438225220593362	0.0260416667	0.7944635792661471	.	.
col_ccp3_LN_PCsort_1_1_1_top197.clonotypes.IGHG	col_ccp3_tum_bulk_1_2_1_top197.clonotypes.IGHG	197	197	9	9	268	15188	16	341	0.9999999999999947	1.0000000000000018	0.059701492537313425	0.02245193573874111	-0.27197209526301896	-0.037326167397057484	2.31905E-4	0.036611665817805845	0.029433032165475208	0.22695801375798788	0.12072140232305165	0.4512076426859255	0.15638159763211013	0.0233766234	0.34091182745484383	.	.
col_ccp3_LN_PCsort_1_1_1_top197.clonotypes.IGHG	col_ccp3_tum_bulk_1_3_1_top197.clonotypes.IGHG	197	197	13	13	268	15357	26	3549	0.9999999999999947	1.0000000000000007	0.09701492537313432	0.23109982418441102	0.5931638077821848	0.3441359586820896	3.349738E-4	0.14973353731544278	0.11662674582227489	0.25536342014275376	0.13806139212250135	0.408362045429492	0.08528410250030759	0.0341207349	0.21681590769236253	.	.
col_ccp3_LN_PCsort_1_1_1_top197.clonotypes.IGHG	col_ccp3_tum_PCsort_1_1_1_top197.clonotypes.IGHG	197	197	6	6	268	424	10	18	0.9999999999999947	1.0000000000000058	0.037313432835820885	0.04245283018867924	0.193649167310371	0.21997067253202993	1.546033E-4	0.03980026165662472	0.03737951486651885	0.11585142392875897	0.06767044769935507	0.32564227872455337	0.032459992061837056	0.0154639175	0.7845102851678869	.	.
col_ccp3_LN_PCsort_1_1_1_top197.clonotypes.IGHG	col_ccp3_tum_PCsort_1_2_1_top197.clonotypes.IGHG	197	197	7	7	268	5446	10	92	0.9999999999999947	1.0000000000000007	0.03731343283582089	0.016893132574366507	-0.3493337085254658	-0.14433756729740674	1.803705E-4	0.025106588133401216	0.02083286911786942	0.2822372123276266	0.18306445176431307	0.4972550344664367	0.19091351699862533	0.0180878553	0.45981340127141396	.	.
col_ccp3_LN_PCsort_1_1_1_top197.clonotypes.IGHG	col_ccp3_tum_PCsort_1_3_1_top197.clonotypes.IGHG	197	197	14	14	268	4492	25	830	0.9999999999999947	1.000000000000001	0.0932835820895522	0.18477292965271594	0.7127684806643978	0.5815207331509306	3.607411E-4	0.13128701668933673	0.10568658877374165	0.346461073178329	0.19551607415977715	0.5228013534157068	0.15190015421767844	0.0368421053	0.3085168007470753	.	.
col_ccp3_LN_PCsort_2_1_1_top197.clonotypes.IGHG	col_ccp3_LN_PCsort_3_1_1_top197.clonotypes.IGHG	197	197	5	5	339	233	12	16	1.0000000000000022	0.9999999999999959	0.035398230088495575	0.06866952789699571	0.8882176431559488	0.8651809126974002	1.288361E-4	0.049302938538856075	0.04810794342860236	0.13174729786115	0.07261069530348185	0.30336112545763516	0.026052338462218504	0.0128534704	0.6868918593396578	.	.
col_ccp3_LN_PCsort_2_1_1_top197.clonotypes.IGHG	col_ccp3_PBMC_bulk_1_1_1_top197.clonotypes.IGHG	197	197	3	3	339	1881	4	25	1.0000000000000022	0.9999999999999968	0.011799410029498525	0.013290802764486975	-0.6286185570937123	-0.8660254037844386	7.73017E-5	0.012522924236749751	0.011989390736728828	0.22677911910923135	0.12380799829983186	0.45292254845363233	0.041540659979093494	0.0076726343	0.8315097366490783	.	.
col_ccp3_LN_PCsort_2_1_1_top197.clonotypes.IGHG	col_ccp3_PBMC_bulk_1_1_2_top197.clonotypes.IGHG	197	197	1	1	339	1495	1	5	1.0000000000000022	0.9999999999999993	0.0029498525073746312	0.0033444816053511705	0.0	0.0	2.57672E-5	0.0031409755569589337	0.0031409755569589337	0.24955147266907418	0.1351511505718909	0.450004892414726	0.0430859231111678	0.0025445293	0.9921692230890459	.	.
col_ccp3_LN_PCsort_2_1_1_top197.clonotypes.IGHG	col_ccp3_PBMC_PCsort_1_1_1_top197.clonotypes.IGHG	197	197	3	3	339	3026	4	56	1.0000000000000022	0.9999999999999979	0.011799410029498525	0.018506278916060805	0.021378456240449543	0.0	7.73017E-5	0.01477711653371066	0.013879337025749902	0.31513969739789327	0.1745389316501501	0.49673714530555246	0.12413948280089519	0.0076726343	0.7091577381160599	.	.
col_ccp3_LN_PCsort_2_1_1_top197.clonotypes.IGHG	col_ccp3_PBMC_PCsort_1_1_2_top197.clonotypes.IGHG	197	197	3	3	339	992	4	11	1.0000000000000022	1.0000000000000047	0.011799410029498525	0.011088709677419355	0.5000000000000001	0.5	7.73017E-5	0.01143854152337348	0.01131305227232532	0.27882183156843493	0.14433186422060712	0.4818056379601668	0.10254023572209583	0.0076726343	0.9503110592404305	.	.
col_ccp3_LN_PCsort_2_1_1_top197.clonotypes.IGHG	col_ccp3_tum_bulk_1_1_1_top197.clonotypes.IGHG	197	197	5	5	339	1112	16	21	1.0000000000000022	0.9999999999999974	0.0471976401179941	0.018884892086330936	-0.21929936127794755	-0.15389675281277299	1.288361E-4	0.02985502202909591	0.028162738871613167	0.21086172673957737	0.1120217767409176	0.4097231147997291	0.029579558038237995	0.0128534704	0.5296245358731877	.	.
col_ccp3_LN_PCsort_2_1_1_top197.clonotypes.IGHG	col_ccp3_tum_bulk_1_2_1_top197.clonotypes.IGHG	197	197	15	15	339	15188	35	5050	1.0000000000000022	1.0000000000000018	0.10324483775811209	0.33249934158546224	-0.08156890209747257	0.24716151986660545	3.865083E-4	0.1852804376524142	0.12862061058033653	0.26207042495759164	0.1489225805787718	0.4715627385915954	0.1427108747618132	0.0395778364	0.12850181794385993	.	.
col_ccp3_LN_PCsort_2_1_1_top197.clonotypes.IGHG	col_ccp3_tum_bulk_1_3_1_top197.clonotypes.IGHG	197	197	13	13	339	15357	40	2666	1.0000000000000022	1.0000000000000007	0.11799410029498525	0.1736016148987432	-0.0030739790693288926	0.008540252551528836	3.349738E-4	0.14312220777969334	0.11236104122173979	0.21039340289774636	0.13089705630929913	0.37968190500548943	0.09354883925668347	0.0341207349	0.28937979941199227	.	.
col_ccp3_LN_PCsort_2_1_1_top197.clonotypes.IGHG	col_ccp3_tum_PCsort_1_1_1_top197.clonotypes.IGHG	197	197	3	3	339	424	8	5	1.0000000000000022	1.0000000000000058	0.02359882005899705	0.011792452830188678	-1.0	-1.0	7.73017E-5	0.0166819654835344	0.01582590203288425	0.1538244443008372	0.08935928435725181	0.36176037387728216	0.042760214645421186	0.0076726343	0.6449280442587121	.	.
col_ccp3_LN_PCsort_2_1_1_top197.clonotypes.IGHG	col_ccp3_tum_PCsort_1_2_1_top197.clonotypes.IGHG	197	197	12	12	339	5446	30	1813	1.0000000000000022	1.0000000000000007	0.08849557522123894	0.332904884318766	-0.1444518230150138	0.19535793760346593	3.092066E-4	0.1716409311083729	0.11800521482450552	0.2659364443201877	0.18535394218139847	0.5098359674452428	0.1587853236810034	0.0314136126	0.15865401857597602	.	.
col_ccp3_LN_PCsort_2_1_1_top197.clonotypes.IGHG	col_ccp3_tum_PCsort_1_3_1_top197.clonotypes.IGHG	197	197	12	12	339	4492	35	1102	1.0000000000000022	1.000000000000001	0.10324483775811209	0.24532502226179873	0.03021533122708697	0.34775067427231143	3.092066E-4	0.1591494333053833	0.1038281233032921	0.2589038280854736	0.165936598919652	0.44690060571764534	0.16683691513877358	0.0314136126	0.10805206224720491	.	.
col_ccp3_LN_PCsort_3_1_1_top197.clonotypes.IGHG	col_ccp3_PBMC_bulk_1_1_1_top197.clonotypes.IGHG	197	197	7	7	233	1881	8	240	0.9999999999999959	0.9999999999999968	0.034334763948497854	0.12759170653907495	0.7287744375873787	0.6123724356957945	1.803705E-4	0.06618784726673885	0.060440714640255515	0.1903257305849803	0.11100324578891256	0.42913893962724853	0.07281852631128204	0.0180878553	0.3027406218580505	.	.
col_ccp3_LN_PCsort_3_1_1_top197.clonotypes.IGHG	col_ccp3_PBMC_bulk_1_1_2_top197.clonotypes.IGHG	197	197	5	5	233	1495	6	143	0.9999999999999959	0.9999999999999993	0.02575107296137339	0.0956521739130435	0.9456081672628008	0.7071067811865476	1.288361E-4	0.049630092779973316	0.04443893251305334	0.23198636684074483	0.1283158233537789	0.4385210337154703	0.05200720233241977	0.0128534704	0.29248196465652526	.	.
col_ccp3_LN_PCsort_3_1_1_top197.clonotypes.IGHG	col_ccp3_PBMC_PCsort_1_1_1_top197.clonotypes.IGHG	197	197	5	5	233	3026	7	967	0.9999999999999959	0.9999999999999979	0.030042918454935622	0.3195637805684071	0.5379090336346594	0.1480872194397733	1.288361E-4	0.09798279747367696	0.074086469790998	0.3058952137108711	0.17115838165751068	0.4564813926615503	0.12186919784463318	0.0128534704	0.0728595340284594	.	.
col_ccp3_LN_PCsort_3_1_1_top197.clonotypes.IGHG	col_ccp3_PBMC_PCsort_1_1_2_top197.clonotypes.IGHG	197	197	4	4	233	992	5	167	0.9999999999999959	1.0000000000000047	0.02145922746781116	0.16834677419354838	0.7594705087616175	0.7745966692414834	1.030689E-4	0.06010483941324189	0.05224093010135626	0.24043001110149953	0.12647138869317234	0.41860975645024345	0.09793085076762562	0.0102564103	0.16339200584495697	.	.
col_ccp3_LN_PCsort_3_1_1_top197.clonotypes.IGHG	col_ccp3_tum_bulk_1_1_1_top197.clonotypes.IGHG	197	197	5	5	233	1112	14	43	0.9999999999999959	0.9999999999999974	0.06008583690987125	0.03866906474820144	-0.5681566762836847	-0.7826237921249264	1.288361E-4	0.04820231444565378	0.0398397389513419	0.1456613082258229	0.0739106014061242	0.33360887567124337	0.046557340609187904	0.0128534704	0.41019763282607513	.	.
col_ccp3_LN_PCsort_3_1_1_top197.clonotypes.IGHG	col_ccp3_tum_bulk_1_2_1_top197.clonotypes.IGHG	197	197	10	10	233	15188	22	4068	0.9999999999999959	1.0000000000000018	0.09442060085836912	0.2678430339741902	-0.023835795263937178	0.572386569657158	2.576722E-4	0.15902798559867257	0.10642254868059092	0.25478620343856856	0.13958579737425253	0.47028105229339234	0.11422783009769925	0.0260416667	0.153491583705683	.	.
col_ccp3_LN_PCsort_3_1_1_top197.clonotypes.IGHG	col_ccp3_tum_bulk_1_3_1_top197.clonotypes.IGHG	197	197	9	9	233	15357	23	2512	0.9999999999999959	1.0000000000000007	0.09871244635193134	0.16357361463827572	-0.055411859069523055	0.23734644158557205	2.31905E-4	0.12706986920419916	0.09326648755220002	0.28100275524721036	0.15970842994356355	0.4708185872522472	0.11674541454415643	0.0233766234	0.2648270245330283	.	.
col_ccp3_LN_PCsort_3_1_1_top197.clonotypes.IGHG	col_ccp3_tum_PCsort_1_1_1_top197.clonotypes.IGHG	197	197	1	1	233	424	1	1	0.9999999999999959	1.0000000000000058	0.004291845493562232	0.0023584905660377358	0.0	0.0	2.57672E-5	0.003181552625285034	0.003181552625285034	0.10196404390762834	0.06414400850193036	0.32645939300926125	0.027918403381968167	0.0025445293	0.8441415846025675	.	.
col_ccp3_LN_PCsort_3_1_1_top197.clonotypes.IGHG	col_ccp3_tum_PCsort_1_2_1_top197.clonotypes.IGHG	197	197	7	7	233	5446	17	1052	0.9999999999999959	1.0000000000000007	0.07296137339055794	0.19316929856775616	-0.12581702058493757	0.4572645941803379	1.803705E-4	0.11871772117251168	0.08056454010507218	0.2836506892781751	0.1755273645948497	0.5298203031419207	0.13738165841742375	0.0180878553	0.18471789284698964	.	.
col_ccp3_LN_PCsort_3_1_1_top197.clonotypes.IGHG	col_ccp3_tum_PCsort_1_3_1_top197.clonotypes.IGHG	197	197	9	9	233	4492	19	1143	0.9999999999999959	1.000000000000001	0.08154506437768241	0.2544523597506679	-0.040713392132239686	0.3663545909013695	2.31905E-4	0.144046291368162	0.08832997352121023	0.3826935380443251	0.22394480438206374	0.5540206895364134	0.191485294809863	0.0233766234	0.10021888148175982	.	.
col_ccp3_PBMC_bulk_1_1_1_top197.clonotypes.IGHG	col_ccp3_PBMC_bulk_1_1_2_top197.clonotypes.IGHG	197	197	48	48	1881	1495	932	703	0.9999999999999968	0.9999999999999993	0.49548112706007463	0.47023411371237445	0.921511880749299	0.5870019387363381	0.0012368265	0.48269258192383957	0.46954014368614355	0.06894093646838524	0.03750552434328932	0.14750193287328192	0.033162124581654795	0.1387283237	0.9489487104590049	.	.
col_ccp3_PBMC_bulk_1_1_1_top197.clonotypes.IGHG	col_ccp3_PBMC_PCsort_1_1_1_top197.clonotypes.IGHG	197	197	48	48	1881	3026	905	1800	0.9999999999999968	0.9999999999999979	0.4811270600744286	0.5948446794448113	0.5675861766381629	0.3862979103033831	0.0012368265	0.5349727767112995	0.45330948682782374	0.18255054426737585	0.09328757820308349	0.2857842972669651	0.07293921470840765	0.1387283237	0.4504061676814336	.	.
col_ccp3_PBMC_bulk_1_1_1_top197.clonotypes.IGHG	col_ccp3_PBMC_PCsort_1_1_2_top197.clonotypes.IGHG	197	197	39	39	1881	992	800	502	0.9999999999999968	1.0000000000000047	0.4253056884635834	0.5060483870967741	0.6632491921820736	0.3986779102552116	0.0010049215	0.46392376277798003	0.4198595228060211	0.14862594378119268	0.07681682034264177	0.2666475582169444	0.05040605276333952	0.1098591549	0.75720967695606	.	.
col_ccp3_PBMC_bulk_1_1_1_top197.clonotypes.IGHG	col_ccp3_tum_bulk_1_1_1_top197.clonotypes.IGHG	197	197	5	5	1881	1112	73	34	0.9999999999999968	0.9999999999999974	0.038809144072301974	0.030575539568345324	0.520642138245165	0.8720815992723809	1.288361E-4	0.0344472135331188	0.03289543111254588	0.14084721834737726	0.08343879008424922	0.35449828613450257	0.059500063049671356	0.0128534704	0.7702560162346734	.	.
col_ccp3_PBMC_bulk_1_1_1_top197.clonotypes.IGHG	col_ccp3_tum_bulk_1_2_1_top197.clonotypes.IGHG	197	197	4	4	1881	15188	30	82	0.9999999999999968	1.0000000000000018	0.015948963317384372	0.005398999209902554	-0.4043185434787745	-0.4	1.030689E-4	0.009279463365374264	0.008641965097285187	0.2520121433221742	0.1360547944915427	0.5151841181422573	0.14557418752499204	0.0102564103	0.47040579155610257	.	.
col_ccp3_PBMC_bulk_1_1_1_top197.clonotypes.IGHG	col_ccp3_tum_bulk_1_3_1_top197.clonotypes.IGHG	197	197	1	1	1881	15357	12	35	0.9999999999999968	1.0000000000000007	0.006379585326953748	0.002279090968288077	0.0	0.0	2.57672E-5	0.0038130899937037187	0.0038130899937037187	0.33564316287424906	0.17669617446538682	0.4965118582963237	0.1370285552907204	0.0025445293	0.6336277774081757	.	.
col_ccp3_PBMC_bulk_1_1_1_top197.clonotypes.IGHG	col_ccp3_tum_PCsort_1_1_1_top197.clonotypes.IGHG	197	197	3	3	1881	424	17	11	0.9999999999999968	1.0000000000000058	0.009037745879851143	0.025943396226415096	0.944911182523068	0.8660254037844386	7.73017E-5	0.015312407464361336	0.015159771975308992	0.17636082626113245	0.1046426343197052	0.4144847701887852	0.08274103861585778	0.0076726343	0.5778796707492583	.	.
col_ccp3_PBMC_bulk_1_1_1_top197.clonotypes.IGHG	col_ccp3_tum_PCsort_1_2_1_top197.clonotypes.IGHG	197	197	4	4	1881	5446	27	35	0.9999999999999968	1.0000000000000007	0.014354066985645932	0.006426735218508997	0.19298245614035078	0.0	1.030689E-4	0.009604675310779015	0.009356211818720046	0.3043825397665745	0.20023861995542058	0.587785835436669	0.1408448549622994	0.0102564103	0.6298988117108961	.	.
col_ccp3_PBMC_bulk_1_1_1_top197.clonotypes.IGHG	col_ccp3_tum_PCsort_1_3_1_top197.clonotypes.IGHG	197	197	1	1	1881	4492	4	5	0.9999999999999968	1.000000000000001	0.002126528442317916	0.0011130899376669634	0.0	0.0	2.57672E-5	0.0015385114270965537	0.0015385114270965537	0.4278512002251277	0.2321156907032609	0.5966237665267374	0.19311778719491485	0.0025445293	0.8217251995134128	.	.
col_ccp3_PBMC_bulk_1_1_2_top197.clonotypes.IGHG	col_ccp3_PBMC_PCsort_1_1_1_top197.clonotypes.IGHG	197	197	42	42	1495	3026	647	1733	0.9999999999999993	0.9999999999999979	0.4327759197324414	0.5727032385988102	0.6296439351250241	0.2809631967785333	0.0010822232	0.49784753772450047	0.42517585152117965	0.22852059490853446	0.11719031625470065	0.31531188235760577	0.09290151687753122	0.1193181818	0.48542596425835594	.	.
col_ccp3_PBMC_bulk_1_1_2_top197.clonotypes.IGHG	col_ccp3_PBMC_PCsort_1_1_2_top197.clonotypes.IGHG	197	197	39	39	1495	992	611	443	0.9999999999999993	1.0000000000000047	0.408695652173913	0.4465725806451613	0.6496508985593809	0.4654657355766329	0.0010049215	0.42721455041906237	0.3861426436815824	0.16696067430528697	0.0857584604558979	0.2868273500584306	0.05978463939163771	0.1098591549	0.7374863718665169	.	.
col_ccp3_PBMC_bulk_1_1_2_top197.clonotypes.IGHG	col_ccp3_tum_bulk_1_1_1_top197.clonotypes.IGHG	197	197	6	6	1495	1112	60	47	0.9999999999999993	0.9999999999999974	0.04013377926421404	0.042266187050359706	-0.00605615872479923	0.028988551782623245	1.546033E-4	0.0411861848368979	0.03823528944888419	0.12090606156899017	0.07032394036426413	0.3023630153654643	0.05653203611010117	0.0154639175	0.7367003969855908	.	.
col_ccp3_PBMC_bulk_1_1_2_top197.clonotypes.IGHG	col_ccp3_tum_bulk_1_2_1_top197.clonotypes.IGHG	197	197	3	3	1495	15188	13	37	0.9999999999999993	1.0000000000000018	0.008695652173913044	0.0024361337898340793	0.49999999999999994	0.5	7.73017E-5	0.004602583197022486	0.004597315231028924	0.3053997790194661	0.1621617304611862	0.5257132687530052	0.1351379396524119	0.0076726343	0.5158148659427191	.	.
col_ccp3_PBMC_bulk_1_1_2_top197.clonotypes.IGHG	col_ccp3_tum_bulk_1_3_1_top197.clonotypes.IGHG	197	197	1	1	1495	15357	5	17	0.9999999999999993	1.0000000000000007	0.0033444816053511705	0.0011069870417399232	0.0	0.0	2.57672E-5	0.001924135597732468	0.001924135597732468	0.40016106314936545	0.20852816781796124	0.5489029102595226	0.14214996935148513	0.0025445293	0.5966166311654144	.	.
col_ccp3_PBMC_bulk_1_1_2_top197.clonotypes.IGHG	col_ccp3_tum_PCsort_1_1_1_top197.clonotypes.IGHG	197	197	3	3	1495	424	16	11	0.9999999999999993	1.0000000000000058	0.010702341137123745	0.025943396226415096	0.9707253433941511	0.8660254037844386	7.73017E-5	0.01666298522686326	0.016605500729815703	0.1452895790517113	0.09312236191671225	0.368014467563477	0.06801547016353365	0.0076726343	0.6800068603582254	.	.
col_ccp3_PBMC_bulk_1_1_2_top197.clonotypes.IGHG	col_ccp3_tum_PCsort_1_2_1_top197.clonotypes.IGHG	197	197	3	3	1495	5446	32	21	0.9999999999999993	1.0000000000000007	0.021404682274247494	0.0038560411311053984	0.9386522045811474	1.0	7.73017E-5	0.009085006067567649	0.008982501347131841	0.36016594399912316	0.22018860548987365	0.5897976575573838	0.155227077210397	0.0076726343	0.32029135219283394	.	.
col_ccp3_PBMC_bulk_1_1_2_top197.clonotypes.IGHG	col_ccp3_tum_PCsort_1_3_1_top197.clonotypes.IGHG	197	197	3	3	1495	4492	18	20	0.9999999999999993	1.000000000000001	0.012040133779264214	0.004452359750667854	0.37115374447904526	0.5	7.73017E-5	0.007321680615231206	0.007229175624887779	0.46054163814643084	0.24820272191371887	0.6349869582989767	0.1891687920120185	0.0076726343	0.5963642804859132	.	.
col_ccp3_PBMC_PCsort_1_1_1_top197.clonotypes.IGHG	col_ccp3_PBMC_PCsort_1_1_2_top197.clonotypes.IGHG	197	197	40	40	3026	992	1799	478	0.9999999999999979	1.0000000000000047	0.5945142101784532	0.4818548387096774	0.8724981028772066	0.6453190569964145	0.0010306888	0.535228501535699	0.5065351929951032	0.13437648213049147	0.07179757656457897	0.20905246749468084	0.0340456828273542	0.1129943503	0.7119124035150453	.	.
col_ccp3_PBMC_PCsort_1_1_1_top197.clonotypes.IGHG	col_ccp3_tum_bulk_1_1_1_top197.clonotypes.IGHG	197	197	12	12	3026	1112	168	89	0.9999999999999979	0.9999999999999974	0.055518836748182414	0.08003597122302157	0.16086421375157553	0.4101039645114262	3.092066E-4	0.06665961311253733	0.061784693487060546	0.32101320230133373	0.1747085080051752	0.47976311206359445	0.13831020614684592	0.0314136126	0.696565805427871	.	.
col_ccp3_PBMC_PCsort_1_1_1_top197.clonotypes.IGHG	col_ccp3_tum_bulk_1_2_1_top197.clonotypes.IGHG	197	197	5	5	3026	15188	40	446	0.9999999999999979	1.0000000000000018	0.013218770654329148	0.02936528838556755	-0.21926261673635522	0.0	1.288361E-4	0.019702106800214357	0.013788114915432557	0.4121782183146816	0.21653355668047028	0.5836883706890778	0.16887535179548147	0.0128534704	0.19432718966767717	.	.
col_ccp3_PBMC_PCsort_1_1_1_top197.clonotypes.IGHG	col_ccp3_tum_bulk_1_3_1_top197.clonotypes.IGHG	197	197	2	2	3026	15357	16	52	0.9999999999999979	1.0000000000000007	0.005287508261731659	0.003386078010028	0.0	0.0	5.15344E-5	0.0042313018626530235	0.004110628814764625	0.4287733807933324	0.21831713210415407	0.5945502259334213	0.16661322361613012	0.0051020408	0.8308315319779346	.	.
col_ccp3_PBMC_PCsort_1_1_1_top197.clonotypes.IGHG	col_ccp3_tum_PCsort_1_1_1_top197.clonotypes.IGHG	197	197	5	5	3026	424	45	11	0.9999999999999979	1.0000000000000058	0.014871116986120292	0.025943396226415096	0.7747247335011402	0.9176629354822471	1.288361E-4	0.01964197750483109	0.019460369197934747	0.2810928910316732	0.16050617365853292	0.47015317115926936	0.12192156918458072	0.0128534704	0.8160232538397506	.	.
col_ccp3_PBMC_PCsort_1_1_1_top197.clonotypes.IGHG	col_ccp3_tum_PCsort_1_2_1_top197.clonotypes.IGHG	197	197	2	2	3026	5446	197	340	0.9999999999999979	1.0000000000000007	0.06510244547257105	0.062431142122658836	0.0	0.0	5.15344E-5	0.06375280406249383	0.02204390222337039	0.35288348478248377	0.22120158639301388	0.5742754249761132	0.17132276513562375	0.0051020408	0.06393087749645336	.	.
col_ccp3_PBMC_PCsort_1_1_1_top197.clonotypes.IGHG	col_ccp3_tum_PCsort_1_3_1_top197.clonotypes.IGHG	197	197	2	2	3026	4492	16	13	0.9999999999999979	1.000000000000001	0.005287508261731659	0.0028940338379341048	0.0	0.0	5.15344E-5	0.00391180621041068	0.0039061526039726752	0.4889344052163487	0.2549768266436922	0.658691491406581	0.1771056359567927	0.0051020408	0.8460672601266768	.	.
col_ccp3_PBMC_PCsort_1_1_2_top197.clonotypes.IGHG	col_ccp3_tum_bulk_1_1_1_top197.clonotypes.IGHG	197	197	6	6	992	1112	47	34	1.0000000000000047	0.9999999999999974	0.04737903225806451	0.030575539568345328	0.2984081811044013	0.18481233109010944	1.546033E-4	0.03806099677512875	0.035565328141019974	0.21457423623385613	0.11197635754676613	0.3940549108525346	0.12530841640671941	0.0154639175	0.670842606739696	.	.
col_ccp3_PBMC_PCsort_1_1_2_top197.clonotypes.IGHG	col_ccp3_tum_bulk_1_2_1_top197.clonotypes.IGHG	197	197	1	1	992	15188	32	21	1.0000000000000047	1.0000000000000018	0.03225806451612903	0.0013826705293652885	0.0	0.0	2.57672E-5	0.00667849347838386	0.00667849347838386	0.4226953323757052	0.21850713193537064	0.5762504726287783	0.16862371325535916	0.0025445293	0.08556836504090053	.	.
col_ccp3_PBMC_PCsort_1_1_2_top197.clonotypes.IGHG	col_ccp3_tum_bulk_1_3_1_top197.clonotypes.IGHG	197	197	1	1	992	15357	32	35	1.0000000000000047	1.0000000000000007	0.03225806451612903	0.002279090968288077	0.0	0.0	2.57672E-5	0.008574325833158184	0.008574325833158184	0.4186483046415371	0.21913472292021588	0.5683746883408882	0.13288778445870925	0.0025445293	0.14060180088259008	.	.
col_ccp3_PBMC_PCsort_1_1_2_top197.clonotypes.IGHG	col_ccp3_tum_PCsort_1_1_1_top197.clonotypes.IGHG	197	197	1	1	992	424	3	2	1.0000000000000047	1.0000000000000058	0.0030241935483870967	0.0047169811320754715	0.0	0.0	2.57672E-5	0.0037769119538965034	0.0037769119538965034	0.2114874240097461	0.11834229710451964	0.4364575591474803	0.10743798636464408	0.0025445293	0.9087284669009622	.	.
col_ccp3_PBMC_PCsort_1_1_2_top197.clonotypes.IGHG	col_ccp3_tum_PCsort_1_2_1_top197.clonotypes.IGHG	197	197	4	4	992	5446	71	27	1.0000000000000047	1.0000000000000007	0.07157258064516128	0.004957767168564084	0.9837242314036626	0.7777777777777779	1.030689E-4	0.01883720230002284	0.017989876867380957	0.3931776628485238	0.23510076495996188	0.5835374511008217	0.15124103574798967	0.0102564103	0.10632726316358304	.	.
col_ccp3_PBMC_PCsort_1_1_2_top197.clonotypes.IGHG	col_ccp3_tum_PCsort_1_3_1_top197.clonotypes.IGHG	197	197	4	4	992	4492	12	26	1.0000000000000047	1.000000000000001	0.012096774193548387	0.00578806767586821	-0.9428090415820634	-1.0	1.030689E-4	0.008367613022359133	0.008131523626766366	0.457466150688852	0.2497495942934017	0.6015431273890675	0.13921960274458714	0.0102564103	0.7001556328255722	.	.
col_ccp3_tum_bulk_1_1_1_top197.clonotypes.IGHG	col_ccp3_tum_bulk_1_2_1_top197.clonotypes.IGHG	197	197	7	7	1112	15188	40	408	0.9999999999999974	1.0000000000000018	0.03597122302158273	0.02686331314195417	-0.03740385637505868	-0.08496617760555325	1.803705E-4	0.031085466509734865	0.026363270701840684	0.2988061987154367	0.16110163668341276	0.5837078825407992	0.16226822902129817	0.0180878553	0.5623234290764748	.	.
col_ccp3_tum_bulk_1_1_1_top197.clonotypes.IGHG	col_ccp3_tum_bulk_1_3_1_top197.clonotypes.IGHG	197	197	17	17	1112	15357	111	4741	0.9999999999999974	1.0000000000000007	0.09982014388489206	0.30871915087582213	-0.06034670593245376	0.4498421021324604	4.380427E-4	0.17554597705571687	0.13769019284580403	0.3313732938115619	0.18238996713566868	0.48082951405622076	0.11634333726700452	0.0450928382	0.11688174888464542	.	.
col_ccp3_tum_bulk_1_1_1_top197.clonotypes.IGHG	col_ccp3_tum_PCsort_1_1_1_top197.clonotypes.IGHG	197	197	34	34	1112	424	280	106	0.9999999999999974	1.0000000000000058	0.2517985611510791	0.24999999999999997	0.5453172897952573	0.32253099387301837	8.760854E-4	0.25089766895642884	0.2394875463452386	0.102793938043009	0.06145552168501121	0.2809923317082976	0.025093355306174892	0.0944444444	0.8291187204009073	.	.
col_ccp3_tum_bulk_1_1_1_top197.clonotypes.IGHG	col_ccp3_tum_PCsort_1_2_1_top197.clonotypes.IGHG	197	197	4	4	1112	5446	33	69	0.9999999999999974	1.0000000000000007	0.029676258992805755	0.012669849430774881	-0.2793947614543523	0.39999999999999997	1.030689E-4	0.01939055783384088	0.016311028831617103	0.3527027966797731	0.21076528812150663	0.63669950396497	0.18111759898059215	0.0102564103	0.3598114826060891	.	.
col_ccp3_tum_bulk_1_1_1_top197.clonotypes.IGHG	col_ccp3_tum_PCsort_1_3_1_top197.clonotypes.IGHG	197	197	19	19	1112	4492	123	980	0.9999999999999974	1.000000000000001	0.11061151079136688	0.21816562778272483	-0.02718944986445345	0.19565273939304018	4.895772E-4	0.15534358593709044	0.1122529811747924	0.43312060429077504	0.24391542180066556	0.5815631875654769	0.1934308943030889	0.0506666667	0.15400876151783718	.	.
col_ccp3_tum_bulk_1_2_1_top197.clonotypes.IGHG	col_ccp3_tum_bulk_1_3_1_top197.clonotypes.IGHG	197	197	16	16	15188	15357	1307	3187	1.0000000000000018	1.0000000000000007	0.08605478008954438	0.20752751188383145	0.06598919536999884	0.2315819592026861	4.122755E-4	0.13363657582298877	0.08966395784693765	0.3539256522885808	0.18738104799400646	0.5824109344438062	0.22625607350130816	0.0423280423	0.205331485868777	.	.
col_ccp3_tum_bulk_1_2_1_top197.clonotypes.IGHG	col_ccp3_tum_PCsort_1_1_1_top197.clonotypes.IGHG	197	197	2	2	15188	424	27	3	1.0000000000000018	1.0000000000000058	0.0017777192520410851	0.007075471698113208	0.0	0.0	5.15344E-5	0.003546576131286015	0.003483792631028029	0.3018992688593956	0.17657230273633306	0.5920017171899231	0.12553842495458412	0.0051020408	0.4226243560514803	.	.
col_ccp3_tum_bulk_1_2_1_top197.clonotypes.IGHG	col_ccp3_tum_PCsort_1_2_1_top197.clonotypes.IGHG	197	197	71	71	15188	5446	13069	4750	1.0000000000000018	1.0000000000000007	0.8604819594416648	0.8721997796547925	0.7939878015841567	0.7662797326087533	0.0018294725	0.8663210579351884	0.8145898829071327	0.09081829067790287	0.06182837327011128	0.12982590396561622	0.04197718371077538	0.2198142415	0.8191621489522354	.	.
col_ccp3_tum_bulk_1_2_1_top197.clonotypes.IGHG	col_ccp3_tum_PCsort_1_3_1_top197.clonotypes.IGHG	197	197	17	17	15188	4492	1268	1244	1.0000000000000018	1.000000000000001	0.08348696339215171	0.2769367764915405	0.1297350996287693	-0.14082834299704808	4.380427E-4	0.15205463005410175	0.0881000368355315	0.469926053819394	0.268677725437988	0.6711324960261109	0.30998324823444495	0.0450928382	0.09786930305876028	.	.
col_ccp3_tum_bulk_1_3_1_top197.clonotypes.IGHG	col_ccp3_tum_PCsort_1_1_1_top197.clonotypes.IGHG	197	197	4	4	15357	424	345	9	1.0000000000000007	1.0000000000000058	0.022465325258839618	0.02122641509433962	0.6285488910530443	0.6324555320336759	1.030689E-4	0.02183708586724617	0.02113000110933503	0.32950270322517633	0.1893321696978711	0.47656600170578295	0.10845651905787008	0.0102564103	0.8964584902949846	.	.
col_ccp3_tum_bulk_1_3_1_top197.clonotypes.IGHG	col_ccp3_tum_PCsort_1_2_1_top197.clonotypes.IGHG	197	197	15	15	15357	5446	2458	287	1.0000000000000007	1.0000000000000007	0.16005730285863123	0.052699228791773786	0.11546020705617942	0.20454373352731922	3.865083E-4	0.0918416921835679	0.06506241691381724	0.36308535550918286	0.22113507390489764	0.595260781363284	0.17629352401238235	0.0395778364	0.14502848325208217	.	.
col_ccp3_tum_bulk_1_3_1_top197.clonotypes.IGHG	col_ccp3_tum_PCsort_1_3_1_top197.clonotypes.IGHG	197	197	91	91	15357	4492	12883	4092	1.0000000000000007	1.000000000000001	0.838900826984437	0.9109528049866431	0.875262328988131	0.6579815606683747	0.0023448169	0.8741847982246589	0.8272767771865548	0.0868452586345735	0.052114662302677105	0.11968030903094319	0.04457374741920662	0.300330033	0.8319894565860629	.	.
col_ccp3_tum_PCsort_1_1_1_top197.clonotypes.IGHG	col_ccp3_tum_PCsort_1_2_1_top197.clonotypes.IGHG	197	197	1	1	424	5446	16	8	1.0000000000000058	1.0000000000000007	0.03773584905660377	0.0014689680499449136	0.0	0.0	2.57672E-5	0.007445317763648161	0.007445317763648161	0.3132615277969241	0.22247835050309034	0.6480149501263802	0.15535851334183168	0.0025445293	0.07773750616923188	.	.
col_ccp3_tum_PCsort_1_1_1_top197.clonotypes.IGHG	col_ccp3_tum_PCsort_1_3_1_top197.clonotypes.IGHG	197	197	4	4	424	4492	8	59	1.0000000000000058	1.000000000000001	0.018867924528301886	0.013134461264470168	0.22689900256614245	0.7378647873726218	1.030689E-4	0.015742300462700098	0.01429493160282103	0.4031804518227201	0.22996886101781114	0.5342591449978648	0.18186715527005856	0.0102564103	0.6811640625703937	.	.
col_ccp3_tum_PCsort_1_2_1_top197.clonotypes.IGHG	col_ccp3_tum_PCsort_1_3_1_top197.clonotypes.IGHG	197	197	15	15	5446	4492	528	1089	1.0000000000000007	1.000000000000001	0.09695189129636435	0.24243098842386465	-0.026998224962725977	-0.0036529817463779504	3.865083E-4	0.15331060901496898	0.06964337467781456	0.4810251396530284	0.3154903854731689	0.6958219961844625	0.26764410734481237	0.0395778364	0.059026365462696455	.	.
