1_sample_id	2_sample_id	div1	div2	div12	div21	count1	count2	count12	count21	freq1	freq2	freq12	freq21	R	Rs	D	F	F2	vJSD	vjJSD	vj2JSD	sJSD	Jaccard	MorisitaHorn	1_metadata_blank	2_metadata_blank
col_ccp3_LN_bulk_1_1_1_top284.clonotypes.IGHM	col_ccp3_LN_bulk_2_1_1_top284.clonotypes.IGHM	284	284	29	29	615	784	150	184	1.0000000000000002	0.9999999999999994	0.24390243902439027	0.23469387755102036	0.5472551791075676	0.4942635274093345	3.595517E-4	0.23925385923488351	0.21783942250892094	0.08499265676178706	0.048968206749684	0.28299950182830663	0.03319035320864028	0.0538033395	0.7311760516482494	.	.
col_ccp3_LN_bulk_1_1_1_top284.clonotypes.IGHM	col_ccp3_LN_bulk_3_1_1_top284.clonotypes.IGHM	284	284	25	25	615	3388	130	934	1.0000000000000002	0.9999999999999991	0.21138211382113825	0.27567886658795754	0.6200493131316916	0.31187153615522284	3.099583E-4	0.2413992161444979	0.21733260218562006	0.13478699267311758	0.07771577679485332	0.28146206204707036	0.08862850540323465	0.0460405157	0.6700682098099398	.	.
col_ccp3_LN_bulk_1_1_1_top284.clonotypes.IGHM	col_ccp3_LN_PCsort_1_1_1_top284.clonotypes.IGHM	284	284	37	37	615	665	181	177	1.0000000000000002	0.999999999999997	0.29430894308943095	0.26616541353383455	0.4372760533153929	0.05881992536008621	4.587383E-4	0.27988365715794156	0.2530439793646113	0.14030051479540373	0.07479629643493325	0.3078314696571207	0.028041582068997407	0.0696798493	0.724102359366359	.	.
col_ccp3_LN_bulk_1_1_1_top284.clonotypes.IGHM	col_ccp3_LN_PCsort_2_1_1_top284.clonotypes.IGHM	284	284	34	34	615	1425	156	390	1.0000000000000002	1.0000000000000029	0.2536585365853659	0.27368421052631586	0.5138589541857846	0.2964981644742571	4.215433E-4	0.2634811878078328	0.23140301494541116	0.11414721502587678	0.06926079086242236	0.30063422445481236	0.04197165561886395	0.063670412	0.5542634954501751	.	.
col_ccp3_LN_bulk_1_1_1_top284.clonotypes.IGHM	col_ccp3_LN_PCsort_3_1_1_top284.clonotypes.IGHM	284	284	14	14	615	666	80	181	1.0000000000000002	1.0000000000000058	0.13008130081300812	0.2717717717717717	0.541032187372321	0.5333418453525711	1.735767E-4	0.1880224071655504	0.16023859379306282	0.13703427241184013	0.08313215275836494	0.3060982309043084	0.08496678290610671	0.0252707581	0.3176252210265488	.	.
col_ccp3_LN_bulk_1_1_1_top284.clonotypes.IGHM	col_ccp3_PBMC_bulk_1_1_1_top284.clonotypes.IGHM	284	284	11	11	615	3863	34	190	1.0000000000000002	1.0000000000000024	0.055284552845528454	0.04918457157649496	0.30483605575054146	0.21286114503613027	1.363817E-4	0.05214544128210454	0.05009020219990763	0.1727162474655639	0.10300218904395454	0.3299814239804679	0.04871116748602005	0.0197486535	0.8558270115283371	.	.
col_ccp3_LN_bulk_1_1_1_top284.clonotypes.IGHM	col_ccp3_PBMC_bulk_1_1_2_top284.clonotypes.IGHM	284	284	14	14	615	3314	46	162	1.0000000000000002	1.0000000000000073	0.07479674796747968	0.04888352444176222	-0.1686366502469901	0.14942929406261207	1.735767E-4	0.06046758352565961	0.05640838623463124	0.20653128070280646	0.11823619934085045	0.356678853114937	0.032042036486613155	0.0252707581	0.6140324424183127	.	.
col_ccp3_LN_bulk_1_1_1_top284.clonotypes.IGHM	col_ccp3_PBMC_PCsort_1_1_1_top284.clonotypes.IGHM	284	284	8	8	615	7672	27	191	1.0000000000000002	1.0000000000000002	0.04390243902439025	0.02489572471324296	0.00434656183307794	0.06137857701753022	9.91867E-5	0.03306029395197741	0.03198932470256213	0.1847724937281939	0.10614713646916332	0.396508354219223	0.04648792645790999	0.0142857143	0.7422597529789839	.	.
col_ccp3_LN_bulk_1_1_1_top284.clonotypes.IGHM	col_ccp3_PBMC_PCsort_1_1_2_top284.clonotypes.IGHM	284	284	7	7	615	5103	22	228	1.0000000000000002	1.0000000000000018	0.03577235772357724	0.04467960023515579	0.5081861431497694	0.6681531047810609	8.67883E-5	0.03997867734878705	0.03877689165585295	0.1785478604120402	0.09603296607327474	0.3912135465370913	0.06978809807351032	0.0124777184	0.8597027245434998	.	.
col_ccp3_LN_bulk_1_1_1_top284.clonotypes.IGHM	col_ccp3_tum_bulk_1_1_1_top284.clonotypes.IGHM	284	284	11	11	615	3126	38	128	1.0000000000000002	0.999999999999999	0.061788617886178863	0.04094689699296225	-0.15472776632242183	-0.13976634800491855	1.363817E-4	0.050299623973970926	0.04648021703667723	0.1444330991356653	0.10365776636529281	0.35571865558972277	0.08507779464872713	0.0197486535	0.6910298945255021	.	.
col_ccp3_LN_bulk_1_1_1_top284.clonotypes.IGHM	col_ccp3_tum_bulk_1_2_1_top284.clonotypes.IGHM	284	284	23	23	615	19216	114	7244	1.0000000000000002	0.9999999999999996	0.1853658536585366	0.37697751873438806	0.4394703105323017	0.41399614501620113	2.851617E-4	0.26434590893425386	0.2046576903958233	0.35273445682991145	0.2110236398716114	0.49959287559115695	0.2357652453303495	0.0422018349	0.3061529330345965	.	.
col_ccp3_LN_bulk_1_1_1_top284.clonotypes.IGHM	col_ccp3_tum_bulk_1_3_1_top284.clonotypes.IGHM	284	284	15	15	615	5117	70	786	1.0000000000000002	1.0000000000000018	0.11382113821138214	0.15360562829783078	-0.11078231732562181	-0.28677450423044615	1.85975E-4	0.1322254417596462	0.09572509927191278	0.17322123541226386	0.10503773557701407	0.3513450995514752	0.09841227865209776	0.027124774	0.2909992171900743	.	.
col_ccp3_LN_bulk_1_1_1_top284.clonotypes.IGHM	col_ccp3_tum_PCsort_1_1_1_top284.clonotypes.IGHM	284	284	4	4	615	2947	11	28	1.0000000000000002	1.0000000000000018	0.01788617886178862	0.009501187648456057	-0.3333333333333334	-0.3333333333333334	4.95933E-5	0.013036101475506465	0.011094752952722699	0.2618187546387466	0.14102714801871552	0.46506104764968986	0.06891072601139092	0.0070921986	0.5033498602177845	.	.
col_ccp3_LN_bulk_1_1_1_top284.clonotypes.IGHM	col_ccp3_tum_PCsort_1_2_1_top284.clonotypes.IGHM	284	284	16	16	615	26972	79	7160	1.0000000000000002	1.0000000000000013	0.12845528455284552	0.2654604775322557	0.6714474045455404	0.8114489582005179	1.983733E-4	0.18466131478720757	0.1696383487531157	0.28729605345944637	0.21679094850656466	0.4761588447564587	0.27035144273939954	0.0289855072	0.5881821034813032	.	.
col_ccp3_LN_bulk_1_1_1_top284.clonotypes.IGHM	col_ccp3_tum_PCsort_1_3_1_top284.clonotypes.IGHM	284	284	16	16	615	3771	77	428	1.0000000000000002	1.0000000000000007	0.12520325203252033	0.11349774595597983	0.07813858785238924	-0.2298199673990853	1.983733E-4	0.11920690790407035	0.10032427488425065	0.20286405694789625	0.11189309845712465	0.38255162558334327	0.0866941897663082	0.0289855072	0.5693741986197348	.	.
col_ccp3_LN_bulk_2_1_1_top284.clonotypes.IGHM	col_ccp3_LN_bulk_3_1_1_top284.clonotypes.IGHM	284	284	29	29	784	3388	173	1313	0.9999999999999994	0.9999999999999991	0.22066326530612249	0.38754427390791024	0.6906148775355939	0.5782793753067932	3.595517E-4	0.29243253056253815	0.27290442042879826	0.11520722982369253	0.0726615253895302	0.25561639854751195	0.05606524640401397	0.0538033395	0.67345663249016	.	.
col_ccp3_LN_bulk_2_1_1_top284.clonotypes.IGHM	col_ccp3_LN_PCsort_1_1_1_top284.clonotypes.IGHM	284	284	32	32	784	665	180	139	0.9999999999999994	0.999999999999997	0.22959183673469385	0.2090225563909775	0.6209004797840532	0.2609466849582076	3.967467E-4	0.21906590935329404	0.19621086708739016	0.16526537488938245	0.08707720830042147	0.35914241014606224	0.04774967474599026	0.0597014925	0.7492204184682522	.	.
col_ccp3_LN_bulk_2_1_1_top284.clonotypes.IGHM	col_ccp3_LN_PCsort_2_1_1_top284.clonotypes.IGHM	284	284	49	49	784	1425	250	495	0.9999999999999994	1.0000000000000029	0.3188775510204081	0.34736842105263166	0.7426570482897502	0.4103786316038954	6.075183E-4	0.3328182558200333	0.3101448519396679	0.12765812402358206	0.07811706985726273	0.3006115315822049	0.04858909489028199	0.0944123314	0.7716240567544956	.	.
col_ccp3_LN_bulk_2_1_1_top284.clonotypes.IGHM	col_ccp3_LN_PCsort_3_1_1_top284.clonotypes.IGHM	284	284	16	16	784	666	121	230	0.9999999999999994	1.0000000000000058	0.15433673469387757	0.3453453453453453	0.7199542375085668	0.6767323191153045	1.983733E-4	0.23086678613938835	0.2109968732008136	0.10607198180722842	0.07774187292632996	0.29055457192445816	0.05673317933809036	0.0289855072	0.49052042332704604	.	.
col_ccp3_LN_bulk_2_1_1_top284.clonotypes.IGHM	col_ccp3_PBMC_bulk_1_1_1_top284.clonotypes.IGHM	284	284	6	6	784	3863	37	73	0.9999999999999994	1.0000000000000024	0.04719387755102041	0.018897230132021745	-0.5086135938451631	-0.708447269178752	7.439E-5	0.029863582586556615	0.026239010901754335	0.20138279058858735	0.11457380256171047	0.38308144397057975	0.06922456138148608	0.0106761566	0.3845856516350895	.	.
col_ccp3_LN_bulk_2_1_1_top284.clonotypes.IGHM	col_ccp3_PBMC_bulk_1_1_2_top284.clonotypes.IGHM	284	284	13	13	784	3314	52	177	0.9999999999999994	1.0000000000000073	0.0663265306122449	0.05340977670488835	-0.34356433822454696	-0.4082609792559592	1.611783E-4	0.05951878014215296	0.05362451912252838	0.2510098296320808	0.1422266536071263	0.4436958531512539	0.0508606498306556	0.0234234234	0.5705405655790438	.	.
col_ccp3_LN_bulk_2_1_1_top284.clonotypes.IGHM	col_ccp3_PBMC_PCsort_1_1_1_top284.clonotypes.IGHM	284	284	3	3	784	7672	20	70	0.9999999999999994	1.0000000000000002	0.025510204081632654	0.009124087591240875	-0.013120467558817853	0.5	3.7195E-5	0.015256386744942159	0.013822007093219702	0.22593228619962324	0.12408705359515841	0.44614679511341365	0.07424971988733912	0.0053097345	0.37303416743357143	.	.
col_ccp3_LN_bulk_2_1_1_top284.clonotypes.IGHM	col_ccp3_PBMC_PCsort_1_1_2_top284.clonotypes.IGHM	284	284	6	6	784	5103	26	149	0.9999999999999994	1.0000000000000018	0.03316326530612245	0.029198510679992157	-0.648644399807329	-0.50709255283711	7.439E-5	0.031117807702732366	0.024455579596185602	0.22035112396125803	0.11989589376221875	0.454592450104284	0.07597225548007959	0.0106761566	0.35408688789890197	.	.
col_ccp3_LN_bulk_2_1_1_top284.clonotypes.IGHM	col_ccp3_tum_bulk_1_1_1_top284.clonotypes.IGHM	284	284	5	5	784	3126	20	50	0.9999999999999994	0.999999999999999	0.025510204081632654	0.01599488163787588	0.22268406975145438	0.7826237921249264	6.19917E-5	0.02019981917849198	0.018878483497219926	0.1978233871692588	0.13410391068355673	0.4464912596948182	0.1084822760788935	0.0088809947	0.6068539623259144	.	.
col_ccp3_LN_bulk_2_1_1_top284.clonotypes.IGHM	col_ccp3_tum_bulk_1_2_1_top284.clonotypes.IGHM	284	284	30	30	784	19216	181	11836	0.9999999999999994	0.9999999999999996	0.2308673469387755	0.6159450457951705	0.5353678271361423	0.26418132466230676	3.7195E-4	0.3770962723003419	0.3170990356662342	0.3453197159974776	0.2230003013518912	0.4714300891713029	0.19450096402003458	0.0557620818	0.37756803723844695	.	.
col_ccp3_LN_bulk_2_1_1_top284.clonotypes.IGHM	col_ccp3_tum_bulk_1_3_1_top284.clonotypes.IGHM	284	284	12	12	784	5117	43	444	0.9999999999999994	1.0000000000000018	0.0548469387755102	0.08676959155755326	-0.07321844320037277	0.04951671375941059	1.4878E-4	0.068985842574641	0.05078156512745386	0.23234464611331285	0.1438509053367248	0.4436543018213701	0.07277880202171484	0.0215827338	0.1956355365671475	.	.
col_ccp3_LN_bulk_2_1_1_top284.clonotypes.IGHM	col_ccp3_tum_PCsort_1_1_1_top284.clonotypes.IGHM	284	284	2	2	784	2947	10	9	0.9999999999999994	1.0000000000000018	0.012755102040816327	0.0030539531727180186	0.0	0.0	2.47967E-5	0.006241272654346475	0.0061513893385285925	0.31714866922757573	0.16623653225087828	0.5359367718259233	0.09412377088350374	0.0035335689	0.45018474454544777	.	.
col_ccp3_LN_bulk_2_1_1_top284.clonotypes.IGHM	col_ccp3_tum_PCsort_1_2_1_top284.clonotypes.IGHM	284	284	22	22	784	26972	148	15799	0.9999999999999994	1.0000000000000013	0.18877551020408165	0.5857555983983389	0.16422467389307385	0.5255332653251633	2.727633E-4	0.332530166966162	0.26264788696233043	0.303456846519355	0.2505611134893227	0.49571713128715156	0.23666687559530022	0.0402930403	0.1980328480880585	.	.
col_ccp3_LN_bulk_2_1_1_top284.clonotypes.IGHM	col_ccp3_tum_PCsort_1_3_1_top284.clonotypes.IGHM	284	284	15	15	784	3771	69	392	0.9999999999999994	1.0000000000000007	0.08801020408163268	0.10395120657650492	0.37328736503230725	0.2835821475679686	1.85975E-4	0.09564918664228231	0.08139313094759112	0.241654266866697	0.14365746398103346	0.48075409016610077	0.06592383670363915	0.027124774	0.590310291513536	.	.
col_ccp3_LN_bulk_3_1_1_top284.clonotypes.IGHM	col_ccp3_LN_PCsort_1_1_1_top284.clonotypes.IGHM	284	284	23	23	3388	665	736	99	0.9999999999999991	0.999999999999997	0.21723730814639908	0.1488721804511278	0.9200170505976052	0.4041148346552767	2.851617E-4	0.17983490133755456	0.1701773179791517	0.24035353954367003	0.1368889858262543	0.39570880311042617	0.10537670568230724	0.0422018349	0.8764263416691251	.	.
col_ccp3_LN_bulk_3_1_1_top284.clonotypes.IGHM	col_ccp3_LN_PCsort_2_1_1_top284.clonotypes.IGHM	284	284	45	45	3388	1425	1607	449	0.9999999999999991	1.0000000000000029	0.47432113341204246	0.31508771929824564	0.5761201132916881	0.1745776935099757	5.57925E-4	0.3865912106369716	0.3294049052063807	0.1854139760456321	0.11258237692663428	0.3546694513682315	0.06358577125985079	0.086042065	0.6567311783690709	.	.
col_ccp3_LN_bulk_3_1_1_top284.clonotypes.IGHM	col_ccp3_LN_PCsort_3_1_1_top284.clonotypes.IGHM	284	284	61	61	3388	666	1940	382	0.9999999999999991	1.0000000000000058	0.5726092089728455	0.5735735735735736	0.7909319529142662	0.5649585620400341	7.562984E-4	0.5730911884261458	0.539122909828945	0.07603770637599747	0.05034611794378236	0.20871710403153376	0.02888525188215438	0.1203155819	0.7846435976157287	.	.
col_ccp3_LN_bulk_3_1_1_top284.clonotypes.IGHM	col_ccp3_PBMC_bulk_1_1_1_top284.clonotypes.IGHM	284	284	11	11	3388	3863	292	201	0.9999999999999991	1.0000000000000024	0.08618654073199526	0.05203209940460782	-0.20167152950526876	0.13351912271322178	1.363817E-4	0.0669661605193732	0.05154840232457508	0.2555825837179682	0.14147127430664014	0.44718984107074994	0.1270483595294349	0.0197486535	0.30032385110969456	.	.
col_ccp3_LN_bulk_3_1_1_top284.clonotypes.IGHM	col_ccp3_PBMC_bulk_1_1_2_top284.clonotypes.IGHM	284	284	10	10	3388	3314	236	123	0.9999999999999991	1.0000000000000073	0.06965761511216056	0.03711526855763428	-0.31302795056507554	-0.34986029201151186	1.239833E-4	0.05084644620789307	0.04287817598949731	0.3112492847746658	0.17291106303953652	0.5080995741119864	0.10489345745561705	0.017921147	0.4337513126298982	.	.
col_ccp3_LN_bulk_3_1_1_top284.clonotypes.IGHM	col_ccp3_PBMC_PCsort_1_1_1_top284.clonotypes.IGHM	284	284	5	5	3388	7672	92	381	0.9999999999999991	1.0000000000000002	0.027154663518299885	0.04966110531803962	0.061989327327536294	0.10259783520851513	6.19917E-5	0.03672234476253142	0.028446513950736645	0.29247389354217795	0.16672225069563248	0.4896137601910309	0.12191210292092955	0.0088809947	0.4507349649243662	.	.
col_ccp3_LN_bulk_3_1_1_top284.clonotypes.IGHM	col_ccp3_PBMC_PCsort_1_1_2_top284.clonotypes.IGHM	284	284	11	11	3388	5103	163	479	0.9999999999999991	1.0000000000000018	0.04811097992916175	0.09386635312561238	0.7128476881442714	-0.14301938838683884	1.363817E-4	0.06720120706691173	0.05767978203275428	0.30854931906474625	0.16519177088545556	0.5257279636511384	0.1376182572603763	0.0197486535	0.621111149461387	.	.
col_ccp3_LN_bulk_3_1_1_top284.clonotypes.IGHM	col_ccp3_tum_bulk_1_1_1_top284.clonotypes.IGHM	284	284	5	5	3388	3126	253	61	0.9999999999999991	0.999999999999999	0.07467532467532467	0.019513755598208574	0.13479054341681815	0.5642880936468347	6.19917E-5	0.03817323715551459	0.0345286810200694	0.2471246887105486	0.15550299527156045	0.468905225268241	0.16418832721461066	0.0088809947	0.2939379580366175	.	.
col_ccp3_LN_bulk_3_1_1_top284.clonotypes.IGHM	col_ccp3_tum_bulk_1_2_1_top284.clonotypes.IGHM	284	284	63	63	3388	19216	1926	15464	0.9999999999999991	0.9999999999999996	0.5684769775678867	0.8047460449625313	0.5315537979388717	0.23148193033763131	7.81095E-4	0.6763723821608999	0.5368127618209452	0.26725971785644703	0.1530287928987128	0.3491047119685716	0.09156756257180687	0.1247524752	0.5402832806323455	.	.
col_ccp3_LN_bulk_3_1_1_top284.clonotypes.IGHM	col_ccp3_tum_bulk_1_3_1_top284.clonotypes.IGHM	284	284	21	21	3388	5117	487	979	0.9999999999999991	1.0000000000000018	0.1437426210153483	0.19132304084424467	0.1956907273484876	0.2565949961636544	2.60365E-4	0.1658350848028796	0.12788262013652177	0.2774786196754042	0.16095367542698807	0.42891374131495363	0.11470710289342241	0.0383912249	0.4223881943138429	.	.
col_ccp3_LN_bulk_3_1_1_top284.clonotypes.IGHM	col_ccp3_tum_PCsort_1_1_1_top284.clonotypes.IGHM	284	284	3	3	3388	2947	68	34	0.9999999999999991	1.0000000000000018	0.020070838252656435	0.011537156430268071	0.9176629354822472	0.5	3.7195E-5	0.015217108812369897	0.014698741981096518	0.3533859723437878	0.18995924940533088	0.5688733032626561	0.15289244153582887	0.0053097345	0.7697915976469212	.	.
col_ccp3_LN_bulk_3_1_1_top284.clonotypes.IGHM	col_ccp3_tum_PCsort_1_2_1_top284.clonotypes.IGHM	284	284	47	47	3388	26972	1718	21427	0.9999999999999991	1.0000000000000013	0.5070838252656433	0.7944164318552572	0.1749599903794735	0.25854992559736834	5.827217E-4	0.63469340875658	0.4665025939284926	0.23020259243272623	0.179468120227862	0.3434201746324548	0.13468151862156166	0.0902111324	0.29495389342430284	.	.
col_ccp3_LN_bulk_3_1_1_top284.clonotypes.IGHM	col_ccp3_tum_PCsort_1_3_1_top284.clonotypes.IGHM	284	284	22	22	3388	3771	757	660	0.9999999999999991	1.0000000000000007	0.22343565525383707	0.1750198886237072	0.4023144168388037	0.49206633849184195	2.727633E-4	0.19775157015076164	0.17128065578666143	0.2897447631581849	0.15698623794197752	0.4219563466791819	0.09079416882475418	0.0402930403	0.5611103607850588	.	.
col_ccp3_LN_PCsort_1_1_1_top284.clonotypes.IGHM	col_ccp3_LN_PCsort_2_1_1_top284.clonotypes.IGHM	284	284	39	39	665	1425	175	417	0.999999999999997	1.0000000000000029	0.2631578947368421	0.2926315789473684	0.8670255304441545	0.47435876869432064	4.83535E-4	0.2775037121360856	0.2570494027337178	0.08068741311981188	0.04630695851480384	0.2196317546703169	0.02950281128915313	0.0737240076	0.814590548165976	.	.
col_ccp3_LN_PCsort_1_1_1_top284.clonotypes.IGHM	col_ccp3_LN_PCsort_3_1_1_top284.clonotypes.IGHM	284	284	17	17	665	666	83	173	0.999999999999997	1.0000000000000058	0.124812030075188	0.2597597597597598	0.9661756376264575	0.4627576032712254	2.107717E-4	0.18005872083145197	0.1668743105790123	0.14353286845809438	0.08909608517551341	0.33645639836343866	0.08403033865675683	0.0308529946	0.5566250234341066	.	.
col_ccp3_LN_PCsort_1_1_1_top284.clonotypes.IGHM	col_ccp3_PBMC_bulk_1_1_1_top284.clonotypes.IGHM	284	284	13	13	665	3863	30	271	0.999999999999997	1.0000000000000024	0.04511278195488722	0.07015273103805333	0.39487830566338156	0.2452745545728971	1.611783E-4	0.05625642060120382	0.05379221450062771	0.11319415630094655	0.07338255700713232	0.28965032836421123	0.047809588768615775	0.0234234234	0.7926324500507728	.	.
col_ccp3_LN_PCsort_1_1_1_top284.clonotypes.IGHM	col_ccp3_PBMC_bulk_1_1_2_top284.clonotypes.IGHM	284	284	17	17	665	3314	50	206	0.999999999999997	1.0000000000000073	0.07518796992481203	0.062160531080265535	-0.24825330020752873	-0.10700334729478006	2.107717E-4	0.06836464101692737	0.062278401915003695	0.12655665863767168	0.07533012445358771	0.2882656669683175	0.027038303610918024	0.0308529946	0.6664375338816403	.	.
col_ccp3_LN_PCsort_1_1_1_top284.clonotypes.IGHM	col_ccp3_PBMC_PCsort_1_1_1_top284.clonotypes.IGHM	284	284	15	15	665	7672	40	595	0.999999999999997	1.0000000000000002	0.06015037593984964	0.07755474452554742	0.052456588677015546	-0.12030231731972403	1.85975E-4	0.06830041756190568	0.059631602921939926	0.09331265978883765	0.05659091872467684	0.3055573383954451	0.033345399719089584	0.027124774	0.4889866322944217	.	.
col_ccp3_LN_PCsort_1_1_1_top284.clonotypes.IGHM	col_ccp3_PBMC_PCsort_1_1_2_top284.clonotypes.IGHM	284	284	17	17	665	5103	40	423	0.999999999999997	1.0000000000000018	0.06015037593984962	0.08289241622574954	0.3683037566951019	0.5404952638735183	2.107717E-4	0.07061168457515601	0.06600793092796198	0.10757817212442534	0.05777995852389872	0.36296891835053713	0.05558688169076184	0.0308529946	0.7384579757254242	.	.
col_ccp3_LN_PCsort_1_1_1_top284.clonotypes.IGHM	col_ccp3_tum_bulk_1_1_1_top284.clonotypes.IGHM	284	284	6	6	665	3126	16	82	0.999999999999997	0.999999999999999	0.02406015037593985	0.026231605886116442	-0.11252898686095288	-0.3236694374850749	7.439E-5	0.02512242787276641	0.023049260748778704	0.12356962656159153	0.09326202368632938	0.34999658358316826	0.10097379827955082	0.0106761566	0.716907555321182	.	.
col_ccp3_LN_PCsort_1_1_1_top284.clonotypes.IGHM	col_ccp3_tum_bulk_1_2_1_top284.clonotypes.IGHM	284	284	21	21	665	19216	102	6663	0.999999999999997	0.9999999999999996	0.15338345864661654	0.34674229808492923	0.6800668223731028	0.3098546026843684	2.60365E-4	0.2306177203498086	0.18820099395130954	0.3988929558762971	0.23745849456358095	0.5071494439311974	0.24526545127693086	0.0383912249	0.4456813746435106	.	.
col_ccp3_LN_PCsort_1_1_1_top284.clonotypes.IGHM	col_ccp3_tum_bulk_1_3_1_top284.clonotypes.IGHM	284	284	15	15	665	5117	52	644	0.999999999999997	1.0000000000000018	0.07819548872180451	0.12585499316005472	-0.2738366870846967	-0.09593235523538587	1.85975E-4	0.09920328975507739	0.07328047028335508	0.12991239899605797	0.08525220902507723	0.3412029800297807	0.06860419075821382	0.027124774	0.2215996369397949	.	.
col_ccp3_LN_PCsort_1_1_1_top284.clonotypes.IGHM	col_ccp3_tum_PCsort_1_1_1_top284.clonotypes.IGHM	284	284	4	4	665	2947	17	18	0.999999999999997	1.0000000000000018	0.025563909774436087	0.006107906345436036	-0.24644001103704297	0.316227766016838	4.95933E-5	0.012495677921802902	0.01045130477261277	0.1259771231422364	0.07067544664469268	0.40653390440928444	0.06686926710371285	0.0070921986	0.20454052835987335	.	.
col_ccp3_LN_PCsort_1_1_1_top284.clonotypes.IGHM	col_ccp3_tum_PCsort_1_2_1_top284.clonotypes.IGHM	284	284	15	15	665	26972	83	12301	0.999999999999997	1.0000000000000013	0.12481203007518799	0.4560655494586979	0.09883372863078808	0.22946478428953218	1.85975E-4	0.2385842976293623	0.17037091302072147	0.361385295532014	0.25815906638117886	0.5322698581847132	0.26385202818769815	0.027124774	0.14838660002401005	.	.
col_ccp3_LN_PCsort_1_1_1_top284.clonotypes.IGHM	col_ccp3_tum_PCsort_1_3_1_top284.clonotypes.IGHM	284	284	15	15	665	3771	73	385	0.999999999999997	1.0000000000000007	0.10977443609022561	0.1020949350304959	0.6823088840739879	0.5735006685822639	1.85975E-4	0.10586507413042748	0.09678661959578957	0.0981448147399359	0.06094120929876894	0.37760396318688716	0.06443709222062953	0.027124774	0.7130106001438126	.	.
col_ccp3_LN_PCsort_2_1_1_top284.clonotypes.IGHM	col_ccp3_LN_PCsort_3_1_1_top284.clonotypes.IGHM	284	284	29	29	1425	666	349	291	1.0000000000000029	1.0000000000000058	0.24491228070175441	0.4369369369369369	0.9126528853753756	0.4072412124994128	3.595517E-4	0.3271256971686325	0.3031411743020932	0.09907053379002241	0.0602809763278897	0.2771258361676379	0.04134030732753997	0.0538033395	0.7729201437470254	.	.
col_ccp3_LN_PCsort_2_1_1_top284.clonotypes.IGHM	col_ccp3_PBMC_bulk_1_1_1_top284.clonotypes.IGHM	284	284	11	11	1425	3863	67	219	1.0000000000000029	1.0000000000000024	0.04701754385964912	0.056691690396065246	-0.459701301849854	-0.9164376881781282	1.363817E-4	0.051628519634739155	0.04006024120791992	0.1742598087552904	0.1174559841436499	0.3708931455989727	0.061321394109266444	0.0197486535	0.3505878916828996	.	.
col_ccp3_LN_PCsort_2_1_1_top284.clonotypes.IGHM	col_ccp3_PBMC_bulk_1_1_2_top284.clonotypes.IGHM	284	284	17	17	1425	3314	111	189	1.0000000000000029	1.0000000000000073	0.07789473684210524	0.05703077851538926	0.03659209477921514	0.01333529294893513	2.107717E-4	0.06665131269792543	0.06074352999362516	0.16423041869980293	0.10407005812412096	0.3686385978389353	0.040838944436849975	0.0308529946	0.5954616906746195	.	.
col_ccp3_LN_PCsort_2_1_1_top284.clonotypes.IGHM	col_ccp3_PBMC_PCsort_1_1_1_top284.clonotypes.IGHM	284	284	12	12	1425	7672	71	560	1.0000000000000029	1.0000000000000002	0.04982456140350877	0.07299270072992699	-0.23671302475737943	0.13781693108434306	1.4878E-4	0.06030612986692303	0.0501959573353596	0.14584391048378	0.09891105805144444	0.36562684100543996	0.05220891549487793	0.0215827338	0.38417481508249557	.	.
col_ccp3_LN_PCsort_2_1_1_top284.clonotypes.IGHM	col_ccp3_PBMC_PCsort_1_1_2_top284.clonotypes.IGHM	284	284	14	14	1425	5103	64	425	1.0000000000000029	1.0000000000000018	0.044912280701754376	0.08328434254360179	-0.022695352262961488	-0.058236854363030235	1.735767E-4	0.06115954357562937	0.05611228165303676	0.1447598840509488	0.07710739528006322	0.38499582646335867	0.06506045764922744	0.0252707581	0.6133477727989325	.	.
col_ccp3_LN_PCsort_2_1_1_top284.clonotypes.IGHM	col_ccp3_tum_bulk_1_1_1_top284.clonotypes.IGHM	284	284	4	4	1425	3126	26	42	1.0000000000000029	0.999999999999999	0.018245614035087718	0.013435700575815739	-0.4635227982407133	-0.31622776601683794	4.95933E-5	0.01565703059322999	0.014536197802335449	0.1485910116774008	0.12676114999528112	0.4074893684564888	0.11522285006070399	0.0070921986	0.697731007320687	.	.
col_ccp3_LN_PCsort_2_1_1_top284.clonotypes.IGHM	col_ccp3_tum_bulk_1_2_1_top284.clonotypes.IGHM	284	284	36	36	1425	19216	422	11704	1.0000000000000029	0.9999999999999996	0.2961403508771931	0.609075770191507	0.506545995323249	0.12817989422213122	4.4634E-4	0.4247021453858098	0.32526463034505687	0.3260727010944955	0.18776899887396317	0.4655652151565363	0.1433664974685441	0.0676691729	0.4676370561726914	.	.
col_ccp3_LN_PCsort_2_1_1_top284.clonotypes.IGHM	col_ccp3_tum_bulk_1_3_1_top284.clonotypes.IGHM	284	284	14	14	1425	5117	65	546	1.0000000000000029	1.0000000000000018	0.045614035087719294	0.106703146374829	-0.002298747351832633	-0.1072456109101907	1.735767E-4	0.0697650418383842	0.05655735476827759	0.18503322644192163	0.12106357884310263	0.38255083511395455	0.06160786465657703	0.0252707581	0.19635085056772614	.	.
col_ccp3_LN_PCsort_2_1_1_top284.clonotypes.IGHM	col_ccp3_tum_PCsort_1_1_1_top284.clonotypes.IGHM	284	284	4	4	1425	2947	27	46	1.0000000000000029	1.0000000000000018	0.01894736842105263	0.015609093993892093	-0.4965523935611804	-0.4	4.95933E-5	0.01719741999897407	0.01363367232040754	0.15858136435288098	0.09952221803845208	0.42349003882855585	0.0768068144762594	0.0070921986	0.4211496522822589	.	.
col_ccp3_LN_PCsort_2_1_1_top284.clonotypes.IGHM	col_ccp3_tum_PCsort_1_2_1_top284.clonotypes.IGHM	284	284	31	31	1425	26972	362	17075	1.0000000000000029	1.0000000000000013	0.2540350877192983	0.6330639181373275	0.1727332829690709	0.3875285733232156	3.843483E-4	0.4010242486133958	0.2989587424699463	0.29303037443176577	0.19564165746769463	0.4658052786751712	0.1760138641569653	0.0577281192	0.22812302901913067	.	.
col_ccp3_LN_PCsort_2_1_1_top284.clonotypes.IGHM	col_ccp3_tum_PCsort_1_3_1_top284.clonotypes.IGHM	284	284	23	23	1425	3771	220	576	1.0000000000000029	1.0000000000000007	0.15438596491228074	0.15274463007159908	0.41075621906553805	0.025774856173950846	2.851617E-4	0.1535631046142699	0.12616952171001375	0.139307180722614	0.07789321266171835	0.3989988945883059	0.0540869490676581	0.0422018349	0.424477918201508	.	.
col_ccp3_LN_PCsort_3_1_1_top284.clonotypes.IGHM	col_ccp3_PBMC_bulk_1_1_1_top284.clonotypes.IGHM	284	284	9	9	666	3863	49	171	1.0000000000000058	1.0000000000000024	0.07357357357357357	0.044266114418845454	-0.14524148559847994	0.1282238634278215	1.11585E-4	0.05706852219929259	0.04973849725007089	0.2316758130958741	0.15487615652537484	0.4030654380728131	0.118671261870237	0.0161001789	0.48689418510154286	.	.
col_ccp3_LN_PCsort_3_1_1_top284.clonotypes.IGHM	col_ccp3_PBMC_bulk_1_1_2_top284.clonotypes.IGHM	284	284	8	8	666	3314	31	150	1.0000000000000058	1.0000000000000073	0.04654654654654655	0.045262522631261314	-0.32604055750572825	-0.21821789023599236	9.91867E-5	0.04590004484170055	0.03799525071912717	0.2555401579419198	0.1621358032753409	0.4358011641408676	0.08070413780557183	0.0142857143	0.4572612126829979	.	.
col_ccp3_LN_PCsort_3_1_1_top284.clonotypes.IGHM	col_ccp3_PBMC_PCsort_1_1_1_top284.clonotypes.IGHM	284	284	6	6	666	7672	27	220	1.0000000000000058	1.0000000000000002	0.04054054054054054	0.02867570385818561	0.8565579610032491	0.29411764705882354	7.439E-5	0.03409587269437914	0.0325648144539438	0.23961827103963204	0.15800910645276559	0.4333799639247172	0.1055035409680818	0.0106761566	0.8500099012495731	.	.
col_ccp3_LN_PCsort_3_1_1_top284.clonotypes.IGHM	col_ccp3_PBMC_PCsort_1_1_2_top284.clonotypes.IGHM	284	284	9	9	666	5103	34	385	1.0000000000000058	1.0000000000000018	0.05105105105105105	0.07544581618655692	0.8697150810883569	0.39494073067484764	1.11585E-4	0.06206116510127836	0.05734310389210123	0.24302404250543655	0.13635810096238898	0.4689583468347746	0.12116176850749567	0.0161001789	0.7434711767725413	.	.
col_ccp3_LN_PCsort_3_1_1_top284.clonotypes.IGHM	col_ccp3_tum_bulk_1_1_1_top284.clonotypes.IGHM	284	284	6	6	666	3126	33	75	1.0000000000000058	0.999999999999999	0.04954954954954955	0.02399232245681382	-0.4072155807045948	-0.411764705882353	7.439E-5	0.034479106287470196	0.029292427094846474	0.21140521672212903	0.16136313070720618	0.44021809971939546	0.1684751784938197	0.0106761566	0.40552111019218534	.	.
col_ccp3_LN_PCsort_3_1_1_top284.clonotypes.IGHM	col_ccp3_tum_bulk_1_2_1_top284.clonotypes.IGHM	284	284	41	41	666	19216	315	11238	1.0000000000000058	0.9999999999999996	0.472972972972973	0.5848251457119068	0.629868962869402	0.2910507204788313	5.083317E-4	0.5259339196483839	0.44046008175607065	0.26731124305231824	0.1439443482856583	0.3821153796842337	0.12005915592898465	0.0777988615	0.6826794020135984	.	.
col_ccp3_LN_PCsort_3_1_1_top284.clonotypes.IGHM	col_ccp3_tum_bulk_1_3_1_top284.clonotypes.IGHM	284	284	12	12	666	5117	41	827	1.0000000000000058	1.0000000000000018	0.06156156156156156	0.16161813562634358	-0.021256701029333146	0.19396621796450655	1.4878E-4	0.09974700399423511	0.07577991902543756	0.24550178671977396	0.16261449828047447	0.4355817218685958	0.106090604463679	0.0215827338	0.2477956110417456	.	.
col_ccp3_LN_PCsort_3_1_1_top284.clonotypes.IGHM	col_ccp3_tum_PCsort_1_1_1_top284.clonotypes.IGHM	284	284	4	4	666	2947	7	44	1.0000000000000058	1.0000000000000018	0.01051051051051051	0.014930437733288091	0.0	-0.055555555555556344	4.95933E-5	0.012527031680420034	0.011927042976315028	0.258215088932721	0.1594305776287718	0.48083576675224343	0.1348590452837246	0.0070921986	0.7799460907511451	.	.
col_ccp3_LN_PCsort_3_1_1_top284.clonotypes.IGHM	col_ccp3_tum_PCsort_1_2_1_top284.clonotypes.IGHM	284	284	32	32	666	26972	295	16351	1.0000000000000058	1.0000000000000013	0.44294294294294306	0.6062212664985911	0.24266598481748053	0.4317564177305503	3.967467E-4	0.518190536248477	0.3975943920355225	0.24396289929182985	0.15416865701244686	0.3915171306236792	0.17749487730029523	0.0597014925	0.35870202199833484	.	.
col_ccp3_LN_PCsort_3_1_1_top284.clonotypes.IGHM	col_ccp3_tum_PCsort_1_3_1_top284.clonotypes.IGHM	284	284	16	16	666	3771	173	579	1.0000000000000058	1.0000000000000007	0.2597597597597597	0.1535401750198886	0.33367576976228164	-0.026848332583875912	1.983733E-4	0.19970868528093041	0.1514066356781689	0.22986712097076706	0.12406934859483924	0.4088997441851397	0.07938475534995386	0.0289855072	0.2674823302187739	.	.
col_ccp3_PBMC_bulk_1_1_1_top284.clonotypes.IGHM	col_ccp3_PBMC_bulk_1_1_2_top284.clonotypes.IGHM	284	284	33	33	3863	3314	642	489	1.0000000000000024	1.0000000000000073	0.16619207869531452	0.14755582377791185	0.5438381736869587	0.2578047220305733	4.09145E-4	0.15659696381874935	0.14860279542904464	0.055564995925496165	0.03146787489069067	0.22672896104067883	0.03140435075213084	0.061682243	0.8224448316095833	.	.
col_ccp3_PBMC_bulk_1_1_1_top284.clonotypes.IGHM	col_ccp3_PBMC_PCsort_1_1_1_top284.clonotypes.IGHM	284	284	31	31	3863	7672	605	1482	1.0000000000000024	1.0000000000000002	0.1566140305462076	0.193169968717414	0.37711890028055955	0.5528471758833102	3.843483E-4	0.17393426166606463	0.1599370584477918	0.07808113453424254	0.04304926207977998	0.23205462503134186	0.023901517436558477	0.0577281192	0.5868676394949792	.	.
col_ccp3_PBMC_bulk_1_1_1_top284.clonotypes.IGHM	col_ccp3_PBMC_PCsort_1_1_2_top284.clonotypes.IGHM	284	284	32	32	3863	5103	641	1328	1.0000000000000024	1.0000000000000018	0.1659332125291224	0.2602390750538899	0.12514019294302794	0.16473626497216615	3.967467E-4	0.207803526797067	0.1868133682066526	0.10605345610179623	0.06557475101061543	0.2791353683655115	0.026889032839043068	0.0597014925	0.5466445452222504	.	.
col_ccp3_PBMC_bulk_1_1_1_top284.clonotypes.IGHM	col_ccp3_tum_bulk_1_1_1_top284.clonotypes.IGHM	284	284	8	8	3863	3126	161	71	1.0000000000000024	0.999999999999999	0.04167745275692467	0.02271273192578375	-0.033566295720122374	0.17757120130114418	9.91867E-5	0.030767008496399954	0.028975811622037696	0.09418327119146801	0.05802489803114754	0.24807861186267274	0.06289792371330645	0.0142857143	0.642390803207886	.	.
col_ccp3_PBMC_bulk_1_1_1_top284.clonotypes.IGHM	col_ccp3_tum_bulk_1_2_1_top284.clonotypes.IGHM	284	284	8	8	3863	19216	147	2636	1.0000000000000024	0.9999999999999996	0.03805332643023557	0.13717735220649463	-0.2491504459571878	0.16766767666785604	9.91867E-5	0.07224994506813923	0.034795064055456744	0.4486611364359035	0.27322393746212587	0.5860659472550362	0.2831967710609747	0.0142857143	0.04566050171541112	.	.
col_ccp3_PBMC_bulk_1_1_1_top284.clonotypes.IGHM	col_ccp3_tum_bulk_1_3_1_top284.clonotypes.IGHM	284	284	11	11	3863	5117	211	314	1.0000000000000024	1.0000000000000018	0.054620761066528606	0.0613640805159273	-0.18696956068863851	-0.23623853211009202	1.363817E-4	0.05789432424623064	0.04807687681707791	0.11675590708973621	0.06813970409848537	0.28395415346468544	0.06377266045924458	0.0197486535	0.531647732112611	.	.
col_ccp3_PBMC_bulk_1_1_1_top284.clonotypes.IGHM	col_ccp3_tum_PCsort_1_1_1_top284.clonotypes.IGHM	284	284	6	6	3863	2947	67	98	1.0000000000000024	1.0000000000000018	0.01734403313486927	0.033254156769596206	-0.22504401481358113	-0.028988551782623245	7.439E-5	0.024015853032611893	0.022163571497483353	0.12826218720514607	0.0663266184974961	0.33802429200464834	0.04643980739611937	0.0106761566	0.5830914925689472	.	.
col_ccp3_PBMC_bulk_1_1_1_top284.clonotypes.IGHM	col_ccp3_tum_PCsort_1_2_1_top284.clonotypes.IGHM	284	284	3	3	3863	26972	73	1724	1.0000000000000024	1.0000000000000013	0.018897230132021745	0.06391813732759899	-0.6229993995398295	-0.5	3.7195E-5	0.034754506911907235	0.019067235599715165	0.43502389689213045	0.3278725857327429	0.6542029259737503	0.29966925634211533	0.0053097345	0.0924272714503165	.	.
col_ccp3_PBMC_bulk_1_1_1_top284.clonotypes.IGHM	col_ccp3_tum_PCsort_1_3_1_top284.clonotypes.IGHM	284	284	13	13	3863	3771	222	389	1.0000000000000024	1.0000000000000007	0.05746828889464148	0.10315566162821532	0.08066607036287901	0.06639162913342626	1.611783E-4	0.07699467100759741	0.06774718124258024	0.17402699791445567	0.10976966898437604	0.37101309920037284	0.07170226183291133	0.0234234234	0.4717869484683832	.	.
col_ccp3_PBMC_bulk_1_1_2_top284.clonotypes.IGHM	col_ccp3_PBMC_PCsort_1_1_1_top284.clonotypes.IGHM	284	284	41	41	3314	7672	619	2036	1.0000000000000073	1.0000000000000002	0.18678334339167166	0.2653806047966632	0.449317120104579	0.41521438498371277	5.083317E-4	0.22264024037721628	0.2065650921993793	0.09893449431177895	0.052868524919683406	0.24111298522290806	0.0259244254465516	0.0777988615	0.6490136166113929	.	.
col_ccp3_PBMC_bulk_1_1_2_top284.clonotypes.IGHM	col_ccp3_PBMC_PCsort_1_1_2_top284.clonotypes.IGHM	284	284	39	39	3314	5103	617	1284	1.0000000000000073	1.0000000000000018	0.18617984308992153	0.25161669606114045	0.03634293352951422	0.17201424734928858	4.83535E-4	0.2164392685985323	0.18741190751594355	0.09907880415669136	0.05668044251087885	0.28673853537245436	0.05768913837054981	0.0737240076	0.47340194261895446	.	.
col_ccp3_PBMC_bulk_1_1_2_top284.clonotypes.IGHM	col_ccp3_tum_bulk_1_1_1_top284.clonotypes.IGHM	284	284	9	9	3314	3126	94	81	1.0000000000000073	0.999999999999999	0.028364514182257092	0.025911708253358923	0.34183254307079636	0.4267720554954116	1.11585E-4	0.02711038576337318	0.026537208237806652	0.10616158241794839	0.06354865845745161	0.29213113879121594	0.07243448174960476	0.0161001789	0.9170245791762005	.	.
col_ccp3_PBMC_bulk_1_1_2_top284.clonotypes.IGHM	col_ccp3_tum_bulk_1_2_1_top284.clonotypes.IGHM	284	284	7	7	3314	19216	89	190	1.0000000000000073	0.9999999999999996	0.026855763427881717	0.00988759367194005	0.3363275409631009	0.25226248955475644	8.67883E-5	0.01629536365119362	0.014942482632776755	0.4694986746305388	0.276446674106986	0.6347202667039005	0.24420615720781913	0.0124777184	0.6008171430753021	.	.
col_ccp3_PBMC_bulk_1_1_2_top284.clonotypes.IGHM	col_ccp3_tum_bulk_1_3_1_top284.clonotypes.IGHM	284	284	20	20	3314	5117	246	666	1.0000000000000073	1.0000000000000018	0.07423053711526857	0.1301543873363299	0.012916334673724248	0.15867584503724927	2.479667E-4	0.09829257387963995	0.07891974924771443	0.12213194700600259	0.06459114599858519	0.27833104310216406	0.07946499839256824	0.0364963504	0.24396548910111956	.	.
col_ccp3_PBMC_bulk_1_1_2_top284.clonotypes.IGHM	col_ccp3_tum_PCsort_1_1_1_top284.clonotypes.IGHM	284	284	7	7	3314	2947	65	64	1.0000000000000073	1.0000000000000018	0.0196137598068799	0.02171700033932813	-0.07375936442635458	-0.03669879217087813	8.67883E-5	0.020638605291577027	0.017808700490950718	0.12860101677760782	0.0669237329654018	0.3632357626232805	0.07861690105250074	0.0124777184	0.595929086348864	.	.
col_ccp3_PBMC_bulk_1_1_2_top284.clonotypes.IGHM	col_ccp3_tum_PCsort_1_2_1_top284.clonotypes.IGHM	284	284	1	1	3314	26972	8	26	1.0000000000000073	1.0000000000000013	0.0024140012070006035	9.639626279104257E-4	0.0	0.0	1.23983E-5	0.0015254530301779996	0.0015254530301779996	0.5137810892526117	0.3511277602794725	0.6962133914781646	0.27666611864168317	0.0017636684	0.6888074090912948	.	.
col_ccp3_PBMC_bulk_1_1_2_top284.clonotypes.IGHM	col_ccp3_tum_PCsort_1_3_1_top284.clonotypes.IGHM	284	284	11	11	3314	3771	156	223	1.0000000000000073	1.0000000000000007	0.04707302353651177	0.05913550782285866	-0.08454873374391489	-0.055173725906824934	1.363817E-4	0.05276065912769667	0.0455802115920725	0.16954380735290628	0.09873698396515072	0.3692317938630614	0.07204370090314717	0.0197486535	0.5664228443805226	.	.
col_ccp3_PBMC_PCsort_1_1_1_top284.clonotypes.IGHM	col_ccp3_PBMC_PCsort_1_1_2_top284.clonotypes.IGHM	284	284	43	43	7672	5103	1971	1359	1.0000000000000002	1.0000000000000018	0.2569082377476538	0.26631393298059963	0.28698549185182143	0.5416225277718386	5.331283E-4	0.2615688116150177	0.23657174202627548	0.08625937428412053	0.054864506733714284	0.26384452334652153	0.019363204312288947	0.0819047619	0.588245302661187	.	.
col_ccp3_PBMC_PCsort_1_1_1_top284.clonotypes.IGHM	col_ccp3_tum_bulk_1_1_1_top284.clonotypes.IGHM	284	284	12	12	7672	3126	459	158	1.0000000000000002	0.999999999999999	0.05982794577685089	0.05054382597568777	-0.13419274125744807	0.4232817786236877	1.4878E-4	0.05499030168882541	0.0486934065020475	0.11984656700488155	0.06834601172968359	0.33531654710259734	0.06857005521504744	0.0215827338	0.5548702227820191	.	.
col_ccp3_PBMC_PCsort_1_1_1_top284.clonotypes.IGHM	col_ccp3_tum_bulk_1_2_1_top284.clonotypes.IGHM	284	284	3	3	7672	19216	104	31	1.0000000000000002	0.9999999999999996	0.013555787278415016	0.001613238967527061	0.9494994193698165	1.0	3.7195E-5	0.004676400781909813	0.004586827653129311	0.46082421699405485	0.28502633208383643	0.6138947097353942	0.26636150301156347	0.0053097345	0.19345047062393933	.	.
col_ccp3_PBMC_PCsort_1_1_1_top284.clonotypes.IGHM	col_ccp3_tum_bulk_1_3_1_top284.clonotypes.IGHM	284	284	10	10	7672	5117	435	156	1.0000000000000002	1.0000000000000018	0.05669968717413972	0.03048661324995114	-0.30743979758201273	-0.5548780487804879	1.239833E-4	0.04157621236081051	0.03492136309198168	0.1076537680452635	0.06528769261983226	0.3152182112962648	0.07015721206575529	0.017921147	0.30496363444640046	.	.
col_ccp3_PBMC_PCsort_1_1_1_top284.clonotypes.IGHM	col_ccp3_tum_PCsort_1_1_1_top284.clonotypes.IGHM	284	284	9	9	7672	2947	294	87	1.0000000000000002	1.0000000000000018	0.03832116788321168	0.029521547336274174	-0.021506516419865722	-0.10000000000000012	1.11585E-4	0.03363480595522358	0.0310522942638058	0.11645877984252062	0.05934606483588963	0.35871005758748614	0.05106776372341858	0.0161001789	0.7567893397342748	.	.
col_ccp3_PBMC_PCsort_1_1_1_top284.clonotypes.IGHM	col_ccp3_tum_PCsort_1_2_1_top284.clonotypes.IGHM	284	284	3	3	7672	26972	95	100	1.0000000000000002	1.0000000000000013	0.012382690302398332	0.0037075485688862525	-0.0384615384615388	0.5	3.7195E-5	0.006775649467735075	0.005874382356190766	0.4650883712887018	0.3456249884375499	0.6727442626391961	0.2862146848396614	0.0053097345	0.43100753823551397	.	.
col_ccp3_PBMC_PCsort_1_1_1_top284.clonotypes.IGHM	col_ccp3_tum_PCsort_1_3_1_top284.clonotypes.IGHM	284	284	9	9	7672	3771	307	251	1.0000000000000002	1.0000000000000007	0.04001564129301355	0.06656059400689472	0.16597867592237903	0.4769916229907621	1.11585E-4	0.05160876722059738	0.04285926272577884	0.09995435580996723	0.07259968779438604	0.36044868904296834	0.05975559331453405	0.0161001789	0.43138245866116837	.	.
col_ccp3_PBMC_PCsort_1_1_2_top284.clonotypes.IGHM	col_ccp3_tum_bulk_1_1_1_top284.clonotypes.IGHM	284	284	10	10	5103	3126	291	106	1.0000000000000018	0.999999999999999	0.05702527924750147	0.03390914907229686	-0.16977529833866453	-0.15413683358382338	1.239833E-4	0.0439736136210442	0.03974471743813828	0.13143199944401027	0.0956426624230159	0.33762692542188655	0.07301841021919518	0.017921147	0.6130812084699999	.	.
col_ccp3_PBMC_PCsort_1_1_2_top284.clonotypes.IGHM	col_ccp3_tum_bulk_1_2_1_top284.clonotypes.IGHM	284	284	3	3	5103	19216	121	39	1.0000000000000018	0.9999999999999996	0.023711542230060747	0.0020295587010824316	0.9898888386643255	1.0	3.7195E-5	0.006937143998008353	0.0069291076192101834	0.5307700080879326	0.29075169677117624	0.715979951389223	0.278190721642166	0.0053097345	0.16587696971873847	.	.
col_ccp3_PBMC_PCsort_1_1_2_top284.clonotypes.IGHM	col_ccp3_tum_bulk_1_3_1_top284.clonotypes.IGHM	284	284	12	12	5103	5117	242	169	1.0000000000000018	1.0000000000000018	0.047423084460121494	0.033027164354113736	-0.06598460973064489	0.15547703180212002	1.4878E-4	0.039575876549274934	0.03575545080789759	0.16817914706036785	0.0954074492348958	0.3902896714828528	0.04148267187632772	0.0215827338	0.6035598633853636	.	.
col_ccp3_PBMC_PCsort_1_1_2_top284.clonotypes.IGHM	col_ccp3_tum_PCsort_1_1_1_top284.clonotypes.IGHM	284	284	8	8	5103	2947	202	80	1.0000000000000018	1.0000000000000018	0.039584558103076616	0.02714625042416016	0.6653367896857298	0.7349397590361446	9.91867E-5	0.03278067002359525	0.031398618530483945	0.12716950202944238	0.0708690848138695	0.34911532392081607	0.035777369140214794	0.0142857143	0.8283746487781063	.	.
col_ccp3_PBMC_PCsort_1_1_2_top284.clonotypes.IGHM	col_ccp3_tum_PCsort_1_2_1_top284.clonotypes.IGHM	284	284	1	1	5103	26972	60	26	1.0000000000000018	1.0000000000000013	0.011757789535567314	9.639626279104257E-4	0.0	0.0	1.23983E-5	0.0033666110109608995	0.0033666110109608995	0.46865579192802537	0.29706738176739717	0.6779228075567555	0.30246534876247216	0.0017636684	0.16287526975594685	.	.
col_ccp3_PBMC_PCsort_1_1_2_top284.clonotypes.IGHM	col_ccp3_tum_PCsort_1_3_1_top284.clonotypes.IGHM	284	284	7	7	5103	3771	343	233	1.0000000000000018	1.0000000000000007	0.06721536351165981	0.061787324317157256	0.2747638752747642	0.4181818181818183	8.67883E-5	0.06444421979037795	0.053447689800460545	0.11346343168592221	0.061169300567307246	0.40442459160473787	0.04902697771734871	0.0124777184	0.5179223253991442	.	.
col_ccp3_tum_bulk_1_1_1_top284.clonotypes.IGHM	col_ccp3_tum_bulk_1_2_1_top284.clonotypes.IGHM	284	284	5	5	3126	19216	83	2777	0.999999999999999	0.9999999999999996	0.02655150351887396	0.144514987510408	-0.3762994924386201	-0.8	6.19917E-5	0.06194425073735758	0.03442531128883444	0.4142775669710229	0.27060656340354117	0.6010842835794422	0.2920847401196937	0.0088809947	0.05996303406521768	.	.
col_ccp3_tum_bulk_1_1_1_top284.clonotypes.IGHM	col_ccp3_tum_bulk_1_3_1_top284.clonotypes.IGHM	284	284	14	14	3126	5117	141	767	0.999999999999999	1.0000000000000018	0.04510556621880998	0.14989251514559312	0.638981412553707	0.11100021955437035	1.735767E-4	0.08222521977838386	0.06986998081209539	0.0961747836653341	0.06345142359581728	0.28240882734771927	0.07249690551562497	0.0252707581	0.23859730542893892	.	.
col_ccp3_tum_bulk_1_1_1_top284.clonotypes.IGHM	col_ccp3_tum_PCsort_1_1_1_top284.clonotypes.IGHM	284	284	50	50	3126	2947	868	859	0.999999999999999	1.0000000000000018	0.27767114523352526	0.29148286392941986	0.2544854818618003	0.25586391036355965	6.199167E-4	0.2844931996432073	0.24903194904249504	0.11172195878915729	0.0678442601929822	0.27411227323152904	0.04697400812875846	0.0965250965	0.6220659633747274	.	.
col_ccp3_tum_bulk_1_1_1_top284.clonotypes.IGHM	col_ccp3_tum_PCsort_1_2_1_top284.clonotypes.IGHM	284	284	4	4	3126	26972	57	1863	0.999999999999999	1.0000000000000013	0.018234165067178502	0.06907162983835088	-0.23408495156979287	-0.0	4.95933E-5	0.03548892080539421	0.02179153182374141	0.3584641028827577	0.3072538360518974	0.6366159384157813	0.27917222722535195	0.0070921986	0.12006901666876965	.	.
col_ccp3_tum_bulk_1_1_1_top284.clonotypes.IGHM	col_ccp3_tum_PCsort_1_3_1_top284.clonotypes.IGHM	284	284	17	17	3126	3771	188	360	0.999999999999999	1.0000000000000007	0.060140754958413305	0.09546539379474941	0.4931901281095533	0.628333789492961	2.107717E-4	0.07577176819382304	0.07045544767431887	0.1418279873498198	0.10583709222377186	0.3651265146614154	0.07840966864946584	0.0308529946	0.5355524384801073	.	.
col_ccp3_tum_bulk_1_2_1_top284.clonotypes.IGHM	col_ccp3_tum_bulk_1_3_1_top284.clonotypes.IGHM	284	284	14	14	19216	5117	3251	909	0.9999999999999996	1.0000000000000018	0.1691819317235637	0.17764315028336916	-0.17186970825878375	-0.12981305985076477	1.735767E-4	0.1733609279001463	0.07856146292344478	0.4149650778634226	0.24973547183838446	0.5561697927443683	0.21769788261097875	0.0252707581	0.07611557657165477	.	.
col_ccp3_tum_bulk_1_2_1_top284.clonotypes.IGHM	col_ccp3_tum_PCsort_1_1_1_top284.clonotypes.IGHM	284	284	2	2	19216	2947	20	22	0.9999999999999996	1.0000000000000018	0.0010407993338884263	0.007465218866644045	0.0	0.0	2.47967E-5	0.002787435169422678	0.0027580341156591315	0.4466311559477012	0.2684416147277946	0.6212705105314699	0.2915550566716628	0.0035335689	0.24480440336808024	.	.
col_ccp3_tum_bulk_1_2_1_top284.clonotypes.IGHM	col_ccp3_tum_PCsort_1_2_1_top284.clonotypes.IGHM	284	284	74	74	19216	26972	16370	23430	0.9999999999999996	1.0000000000000013	0.8518942547876768	0.8686786296900488	0.7395485800186489	0.7401229604331666	9.174767E-4	0.8602455079160741	0.7839111336939276	0.2586770954067078	0.14809941842856228	0.3246201321400741	0.03576797904971772	0.1497975709	0.7728841293097249	.	.
col_ccp3_tum_bulk_1_2_1_top284.clonotypes.IGHM	col_ccp3_tum_PCsort_1_3_1_top284.clonotypes.IGHM	284	284	19	19	19216	3771	5563	638	0.9999999999999996	1.0000000000000007	0.2894983347210658	0.1691858923362503	0.09648865498194699	0.43095882982919353	2.355683E-4	0.22131207398070715	0.1328780900290956	0.47182099370870767	0.24888368072684872	0.5849192523143809	0.16449887382192607	0.0346083789	0.18863521679667702	.	.
col_ccp3_tum_bulk_1_3_1_top284.clonotypes.IGHM	col_ccp3_tum_PCsort_1_1_1_top284.clonotypes.IGHM	284	284	15	15	5117	2947	466	220	1.0000000000000018	1.0000000000000018	0.09106898573382843	0.07465218866644045	-0.012990354111499007	-0.03363641923379774	1.85975E-4	0.08245301149541559	0.0569143802097489	0.14967133446943737	0.0851031925836216	0.39712973709554245	0.05603996085163424	0.027124774	0.26027476167190133	.	.
col_ccp3_tum_bulk_1_3_1_top284.clonotypes.IGHM	col_ccp3_tum_PCsort_1_2_1_top284.clonotypes.IGHM	284	284	8	8	5117	26972	198	3521	1.0000000000000018	1.0000000000000013	0.038694547586476453	0.13054278511048495	-0.08676640046648146	0.19047619047619058	9.91867E-5	0.07107245606090189	0.053127034006704016	0.38180939925517815	0.2795819103099981	0.5572405538533842	0.2287937126047437	0.0142857143	0.21503720299850068	.	.
col_ccp3_tum_bulk_1_3_1_top284.clonotypes.IGHM	col_ccp3_tum_PCsort_1_3_1_top284.clonotypes.IGHM	284	284	58	58	5117	3771	2112	1805	1.0000000000000018	1.0000000000000007	0.41274184092241534	0.4786528772208964	0.5109572265582485	0.4145544792636991	7.191034E-4	0.4444772994281751	0.3833682705780137	0.11292396531822266	0.07008546244674063	0.2542061263384243	0.027177575740616845	0.1137254902	0.5450520563085627	.	.
col_ccp3_tum_PCsort_1_1_1_top284.clonotypes.IGHM	col_ccp3_tum_PCsort_1_2_1_top284.clonotypes.IGHM	284	284	4	4	2947	26972	13	87	1.0000000000000018	1.0000000000000013	0.004411265693926027	0.0032255672549310398	-0.36836456420406133	0.1054092553389458	4.95933E-5	0.0037721126938531995	0.003463488771564439	0.3901189213106203	0.2962543942453452	0.6380080955746568	0.2855295509616195	0.0070921986	0.667441064613892	.	.
col_ccp3_tum_PCsort_1_1_1_top284.clonotypes.IGHM	col_ccp3_tum_PCsort_1_3_1_top284.clonotypes.IGHM	284	284	10	10	2947	3771	114	266	1.0000000000000018	1.0000000000000007	0.03868340685442823	0.07053831874834263	0.41809474237165917	0.33335873886923645	1.239833E-4	0.05223660098981825	0.04676119929797037	0.12133738509316068	0.07789460890229094	0.4328634399015242	0.0635267826916416	0.017921147	0.5095845511322721	.	.
col_ccp3_tum_PCsort_1_2_1_top284.clonotypes.IGHM	col_ccp3_tum_PCsort_1_3_1_top284.clonotypes.IGHM	284	284	11	11	26972	3771	4870	281	1.0000000000000013	1.0000000000000007	0.18055761530476047	0.0745160434897905	0.5425792174334264	0.6909090909090909	1.363817E-4	0.11599327184997582	0.09828309179735813	0.36583708371990864	0.22315717072189872	0.5082667102301595	0.17389671441101717	0.0197486535	0.4228536690776686	.	.
