1_sample_id	2_sample_id	div1	div2	div12	div21	count1	count2	count12	count21	freq1	freq2	freq12	freq21	R	Rs	D	F	F2	vJSD	vjJSD	vj2JSD	sJSD	Jaccard	MorisitaHorn	1_metadata_blank	2_metadata_blank
col_ccp3_LN_bulk_1_1_1_top647.clonotypes.IGH	col_ccp3_LN_bulk_2_1_1_top647.clonotypes.IGH	647	647	75	75	1616	1822	388	409	0.999999999999991	0.9999999999999929	0.2400990099009902	0.22447859495060365	0.779958161417416	0.24536441556310112	1.791648E-4	0.232157464647608	0.216343879973168	0.04783423016707342	0.02785145915551506	0.15683794420283148	0.017425709836652384	0.0615258409	0.8143278222299667	.	.
col_ccp3_LN_bulk_1_1_1_top647.clonotypes.IGH	col_ccp3_LN_bulk_3_1_1_top647.clonotypes.IGH	647	647	56	56	1616	7960	316	1803	0.999999999999991	1.000000000000001	0.1955445544554456	0.2265075376884422	0.1041209413297349	0.2261399328764948	1.337764E-4	0.21045739601659638	0.165660929901992	0.07914708623617048	0.04353297892522707	0.1823123659392036	0.03780366701477212	0.0452342488	0.3297436419374868	.	.
col_ccp3_LN_bulk_1_1_1_top647.clonotypes.IGH	col_ccp3_LN_PCsort_1_1_1_top647.clonotypes.IGH	647	647	96	96	1616	1454	490	486	0.999999999999991	0.9999999999999857	0.3032178217821784	0.3342503438789544	0.9191093342409798	0.34458870849508905	2.29331E-4	0.3183561860572535	0.30030479122368603	0.057494123392440505	0.031024626608080755	0.1605812895147014	0.009658551683064835	0.0801335559	0.8791428406841222	.	.
col_ccp3_LN_bulk_1_1_1_top647.clonotypes.IGH	col_ccp3_LN_PCsort_2_1_1_top647.clonotypes.IGH	647	647	66	66	1616	2400	362	548	0.999999999999991	1.0000000000000013	0.2240099009900991	0.22833333333333336	0.45962225032447007	0.3174192760089606	1.57665E-4	0.22616128623780707	0.19854700036802736	0.08725548122880834	0.05374365396318154	0.2188204270695159	0.023718404342785684	0.0537459283	0.5701148094694599	.	.
col_ccp3_LN_bulk_1_1_1_top647.clonotypes.IGH	col_ccp3_LN_PCsort_3_1_1_top647.clonotypes.IGH	647	647	27	27	1616	1150	121	213	0.999999999999991	1.0000000000000182	0.07487623762376241	0.18521739130434792	0.5285001702413502	0.4527515167843767	6.44993E-5	0.11776409216462266	0.09853145744495802	0.0822524690412459	0.050061896811194	0.20423640201202958	0.040758434709931374	0.0213101815	0.21883484956265598	.	.
col_ccp3_LN_bulk_1_1_1_top647.clonotypes.IGH	col_ccp3_PBMC_bulk_1_1_1_top647.clonotypes.IGH	647	647	47	47	1616	10169	256	1071	0.999999999999991	1.0000000000000047	0.15841584158415847	0.10532009047103941	0.8443577408212006	0.017347726094234083	1.122766E-4	0.12916799436272677	0.11702644719372512	0.09695102535735728	0.05365099847837337	0.1937759346970013	0.019603660967091888	0.0376904571	0.6700569372000154	.	.
col_ccp3_LN_bulk_1_1_1_top647.clonotypes.IGH	col_ccp3_PBMC_bulk_1_1_2_top647.clonotypes.IGH	647	647	44	44	1616	8091	263	805	0.999999999999991	1.0000000000000104	0.1627475247524753	0.09949326412062787	0.8777927561892245	-0.1726138244469841	1.0511E-4	0.12724889966194775	0.11533065063233039	0.10181825203671716	0.05712001175797613	0.19041202445029837	0.017530712525828704	0.0352	0.6412235159547058	.	.
col_ccp3_LN_bulk_1_1_1_top647.clonotypes.IGH	col_ccp3_PBMC_PCsort_1_1_1_top647.clonotypes.IGH	647	647	29	29	1616	19089	199	2428	0.999999999999991	0.9999999999999967	0.12314356435643568	0.12719367174812718	0.8440123028143863	0.012172286772604131	6.92771E-5	0.12515223570774456	0.10779147679010115	0.10359752481774842	0.05625021688964963	0.2269414865733772	0.02133136827926397	0.0229249012	0.8722097487957157	.	.
col_ccp3_LN_bulk_1_1_1_top647.clonotypes.IGH	col_ccp3_PBMC_PCsort_1_1_2_top647.clonotypes.IGH	647	647	31	31	1616	10132	206	1123	0.999999999999991	1.0000000000000007	0.1274752475247525	0.11083695223055665	0.8745628363424467	0.329064173169478	7.40548E-5	0.11886533523479155	0.10769683975812851	0.08954172755689334	0.047340623456709356	0.21989264535235345	0.02952715904182849	0.0245447348	0.8261248014095642	.	.
col_ccp3_LN_bulk_1_1_1_top647.clonotypes.IGH	col_ccp3_tum_bulk_1_1_1_top647.clonotypes.IGH	647	647	15	15	1616	21768	41	638	0.999999999999991	0.9999999999999959	0.025371287128712873	0.029309077545020212	0.4524310140259385	0.41784463467987853	3.5833E-5	0.027269195475342112	0.025319897338211342	0.08135236108278393	0.04643908913251725	0.22410483001329062	0.050499342673718375	0.0117279124	0.7482689213276469	.	.
col_ccp3_LN_bulk_1_1_1_top647.clonotypes.IGH	col_ccp3_tum_bulk_1_2_1_top647.clonotypes.IGH	647	647	43	43	1616	37671	177	9696	0.999999999999991	0.9999999999999952	0.10952970297029709	0.25738631838815	0.4466456280981568	0.35019977039793754	1.027212E-4	0.1679030881242879	0.1276396905671853	0.21074379206746746	0.11877564656900715	0.36577852019666024	0.13015851407315776	0.034372502	0.2404343295375767	.	.
col_ccp3_LN_bulk_1_1_1_top647.clonotypes.IGH	col_ccp3_tum_bulk_1_3_1_top647.clonotypes.IGH	647	647	38	38	1616	25523	139	5262	0.999999999999991	0.9999999999999994	0.08601485148514856	0.20616698663950161	-0.009131565739596257	-0.11956108026013465	9.07768E-5	0.1331668980525466	0.0898789267011716	0.18740980276850117	0.10682632037638945	0.29088172465164847	0.06865004504972796	0.0302547771	0.08560552643250705	.	.
col_ccp3_LN_bulk_1_1_1_top647.clonotypes.IGH	col_ccp3_tum_PCsort_1_1_1_top647.clonotypes.IGH	647	647	7	7	1616	6759	18	85	0.999999999999991	1.000000000000006	0.011138613861386138	0.012575824826157714	0.82221078976887	0.5443310539518174	1.6722E-5	0.011835423808508263	0.011589514508251427	0.1104094219353571	0.059751744148534645	0.22935851343527522	0.030739606018510814	0.0054390054	0.9350005434097441	.	.
col_ccp3_LN_bulk_1_1_1_top647.clonotypes.IGH	col_ccp3_tum_PCsort_1_2_1_top647.clonotypes.IGH	647	647	35	35	1616	35209	145	9696	0.999999999999991	1.000000000000002	0.08972772277227727	0.27538413473827716	0.5760558075973955	0.5374578091643821	8.36102E-5	0.1571928474762118	0.1279986380523395	0.25705227713513606	0.19003533897005842	0.4400675486538116	0.19017743327728273	0.0277998411	0.3045158438192641	.	.
col_ccp3_LN_bulk_1_1_1_top647.clonotypes.IGH	col_ccp3_tum_PCsort_1_3_1_top647.clonotypes.IGH	647	647	37	37	1616	11430	137	1520	0.999999999999991	1.0000000000000098	0.08477722772277231	0.1329833770778653	0.013280207200312418	-0.07627081611394948	8.8388E-5	0.10617891524155579	0.07990685599060099	0.1997745286276454	0.10537709116889608	0.3066104046194083	0.05128741730502119	0.0294351631	0.19959642262624988	.	.
col_ccp3_LN_bulk_2_1_1_top647.clonotypes.IGH	col_ccp3_LN_bulk_3_1_1_top647.clonotypes.IGH	647	647	61	61	1822	7960	349	1882	0.9999999999999929	1.000000000000001	0.19154774972557623	0.2364321608040201	0.4385248882004428	0.28220931388379883	1.457207E-4	0.2128098878453857	0.18695781068763678	0.04688345797938071	0.028976380293454684	0.1644062721739153	0.0254925546636959	0.0494728305	0.5971346961283897	.	.
col_ccp3_LN_bulk_2_1_1_top647.clonotypes.IGH	col_ccp3_LN_PCsort_1_1_1_top647.clonotypes.IGH	647	647	53	53	1822	1454	335	335	0.9999999999999929	0.9999999999999857	0.18386388583973648	0.2303988995873452	0.8120003783763854	0.22855265264657026	1.266098E-4	0.20582039979391872	0.1879306020486374	0.0972713747108873	0.05240052654239064	0.212980353303451	0.021437504501794782	0.042707494	0.6847482252426975	.	.
col_ccp3_LN_bulk_2_1_1_top647.clonotypes.IGH	col_ccp3_LN_PCsort_2_1_1_top647.clonotypes.IGH	647	647	104	104	1822	2400	499	774	0.9999999999999929	1.0000000000000013	0.2738748627881449	0.3225	0.7266650948837735	0.2784509991213434	2.484419E-4	0.29719462183757084	0.2773758015012771	0.0904508644441586	0.0533900614139525	0.2074460842414489	0.01867373916117604	0.087394958	0.7432530136881694	.	.
col_ccp3_LN_bulk_2_1_1_top647.clonotypes.IGH	col_ccp3_LN_PCsort_3_1_1_top647.clonotypes.IGH	647	647	32	32	1822	1150	174	257	0.9999999999999929	1.0000000000000182	0.09549945115257953	0.22347826086956535	0.7376300735717414	0.6706949716495408	7.64437E-5	0.14608918939324866	0.1299105164265083	0.05786369003801757	0.038299990777959494	0.18662775402756554	0.025004279826479296	0.0253565769	0.3763071989782782	.	.
col_ccp3_LN_bulk_2_1_1_top647.clonotypes.IGH	col_ccp3_PBMC_bulk_1_1_1_top647.clonotypes.IGH	647	647	31	31	1822	10169	155	785	0.9999999999999929	1.0000000000000047	0.08507135016465422	0.07719539777755925	0.8908960053281983	0.18233793516491165	7.40548E-5	0.08103774870660285	0.0754292149209291	0.12199512475960285	0.07295380639320632	0.2404483734636746	0.01759189721984691	0.0245447348	0.8839749728798206	.	.
col_ccp3_LN_bulk_2_1_1_top647.clonotypes.IGH	col_ccp3_PBMC_bulk_1_1_2_top647.clonotypes.IGH	647	647	33	33	1822	8091	163	707	0.9999999999999929	1.0000000000000104	0.08946212952799121	0.08738104066246448	0.8673507750728064	-0.12404208986192554	7.88325E-5	0.08841546232439246	0.08174764555486086	0.138380283004328	0.08278102515189827	0.2529725238475313	0.01585648666383435	0.0261697066	0.8630163663587976	.	.
col_ccp3_LN_bulk_2_1_1_top647.clonotypes.IGH	col_ccp3_PBMC_PCsort_1_1_1_top647.clonotypes.IGH	647	647	20	20	1822	19089	128	2108	0.9999999999999929	0.9999999999999967	0.07025246981339188	0.11043009062811045	0.8496315584495526	-0.024147755259149216	4.77773E-5	0.08807943351510306	0.07789897988378723	0.13277619793456993	0.07465324895681795	0.28286873104239624	0.0243381462607761	0.0156985871	0.782858462972326	.	.
col_ccp3_LN_bulk_2_1_1_top647.clonotypes.IGH	col_ccp3_PBMC_PCsort_1_1_2_top647.clonotypes.IGH	647	647	22	22	1822	10132	125	852	0.9999999999999929	1.0000000000000007	0.06860592755214051	0.08409001184366365	0.9220242490288016	0.19276432993420703	5.2555E-5	0.07595441567417278	0.07088996293954561	0.13929665294839677	0.07277866421869697	0.27108615096866334	0.02201882269414443	0.0172955975	0.934967142281879	.	.
col_ccp3_LN_bulk_2_1_1_top647.clonotypes.IGH	col_ccp3_tum_bulk_1_1_1_top647.clonotypes.IGH	647	647	20	20	1822	21768	49	996	0.9999999999999929	0.9999999999999959	0.026893523600439083	0.04575523704520398	0.014381909674381944	0.14607139571520106	4.77773E-5	0.0350787620551079	0.03121222835467687	0.12791170811473368	0.07943494449863975	0.2947593945893177	0.043006328992207986	0.0156985871	0.4198920411816159	.	.
col_ccp3_LN_bulk_2_1_1_top647.clonotypes.IGH	col_ccp3_tum_bulk_1_2_1_top647.clonotypes.IGH	647	647	50	50	1822	37671	251	18810	0.9999999999999929	0.9999999999999952	0.13776070252469808	0.49932308672453596	0.3431976574275478	0.20883872834741643	1.194432E-4	0.2622729479263403	0.1980497379847083	0.1878226889705062	0.11260257726323791	0.34473867767249383	0.11675337165213995	0.040192926	0.19446071066201023	.	.
col_ccp3_LN_bulk_2_1_1_top647.clonotypes.IGH	col_ccp3_tum_bulk_1_3_1_top647.clonotypes.IGH	647	647	34	34	1822	25523	118	4238	0.9999999999999929	0.9999999999999994	0.06476399560922062	0.16604631117031693	-0.11496143469351966	-0.023714614161618387	8.12214E-5	0.10370063918588779	0.06518019185864253	0.18452038451854857	0.11485173693752605	0.30115064599743	0.07018559098937106	0.026984127	0.04510313908231675	.	.
col_ccp3_LN_bulk_2_1_1_top647.clonotypes.IGH	col_ccp3_tum_PCsort_1_1_1_top647.clonotypes.IGH	647	647	12	12	1822	6759	33	133	0.9999999999999929	1.000000000000006	0.018111964873765093	0.019677467080929132	-0.08276390534447424	0.2081073396507864	2.86664E-5	0.018878495506116408	0.017737174998525503	0.14864366568141202	0.08295199564408905	0.2844692393980934	0.02455710443673374	0.0093603744	0.7529881827722987	.	.
col_ccp3_LN_bulk_2_1_1_top647.clonotypes.IGH	col_ccp3_tum_PCsort_1_2_1_top647.clonotypes.IGH	647	647	41	41	1822	35209	217	19997	0.9999999999999929	1.000000000000002	0.11909989023051587	0.5679513760686189	0.2017724267211799	0.3073809449317641	9.79434E-5	0.2600825763984257	0.18958197084530504	0.23327555287120974	0.18318411240907326	0.4267626989172256	0.18222921782943358	0.0327214685	0.11425446450066858	.	.
col_ccp3_LN_bulk_2_1_1_top647.clonotypes.IGH	col_ccp3_tum_PCsort_1_3_1_top647.clonotypes.IGH	647	647	30	30	1822	11430	123	1285	0.9999999999999929	1.0000000000000098	0.06750823271130622	0.11242344706911633	0.0023341092757065743	0.17575874813205178	7.16659E-5	0.08711778364346238	0.06351448531029341	0.20488136544054714	0.11607177418930285	0.34146390748937855	0.053715172984666895	0.0237341772	0.16862160667342252	.	.
col_ccp3_LN_bulk_3_1_1_top647.clonotypes.IGH	col_ccp3_LN_PCsort_1_1_1_top647.clonotypes.IGH	647	647	43	43	7960	1454	1396	261	1.000000000000001	0.9999999999999857	0.17537688442211058	0.1795048143053645	0.14925504959719008	0.2741330324095428	1.027212E-4	0.1774288450947149	0.129855719929626	0.13875244741336512	0.07653408966274416	0.2556050556699628	0.04968977723342445	0.034372502	0.26691241962245826	.	.
col_ccp3_LN_bulk_3_1_1_top647.clonotypes.IGH	col_ccp3_LN_PCsort_2_1_1_top647.clonotypes.IGH	647	647	71	71	7960	2400	2207	607	1.000000000000001	1.0000000000000013	0.2772613065326634	0.2529166666666666	0.5108698609507795	0.17341928050364364	1.696093E-4	0.2648093756721731	0.2220204194363398	0.11817521147764334	0.06924794332584933	0.25734081892978655	0.01797667652886772	0.0580539657	0.6305894899635448	.	.
col_ccp3_LN_bulk_3_1_1_top647.clonotypes.IGH	col_ccp3_LN_PCsort_3_1_1_top647.clonotypes.IGH	647	647	125	125	7960	1150	3404	524	1.000000000000001	1.0000000000000182	0.42763819095477396	0.45565217391304325	0.7554496380211281	0.4782270392751778	2.98608E-4	0.4414230072807532	0.40768140099816697	0.05033271560651806	0.029590105724815054	0.16004631796851918	0.024034094693788144	0.1069289991	0.6964891243228772	.	.
col_ccp3_LN_bulk_3_1_1_top647.clonotypes.IGH	col_ccp3_PBMC_bulk_1_1_1_top647.clonotypes.IGH	647	647	24	24	7960	10169	736	716	1.000000000000001	1.0000000000000047	0.09246231155778896	0.0704100698200413	0.11041870539472871	0.38600224708462116	5.73327E-5	0.08068629259363905	0.06399880921312237	0.16101148115215116	0.09377306138103488	0.27463605164461896	0.025822978273660962	0.0188976378	0.37209924770403774	.	.
col_ccp3_LN_bulk_3_1_1_top647.clonotypes.IGH	col_ccp3_PBMC_bulk_1_1_2_top647.clonotypes.IGH	647	647	23	23	7960	8091	633	497	1.000000000000001	1.0000000000000104	0.07952261306532664	0.061426276109257195	0.15153218493029547	0.0044809671839234864	5.49439E-5	0.06989118676256956	0.0564089801748165	0.18006891837696815	0.1055820602025606	0.30995789862157713	0.030575077636512914	0.0180959874	0.40253273228704	.	.
col_ccp3_LN_bulk_3_1_1_top647.clonotypes.IGH	col_ccp3_PBMC_PCsort_1_1_1_top647.clonotypes.IGH	647	647	14	14	7960	19089	442	1462	1.000000000000001	0.9999999999999967	0.05552763819095478	0.0765886112420766	0.24023184269282846	0.22702229384657402	3.34441E-5	0.06521337818728394	0.04904073007917119	0.18724645275785967	0.10736837428686957	0.33373283557712047	0.04423549487943347	0.0109375	0.36021601628806166	.	.
col_ccp3_LN_bulk_3_1_1_top647.clonotypes.IGH	col_ccp3_PBMC_PCsort_1_1_2_top647.clonotypes.IGH	647	647	19	19	7960	10132	483	952	1.000000000000001	1.0000000000000007	0.060678391959799	0.09395973154362415	0.6974873245809023	0.06191951070010997	4.53884E-5	0.07550712164452779	0.06340734571883279	0.17958728845645083	0.09605998465388173	0.3180654667722597	0.04333624142676064	0.0149019608	0.6725746562193423	.	.
col_ccp3_LN_bulk_3_1_1_top647.clonotypes.IGH	col_ccp3_tum_bulk_1_1_1_top647.clonotypes.IGH	647	647	12	12	7960	21768	180	411	1.000000000000001	0.9999999999999959	0.022613065326633163	0.01888092613009923	-0.3186044002047447	0.11340029979727623	2.86664E-5	0.020662904345886832	0.016273541448934066	0.16314712654894328	0.0970958002559706	0.35022141274669055	0.06328428893733992	0.0093603744	0.3876780464132269	.	.
col_ccp3_LN_bulk_3_1_1_top647.clonotypes.IGH	col_ccp3_tum_bulk_1_2_1_top647.clonotypes.IGH	647	647	86	86	7960	37671	2567	24237	1.000000000000001	0.9999999999999952	0.3224874371859296	0.6433861591144379	0.31555131093578037	0.2204629413373119	2.054423E-4	0.45550406537561633	0.3379434221928879	0.19159100866559303	0.10568584493807238	0.2928297143153793	0.06671248332543994	0.071192053	0.32716507970224495	.	.
col_ccp3_LN_bulk_3_1_1_top647.clonotypes.IGH	col_ccp3_tum_bulk_1_3_1_top647.clonotypes.IGH	647	647	50	50	7960	25523	952	4176	1.000000000000001	0.9999999999999994	0.11959798994974874	0.16361712964776867	0.12578558297026274	0.25365129778332485	1.194432E-4	0.13988666779654368	0.11006231358925654	0.21734775881711957	0.13051850398655118	0.3428585969965944	0.08550860510883722	0.040192926	0.44061248630358163	.	.
col_ccp3_LN_bulk_3_1_1_top647.clonotypes.IGH	col_ccp3_tum_PCsort_1_1_1_top647.clonotypes.IGH	647	647	9	9	7960	6759	105	104	1.000000000000001	1.000000000000006	0.013190954773869345	0.015386891552004737	0.5082474250191635	0.1367721209896762	2.14998E-5	0.014246676474635296	0.013023885789540623	0.1889509276059526	0.10858919112936052	0.3427468819641817	0.05383282538372949	0.0070038911	0.7440942254414709	.	.
col_ccp3_LN_bulk_3_1_1_top647.clonotypes.IGH	col_ccp3_tum_PCsort_1_2_1_top647.clonotypes.IGH	647	647	75	75	7960	35209	2559	25181	1.000000000000001	1.000000000000002	0.32148241206030137	0.7151864580078958	0.15179300305228818	0.3002918566278801	1.791648E-4	0.47949960124409047	0.326746241530294	0.1924364238740252	0.1433034157688096	0.29580468811959193	0.11257008906796506	0.0615258409	0.18906893013093115	.	.
col_ccp3_LN_bulk_3_1_1_top647.clonotypes.IGH	col_ccp3_tum_PCsort_1_3_1_top647.clonotypes.IGH	647	647	44	44	7960	11430	1376	1396	1.000000000000001	1.0000000000000098	0.17286432160804013	0.12213473315835523	0.1737772457765904	0.2781310959473743	1.0511E-4	0.1453022291370579	0.11622301696142055	0.23120563740897235	0.12690377902195785	0.35312882478720115	0.07171207171092557	0.0352	0.40527837635688846	.	.
col_ccp3_LN_PCsort_1_1_1_top647.clonotypes.IGH	col_ccp3_LN_PCsort_2_1_1_top647.clonotypes.IGH	647	647	70	70	1454	2400	378	600	0.9999999999999857	1.0000000000000013	0.2599724896836313	0.2500000000000001	0.5795158308449672	0.36630098046399673	1.672205E-4	0.254937487280525	0.22943196515438888	0.056586665227917006	0.032510452269180694	0.1548821282112561	0.021122800385297624	0.0571895425	0.6283742059028691	.	.
col_ccp3_LN_PCsort_1_1_1_top647.clonotypes.IGH	col_ccp3_LN_PCsort_3_1_1_top647.clonotypes.IGH	647	647	26	26	1454	1150	108	235	0.9999999999999857	1.0000000000000182	0.07427785419532325	0.2043478260869566	0.8725094789943236	0.24124114563812304	6.21105E-5	0.12320112836828336	0.1050496305573568	0.09679908259405608	0.05603321800962587	0.2193609959265939	0.04097111218161324	0.0205047319	0.4080636414307834	.	.
col_ccp3_LN_PCsort_1_1_1_top647.clonotypes.IGH	col_ccp3_PBMC_bulk_1_1_1_top647.clonotypes.IGH	647	647	42	42	1454	10169	216	1182	0.9999999999999857	1.0000000000000047	0.14855570839064652	0.11623561805487263	0.8670890781503581	0.2040292106126076	1.003323E-4	0.1314057250669324	0.11594795275921765	0.08133823893284357	0.048022449166559567	0.19592432340129276	0.022117564084645325	0.0335463259	0.5243826266587108	.	.
col_ccp3_LN_PCsort_1_1_1_top647.clonotypes.IGH	col_ccp3_PBMC_bulk_1_1_2_top647.clonotypes.IGH	647	647	46	46	1454	8091	260	809	0.9999999999999857	1.0000000000000104	0.17881705639614856	0.099987640588308	0.8955772659327336	0.26209833328365667	1.098877E-4	0.13371423097784807	0.12015857091216509	0.07120910329940473	0.0426450977877098	0.18231044065976473	0.013496551562269036	0.0368589744	0.49595987342695774	.	.
col_ccp3_LN_PCsort_1_1_1_top647.clonotypes.IGH	col_ccp3_PBMC_PCsort_1_1_1_top647.clonotypes.IGH	647	647	38	38	1454	19089	225	3390	0.9999999999999857	0.9999999999999967	0.1547455295735901	0.1775891874901776	0.8154739891146509	0.15341512784231323	9.07768E-5	0.16577434320398052	0.14070798915183808	0.050588284809283096	0.029536185531349925	0.1873003139474661	0.013442519512904762	0.0302547771	0.7905379326808405	.	.
col_ccp3_LN_PCsort_1_1_1_top647.clonotypes.IGH	col_ccp3_PBMC_PCsort_1_1_2_top647.clonotypes.IGH	647	647	36	36	1454	10132	227	1347	0.9999999999999857	1.0000000000000007	0.15612104539202204	0.13294512435846823	0.9065877081733944	0.32187677389395125	8.59991E-5	0.14406780276875342	0.12896482325679867	0.060674522898033684	0.03154750586395674	0.20541380757909164	0.020105833272759485	0.0286168521	0.6927754655610526	.	.
col_ccp3_LN_PCsort_1_1_1_top647.clonotypes.IGH	col_ccp3_tum_bulk_1_1_1_top647.clonotypes.IGH	647	647	7	7	1454	21768	14	1432	0.9999999999999857	0.9999999999999959	0.009628610729023383	0.06578463800073503	0.003013463830167702	0.1336306209562122	1.6722E-5	0.025167730753065453	0.019101918301533256	0.09269328956896106	0.0518013921551035	0.25824440966774515	0.06052222869878908	0.0054390054	0.072735757945116	.	.
col_ccp3_LN_PCsort_1_1_1_top647.clonotypes.IGH	col_ccp3_tum_bulk_1_2_1_top647.clonotypes.IGH	647	647	36	36	1454	37671	137	8934	0.9999999999999857	0.9999999999999952	0.09422283356258597	0.23715855698017038	0.6769998665184584	0.08431227351090116	8.59991E-5	0.14948495323036914	0.1187135129617631	0.23352222129045272	0.12954857416730606	0.3877081450491777	0.13814299973633157	0.0286168521	0.3970677468020705	.	.
col_ccp3_LN_PCsort_1_1_1_top647.clonotypes.IGH	col_ccp3_tum_bulk_1_3_1_top647.clonotypes.IGH	647	647	29	29	1454	25523	84	4792	0.9999999999999857	0.9999999999999994	0.05777166437414032	0.18775222348470005	0.047065484138492035	-0.09402202170212519	6.92771E-5	0.10414777213486939	0.0688810558292201	0.13889952279438458	0.08306694183535587	0.29338441945837535	0.06837875174970305	0.0229249012	0.0778209619950803	.	.
col_ccp3_LN_PCsort_1_1_1_top647.clonotypes.IGH	col_ccp3_tum_PCsort_1_1_1_top647.clonotypes.IGH	647	647	8	8	1454	6759	14	213	0.9999999999999857	1.000000000000006	0.009628610729023384	0.03151353750554815	0.14192597791731454	0.07871603029325826	1.91109E-5	0.017419287739038062	0.015045395938582994	0.06903469800564528	0.03653942903875208	0.2196560236118407	0.03158204186388167	0.0062208398	0.23112367493683056	.	.
col_ccp3_LN_PCsort_1_1_1_top647.clonotypes.IGH	col_ccp3_tum_PCsort_1_2_1_top647.clonotypes.IGH	647	647	30	30	1454	35209	123	12463	0.9999999999999857	1.000000000000002	0.08459422283356259	0.3539719957965292	0.21852347877429604	0.35891008268277913	7.16659E-5	0.17304330639829	0.1179290976696493	0.2977216299622855	0.20578813437360366	0.46367050832896856	0.2027065072150386	0.0237341772	0.10262459396853064	.	.
col_ccp3_LN_PCsort_1_1_1_top647.clonotypes.IGH	col_ccp3_tum_PCsort_1_3_1_top647.clonotypes.IGH	647	647	30	30	1454	11430	108	1351	0.9999999999999857	1.0000000000000098	0.07427785419532326	0.11819772528433946	0.11518269003129535	0.4310943913424003	7.16659E-5	0.09369884420252493	0.07320907928816177	0.12865183945434885	0.0682741421981505	0.2980352490885703	0.047703218105260146	0.0237341772	0.24646824363337505	.	.
col_ccp3_LN_PCsort_2_1_1_top647.clonotypes.IGH	col_ccp3_LN_PCsort_3_1_1_top647.clonotypes.IGH	647	647	53	53	2400	1150	462	342	1.0000000000000013	1.0000000000000182	0.19249999999999998	0.29739130434782624	0.9056809616209406	0.40202939308195307	1.266098E-4	0.23926517942850886	0.21734057542302415	0.06261088557656354	0.03539649089896357	0.17860703610729675	0.02040816915234992	0.042707494	0.7683453900533295	.	.
col_ccp3_LN_PCsort_2_1_1_top647.clonotypes.IGH	col_ccp3_PBMC_bulk_1_1_1_top647.clonotypes.IGH	647	647	27	27	2400	10169	151	841	1.0000000000000013	1.0000000000000047	0.06291666666666666	0.08270233061264629	0.8963020858502848	-0.011573332208701725	6.44993E-5	0.07213428427393127	0.06742284238602725	0.11321589706559264	0.07640307245403975	0.24010241845040614	0.0173325160730685	0.0213101815	0.9158300582901509	.	.
col_ccp3_LN_PCsort_2_1_1_top647.clonotypes.IGH	col_ccp3_PBMC_bulk_1_1_2_top647.clonotypes.IGH	647	647	33	33	2400	8091	229	604	1.0000000000000013	1.0000000000000104	0.09541666666666668	0.07465084661970091	0.7955538445240323	0.09601135050970017	7.88325E-5	0.08439748188362294	0.07706852373793924	0.10492585255346519	0.07109557847352013	0.24639431215332694	0.017311046481855396	0.0261697066	0.8394601945766904	.	.
col_ccp3_LN_PCsort_2_1_1_top647.clonotypes.IGH	col_ccp3_PBMC_PCsort_1_1_1_top647.clonotypes.IGH	647	647	25	25	2400	19089	166	2278	1.0000000000000013	0.9999999999999967	0.06916666666666667	0.11933574309811933	0.8396494033046548	0.5203096748789336	5.97216E-5	0.09085183302656358	0.08062409999565118	0.08785508480777654	0.05920543948667208	0.24812203576229688	0.017152837955060545	0.0197005516	0.6946589403185024	.	.
col_ccp3_LN_PCsort_2_1_1_top647.clonotypes.IGH	col_ccp3_PBMC_PCsort_1_1_2_top647.clonotypes.IGH	647	647	29	29	2400	10132	176	1015	1.0000000000000013	1.0000000000000007	0.07333333333333333	0.10017765495459928	0.9359440532359419	0.2718335473781737	6.92771E-5	0.08571091741042841	0.08122025738189363	0.07804409229418598	0.044707589149377	0.22226325112229578	0.018813523520800512	0.0229249012	0.9048420563676658	.	.
col_ccp3_LN_PCsort_2_1_1_top647.clonotypes.IGH	col_ccp3_tum_bulk_1_1_1_top647.clonotypes.IGH	647	647	15	15	2400	21768	36	1755	1.0000000000000013	0.9999999999999959	0.015	0.08062293274531424	-0.31332753533573376	-0.3280754861434398	3.5833E-5	0.034775623519639635	0.022297631006833407	0.09745842336613741	0.06439440326968866	0.29144128610678627	0.05495389274357183	0.0117279124	0.03783043192672156	.	.
col_ccp3_LN_PCsort_2_1_1_top647.clonotypes.IGH	col_ccp3_tum_bulk_1_2_1_top647.clonotypes.IGH	647	647	55	55	2400	37671	504	19482	1.0000000000000013	0.9999999999999952	0.20999999999999996	0.5171617424544077	0.32260414325595205	0.04518914932081167	1.313875E-4	0.32955115826746173	0.22924164129891883	0.2236711985857059	0.12314178977250559	0.3730004862681232	0.06969372156091087	0.0443906376	0.308640781589496	.	.
col_ccp3_LN_PCsort_2_1_1_top647.clonotypes.IGH	col_ccp3_tum_bulk_1_3_1_top647.clonotypes.IGH	647	647	35	35	2400	25523	136	3436	1.0000000000000013	0.9999999999999994	0.05666666666666667	0.13462367276574072	-0.08951983310263002	0.002862390515367027	8.36102E-5	0.08734228523492296	0.0640551513596775	0.1562867172342657	0.10280090013298104	0.30082734859221055	0.07623174342601836	0.0277998411	0.10550254879278259	.	.
col_ccp3_LN_PCsort_2_1_1_top647.clonotypes.IGH	col_ccp3_tum_PCsort_1_1_1_top647.clonotypes.IGH	647	647	16	16	2400	6759	50	268	1.0000000000000013	1.000000000000006	0.020833333333333325	0.039650835922473746	-0.33434018238453683	0.0729321445167111	3.82218E-5	0.02874124356596636	0.023357635543477147	0.06859074533996433	0.04435111690620559	0.23093374101957972	0.032585098944725874	0.0125195618	0.20873397272772154	.	.
col_ccp3_LN_PCsort_2_1_1_top647.clonotypes.IGH	col_ccp3_tum_PCsort_1_2_1_top647.clonotypes.IGH	647	647	50	50	2400	35209	433	21861	1.0000000000000013	1.000000000000002	0.1804166666666667	0.6208923854696242	0.19397131503796244	0.3047896067274441	1.194432E-4	0.33469289586895135	0.24166266272477538	0.23764826131851663	0.15791789640922743	0.4168122340504134	0.13057913496122858	0.040192926	0.1773137088445493	.	.
col_ccp3_LN_PCsort_2_1_1_top647.clonotypes.IGH	col_ccp3_tum_PCsort_1_3_1_top647.clonotypes.IGH	647	647	41	41	2400	11430	286	1900	1.0000000000000013	1.0000000000000098	0.11916666666666671	0.16622922134733153	0.02581422308083411	0.1892896392940288	9.79434E-5	0.14074438607119297	0.09449979542982997	0.13647124286259724	0.07769962847433655	0.3023523698702251	0.051679153592129816	0.0327214685	0.12185589300956587	.	.
col_ccp3_LN_PCsort_3_1_1_top647.clonotypes.IGH	col_ccp3_PBMC_bulk_1_1_1_top647.clonotypes.IGH	647	647	17	17	1150	10169	84	471	1.0000000000000182	1.0000000000000047	0.07304347826086956	0.04631723866653555	0.16815642006569662	0.21410819489836513	4.06107E-5	0.058165042900719985	0.046693556450372944	0.16625907827749903	0.10614370329490218	0.283800445764561	0.037803662972399246	0.0133124511	0.3454119519280108	.	.
col_ccp3_LN_PCsort_3_1_1_top647.clonotypes.IGH	col_ccp3_PBMC_bulk_1_1_2_top647.clonotypes.IGH	647	647	11	11	1150	8091	61	337	1.0000000000000182	1.0000000000000104	0.053043478260869574	0.04165121740205166	0.11508797259254704	0.24129787880422776	2.62775E-5	0.04700346205126256	0.03731291319945458	0.16866564072362047	0.10773170980903371	0.29093152227132923	0.02715604799544449	0.0085736555	0.369954901691505	.	.
col_ccp3_LN_PCsort_3_1_1_top647.clonotypes.IGH	col_ccp3_PBMC_PCsort_1_1_1_top647.clonotypes.IGH	647	647	8	8	1150	19089	53	1596	1.0000000000000182	0.9999999999999967	0.046086956521739136	0.08360836083608361	0.05993174921615348	-0.2232971307396232	1.91109E-5	0.06207459134546487	0.042710037405063364	0.1430260906582338	0.09241500484175376	0.2905791220200388	0.039178441871681964	0.0062208398	0.32321553531736297	.	.
col_ccp3_LN_PCsort_3_1_1_top647.clonotypes.IGH	col_ccp3_PBMC_PCsort_1_1_2_top647.clonotypes.IGH	647	647	15	15	1150	10132	64	683	1.0000000000000182	1.0000000000000007	0.05565217391304348	0.06741018555073036	0.9277995881706915	0.46975763446566926	3.5833E-5	0.061249680568797885	0.05656178349441856	0.1360594363682162	0.07728682107512022	0.26991459140417584	0.04290539595245067	0.0117279124	0.9320593878515664	.	.
col_ccp3_LN_PCsort_3_1_1_top647.clonotypes.IGH	col_ccp3_tum_bulk_1_1_1_top647.clonotypes.IGH	647	647	7	7	1150	21768	13	145	1.0000000000000182	0.9999999999999959	0.011304347826086957	0.006661153987504593	-0.1670529656020314	-0.17978662999019757	1.6722E-5	0.008677557352036229	0.007868177131702115	0.1511222033704632	0.09423264153062856	0.34105238374743146	0.06943745853595264	0.0054390054	0.492402216232521	.	.
col_ccp3_LN_PCsort_3_1_1_top647.clonotypes.IGH	col_ccp3_tum_bulk_1_2_1_top647.clonotypes.IGH	647	647	54	54	1150	37671	334	19283	1.0000000000000182	0.9999999999999952	0.2904347826086958	0.5118791643439249	0.41682043724762136	0.3111068762398475	1.289987E-4	0.3855742649842553	0.2926968902594024	0.20144523333165296	0.11110871235822371	0.3232649673766482	0.08909153948553164	0.0435483871	0.47554911858043797	.	.
col_ccp3_LN_PCsort_3_1_1_top647.clonotypes.IGH	col_ccp3_tum_bulk_1_3_1_top647.clonotypes.IGH	647	647	25	25	1150	25523	70	2982	1.0000000000000182	0.9999999999999994	0.06086956521739131	0.11683579516514517	0.08577324919869346	0.4763526804254496	5.97216E-5	0.08433115707453903	0.06203567353034856	0.18680318802010135	0.12407155305459647	0.3285478011518928	0.09983262247000582	0.0197005516	0.17225984726160642	.	.
col_ccp3_LN_PCsort_3_1_1_top647.clonotypes.IGH	col_ccp3_tum_PCsort_1_1_1_top647.clonotypes.IGH	647	647	8	8	1150	6759	11	77	1.0000000000000182	1.000000000000006	0.009565217391304347	0.011392217783695813	0.24159045496477555	0.17679952728837492	1.91109E-5	0.01043882367271973	0.0100864790482902	0.15011338066476002	0.09072543758568456	0.2989956691911795	0.05092209115656301	0.0062208398	0.8421350212728552	.	.
col_ccp3_LN_PCsort_3_1_1_top647.clonotypes.IGH	col_ccp3_tum_PCsort_1_2_1_top647.clonotypes.IGH	647	647	46	46	1150	35209	335	20854	1.0000000000000182	1.000000000000002	0.29130434782608694	0.5922917435882872	0.2365243259678664	0.2653344930577591	1.098877E-4	0.4153759262267879	0.30211298175681034	0.2188278364524572	0.14267099049027362	0.36310041591303105	0.14801507623545038	0.0368589744	0.29880636128843363	.	.
col_ccp3_LN_PCsort_3_1_1_top647.clonotypes.IGH	col_ccp3_tum_PCsort_1_3_1_top647.clonotypes.IGH	647	647	23	23	1150	11430	216	1622	1.0000000000000182	1.0000000000000098	0.1878260869565218	0.14190726159230097	-0.005775823299578048	0.39257703379364894	5.49439E-5	0.16326017780094879	0.0956645473471387	0.18188429311613183	0.10330243953828316	0.3087188128937991	0.07835392218511897	0.0180959874	0.1239860409765975	.	.
col_ccp3_PBMC_bulk_1_1_1_top647.clonotypes.IGH	col_ccp3_PBMC_bulk_1_1_2_top647.clonotypes.IGH	647	647	103	103	10169	8091	3042	2249	1.0000000000000047	1.0000000000000104	0.2991444586488346	0.2779631689531576	0.7970728397257695	0.5355766758892098	2.46053E-4	0.2883593967617613	0.2769943236616525	0.04116013042512739	0.0211518144945249	0.12272135470738398	0.009465395346546604	0.0864819479	0.8874336683781923	.	.
col_ccp3_PBMC_bulk_1_1_1_top647.clonotypes.IGH	col_ccp3_PBMC_PCsort_1_1_1_top647.clonotypes.IGH	647	647	108	108	10169	19089	3072	6530	1.0000000000000047	0.9999999999999967	0.30209460123905985	0.3420818272303422	0.6036267339209972	0.5653301814286995	2.579973E-4	0.3214670639245632	0.28899803602976565	0.06950723716560446	0.03644447858001912	0.15823006371934772	0.011560005770341653	0.0910623946	0.6080238340117865	.	.
col_ccp3_PBMC_bulk_1_1_1_top647.clonotypes.IGH	col_ccp3_PBMC_PCsort_1_1_2_top647.clonotypes.IGH	647	647	98	98	10169	10132	2863	3070	1.0000000000000047	1.0000000000000007	0.2815419411938244	0.3030003947887879	0.49187907308346657	0.4219852974786611	2.341087E-4	0.2920741675179962	0.2610259287725531	0.08509031135323192	0.04802104055086917	0.18992103790372944	0.01565045038921258	0.0819397993	0.6401139177148933	.	.
col_ccp3_PBMC_bulk_1_1_1_top647.clonotypes.IGH	col_ccp3_tum_bulk_1_1_1_top647.clonotypes.IGH	647	647	26	26	10169	21768	485	1405	1.0000000000000047	0.9999999999999959	0.047693971875307314	0.06454428518926864	-0.09488319963082363	-0.13784813105553378	6.21105E-5	0.05548309041977378	0.04769937334379485	0.07986025303448939	0.04476581615744779	0.22450474697093478	0.04033615866384116	0.0205047319	0.460232500338595	.	.
col_ccp3_PBMC_bulk_1_1_1_top647.clonotypes.IGH	col_ccp3_tum_bulk_1_2_1_top647.clonotypes.IGH	647	647	21	21	10169	37671	453	2980	1.0000000000000047	0.9999999999999952	0.044547153112400435	0.07910594356401474	-0.14068160159403909	0.37961452532122014	5.01661E-5	0.05936282153037432	0.030932291251937305	0.27107195657002203	0.15136274053182378	0.40813969036737696	0.11436652282369783	0.016496465	0.04516032076295024	.	.
col_ccp3_PBMC_bulk_1_1_1_top647.clonotypes.IGH	col_ccp3_tum_bulk_1_3_1_top647.clonotypes.IGH	647	647	30	30	10169	25523	597	761	1.0000000000000047	0.9999999999999994	0.05870783754548137	0.02981624417192337	0.042369870025739755	0.17066917829770617	7.16659E-5	0.0418383462754168	0.03859239339927816	0.16513997090055885	0.08562036769309996	0.2757937600620208	0.06279874780194734	0.0237341772	0.5699287539735212	.	.
col_ccp3_PBMC_bulk_1_1_1_top647.clonotypes.IGH	col_ccp3_tum_PCsort_1_1_1_top647.clonotypes.IGH	647	647	18	18	10169	6759	338	224	1.0000000000000047	1.000000000000006	0.033238273183203854	0.03314099718893328	-0.23349934744724649	-0.26837072762805525	4.29996E-5	0.03318959954759254	0.030155657788040278	0.07893580118597304	0.045802726569954544	0.20674072596892193	0.01927783328199782	0.0141065831	0.6721070536913493	.	.
col_ccp3_PBMC_bulk_1_1_1_top647.clonotypes.IGH	col_ccp3_tum_PCsort_1_2_1_top647.clonotypes.IGH	647	647	21	21	10169	35209	562	2650	1.0000000000000047	1.000000000000002	0.05526600452355198	0.07526484705615041	-0.2745177764811067	-0.13442088806798289	5.01661E-5	0.06449486318978943	0.03119695201740405	0.3332371323072342	0.2408052292388686	0.5166525006009699	0.16980897154461547	0.016496465	0.06841725540014579	.	.
col_ccp3_PBMC_bulk_1_1_1_top647.clonotypes.IGH	col_ccp3_tum_PCsort_1_3_1_top647.clonotypes.IGH	647	647	29	29	10169	11430	657	612	1.0000000000000047	1.0000000000000098	0.06460812272593175	0.053543307086614166	0.0557832698523233	0.2388746487525314	6.92771E-5	0.05881609095650797	0.04969154198710307	0.19068573111466933	0.10094744830728082	0.3105634024914724	0.055222789874093556	0.0229249012	0.5121380836608227	.	.
col_ccp3_PBMC_bulk_1_1_2_top647.clonotypes.IGH	col_ccp3_PBMC_PCsort_1_1_1_top647.clonotypes.IGH	647	647	108	108	8091	19089	2283	7403	1.0000000000000104	0.9999999999999967	0.2821653689284387	0.38781497197338777	0.6914373008521443	0.40220595781046103	2.579973E-4	0.3307989640897369	0.3011784480037902	0.07505129425732524	0.03971734861386221	0.15471833969841897	0.012866147863618465	0.0910623946	0.6362922350198013	.	.
col_ccp3_PBMC_bulk_1_1_2_top647.clonotypes.IGH	col_ccp3_PBMC_PCsort_1_1_2_top647.clonotypes.IGH	647	647	101	101	8091	10132	2242	2975	1.0000000000000104	1.0000000000000007	0.27709801013471735	0.2936241610738254	0.5430834242707794	0.3069532495194172	2.412753E-4	0.28524142539440644	0.25680559172121953	0.08479526484250302	0.04777607781821205	0.18157985130679433	0.021752617363606532	0.0846605197	0.6657808589602797	.	.
col_ccp3_PBMC_bulk_1_1_2_top647.clonotypes.IGH	col_ccp3_tum_bulk_1_1_1_top647.clonotypes.IGH	647	647	19	19	8091	21768	329	1839	1.0000000000000104	0.9999999999999959	0.04066246446669139	0.08448180815876516	-0.12478164656511724	0.026153725870518032	4.53884E-5	0.05861090787846258	0.038669813553029585	0.07272993680668317	0.04039315022247247	0.20453224703059336	0.04476132673585571	0.0149019608	0.08770380242322282	.	.
col_ccp3_PBMC_bulk_1_1_2_top647.clonotypes.IGH	col_ccp3_tum_bulk_1_2_1_top647.clonotypes.IGH	647	647	19	19	8091	37671	265	426	1.0000000000000104	0.9999999999999952	0.03275244098380917	0.01130843354304372	0.31296133081840904	0.14803394506734122	4.53884E-5	0.019245228038084337	0.017916771463898334	0.25764712786761806	0.14379223680793227	0.41448369210164276	0.12217693721629053	0.0149019608	0.5257669590158892	.	.
col_ccp3_PBMC_bulk_1_1_2_top647.clonotypes.IGH	col_ccp3_tum_bulk_1_3_1_top647.clonotypes.IGH	647	647	31	31	8091	25523	538	1039	1.0000000000000104	0.9999999999999994	0.06649363490297862	0.0407083806762528	-0.05922290868107689	-0.2198036753357241	7.40548E-5	0.05202737935143595	0.0429958554834704	0.184149233041238	0.09414410691334511	0.3070891638496904	0.0696093631711963	0.0245447348	0.3661661639615395	.	.
col_ccp3_PBMC_bulk_1_1_2_top647.clonotypes.IGH	col_ccp3_tum_PCsort_1_1_1_top647.clonotypes.IGH	647	647	14	14	8091	6759	155	234	1.0000000000000104	1.000000000000006	0.019157088122605366	0.03462050599201065	-0.08147677043691444	0.3194204169619026	3.34441E-5	0.025753215025276652	0.0212152071905195	0.08116680351267223	0.046326069503168824	0.21762039094203683	0.027345460026713064	0.0109375	0.23961232768358393	.	.
col_ccp3_PBMC_bulk_1_1_2_top647.clonotypes.IGH	col_ccp3_tum_PCsort_1_2_1_top647.clonotypes.IGH	647	647	15	15	8091	35209	223	267	1.0000000000000104	1.000000000000002	0.027561488073167724	0.007583288363770627	-0.29076118766608045	-0.27468625956325576	3.5833E-5	0.014457064425167915	0.012072496714172406	0.3667001759768245	0.2540284572085668	0.5529972933372452	0.17810996485773314	0.0117279124	0.3124952903872039	.	.
col_ccp3_PBMC_bulk_1_1_2_top647.clonotypes.IGH	col_ccp3_tum_PCsort_1_3_1_top647.clonotypes.IGH	647	647	26	26	8091	11430	429	442	1.0000000000000104	1.0000000000000098	0.053021876158694844	0.03867016622922134	0.0686280384555811	0.16709998919721858	6.21105E-5	0.04528095366533171	0.038563449636300595	0.21131330572329182	0.11009922903867621	0.3422186169088473	0.05680183476895565	0.0205047319	0.5334239730607407	.	.
col_ccp3_PBMC_PCsort_1_1_1_top647.clonotypes.IGH	col_ccp3_PBMC_PCsort_1_1_2_top647.clonotypes.IGH	647	647	122	122	19089	10132	7634	3495	0.9999999999999967	1.0000000000000007	0.3999161820943999	0.34494670351361995	0.6704749624562136	0.5979232110784296	2.914414E-4	0.37141589720314316	0.3418170732018733	0.044192843796414354	0.02617328348922137	0.15381552178303518	0.009697067449887995	0.1040955631	0.7216149078992335	.	.
col_ccp3_PBMC_PCsort_1_1_1_top647.clonotypes.IGH	col_ccp3_tum_bulk_1_1_1_top647.clonotypes.IGH	647	647	24	24	19089	21768	782	896	0.9999999999999967	0.9999999999999959	0.04096600136204096	0.04116133774347666	-0.04031134849100836	-0.06960507709895422	5.73327E-5	0.04106355340277669	0.03634649625844974	0.11751970126258326	0.0628792685287294	0.2621673107826266	0.04394942717147172	0.0188976378	0.6283406004636195	.	.
col_ccp3_PBMC_PCsort_1_1_1_top647.clonotypes.IGH	col_ccp3_tum_bulk_1_2_1_top647.clonotypes.IGH	647	647	12	12	19089	37671	799	213	0.9999999999999967	0.9999999999999952	0.041856566609041856	0.00565421677152186	0.39355689606942434	0.29174394957050703	2.86664E-5	0.015383955958048189	0.013700839760447342	0.2747149471540836	0.1571770932799422	0.4322727824942162	0.13246581544995922	0.0093603744	0.16857765376943762	.	.
col_ccp3_PBMC_PCsort_1_1_1_top647.clonotypes.IGH	col_ccp3_tum_bulk_1_3_1_top647.clonotypes.IGH	647	647	28	28	19089	25523	1225	819	0.9999999999999967	0.9999999999999994	0.06417308397506417	0.03208870430592015	-0.17909541034949253	-0.3105013834774759	6.68882E-5	0.04537875181265806	0.03580967254716578	0.13964673929422625	0.07676036022169726	0.3054041982399204	0.052779487764400806	0.0221169036	0.27128678242236554	.	.
col_ccp3_PBMC_PCsort_1_1_1_top647.clonotypes.IGH	col_ccp3_tum_PCsort_1_1_1_top647.clonotypes.IGH	647	647	24	24	19089	6759	724	245	0.9999999999999967	1.000000000000006	0.03792760228403792	0.03624796567539578	-0.005644152656143228	0.06149869815536889	5.73327E-5	0.03707827430911354	0.03488325576753172	0.05720712955748397	0.031079281417538712	0.2077119234705159	0.02096167821095935	0.0188976378	0.7665387736589924	.	.
col_ccp3_PBMC_PCsort_1_1_1_top647.clonotypes.IGH	col_ccp3_tum_PCsort_1_2_1_top647.clonotypes.IGH	647	647	17	17	19089	35209	777	386	0.9999999999999967	1.000000000000002	0.040704070407040695	0.010963106024027947	-0.07188927713290881	0.41368712089721815	4.06107E-5	0.021124465424760114	0.017170412418308065	0.34266970785174883	0.25052666982669414	0.5403529619040591	0.1992412041671394	0.0133124511	0.18716061844265397	.	.
col_ccp3_PBMC_PCsort_1_1_1_top647.clonotypes.IGH	col_ccp3_tum_PCsort_1_3_1_top647.clonotypes.IGH	647	647	22	22	19089	11430	931	626	0.9999999999999967	1.0000000000000098	0.048771543821048764	0.05476815398075241	0.09439026808741917	0.36283701083582054	5.2555E-5	0.05168295097873391	0.04055633938545539	0.12429122964736296	0.06792820113510828	0.2860338617964779	0.03684909993620013	0.0172955975	0.41239516075090876	.	.
col_ccp3_PBMC_PCsort_1_1_2_top647.clonotypes.IGH	col_ccp3_tum_bulk_1_1_1_top647.clonotypes.IGH	647	647	21	21	10132	21768	389	1248	1.0000000000000007	0.9999999999999959	0.038393209632846426	0.057331863285556776	-0.09720959173828665	-0.17288860888690044	5.01661E-5	0.04691646028596012	0.03826969043110701	0.11352455804011105	0.06479230891478473	0.2627157350862094	0.056043579532127775	0.016496465	0.3928791969337784	.	.
col_ccp3_PBMC_PCsort_1_1_2_top647.clonotypes.IGH	col_ccp3_tum_bulk_1_2_1_top647.clonotypes.IGH	647	647	15	15	10132	37671	386	306	1.0000000000000007	0.9999999999999952	0.038097118041847615	0.008122959305566616	-0.04893136342857831	0.2631141791854321	3.5833E-5	0.01759151328093453	0.015821393974134047	0.32431952652516544	0.17185093395934645	0.47969049364577726	0.1305434266531821	0.0117279124	0.25147015442355614	.	.
col_ccp3_PBMC_PCsort_1_1_2_top647.clonotypes.IGH	col_ccp3_tum_bulk_1_3_1_top647.clonotypes.IGH	647	647	29	29	10132	25523	549	749	1.0000000000000007	0.9999999999999994	0.05418476115278326	0.029346080006268857	-0.2623279619520118	-0.3706433021830455	6.92771E-5	0.0398761875799348	0.03479997257243452	0.17617003914543214	0.09858756309434909	0.30333310669192154	0.05525618710423241	0.0229249012	0.46803852275666663	.	.
col_ccp3_PBMC_PCsort_1_1_2_top647.clonotypes.IGH	col_ccp3_tum_PCsort_1_1_1_top647.clonotypes.IGH	647	647	19	19	10132	6759	362	247	1.0000000000000007	1.000000000000006	0.03572838531385709	0.03654386743601125	0.3553579305694005	0.3297721911309696	4.53884E-5	0.036133825933774635	0.03386768662171816	0.07217398484415938	0.04079540723258019	0.2133003052697246	0.01869930853990304	0.0149019608	0.7680471674814306	.	.
col_ccp3_PBMC_PCsort_1_1_2_top647.clonotypes.IGH	col_ccp3_tum_PCsort_1_2_1_top647.clonotypes.IGH	647	647	15	15	10132	35209	295	973	1.0000000000000007	1.000000000000002	0.029115673114883542	0.027634979692692213	0.26296535074313043	0.29506738324416043	3.5833E-5	0.028365666487302415	0.021638153738023275	0.3342632018184344	0.22203737510938043	0.5342005266180906	0.20144539824982508	0.0117279124	0.36796729589359856	.	.
col_ccp3_PBMC_PCsort_1_1_2_top647.clonotypes.IGH	col_ccp3_tum_PCsort_1_3_1_top647.clonotypes.IGH	647	647	26	26	10132	11430	693	500	1.0000000000000007	1.0000000000000098	0.06839715752072639	0.043744531933508315	0.2710563372525677	0.23362118967727918	6.21105E-5	0.054699192327918464	0.044078592500585725	0.1503494471459592	0.08028520565957614	0.29547545315880874	0.041450703382815465	0.0205047319	0.31308177141513727	.	.
col_ccp3_tum_bulk_1_1_1_top647.clonotypes.IGH	col_ccp3_tum_bulk_1_2_1_top647.clonotypes.IGH	647	647	13	13	21768	37671	976	391	0.9999999999999959	0.9999999999999952	0.04483645718485851	0.010379336890446232	-0.13635448009142026	-0.12929860925197167	3.10552E-5	0.021572498559409268	0.018045918664503117	0.21679060080062312	0.12654013913845735	0.4467670811781653	0.13240801421128034	0.0101483216	0.19125426022066902	.	.
col_ccp3_tum_bulk_1_1_1_top647.clonotypes.IGH	col_ccp3_tum_bulk_1_3_1_top647.clonotypes.IGH	647	647	39	39	21768	25523	2602	1747	0.9999999999999959	0.9999999999999994	0.11953325983094451	0.06844806644986876	-0.08414808180239178	-0.04389032627872156	9.31657E-5	0.09045341625321797	0.06342429108835079	0.20090990615734236	0.10861658937936376	0.3371635563502734	0.03768942575264282	0.0310756972	0.10358060201796897	.	.
col_ccp3_tum_bulk_1_1_1_top647.clonotypes.IGH	col_ccp3_tum_PCsort_1_1_1_top647.clonotypes.IGH	647	647	190	190	21768	6759	11538	2568	0.9999999999999959	1.000000000000006	0.5300441014332965	0.3799378606302712	0.6085427335548677	0.3835185678377211	4.538842E-4	0.4487580884377028	0.4096391130206155	0.05782357067264404	0.031290665205588715	0.16244027021123436	0.020071706317615776	0.1721014493	0.6449872288854357	.	.
col_ccp3_tum_bulk_1_1_1_top647.clonotypes.IGH	col_ccp3_tum_PCsort_1_2_1_top647.clonotypes.IGH	647	647	13	13	21768	35209	1060	928	0.9999999999999959	1.000000000000002	0.048695332598309445	0.02635689738419154	-0.1841890134402097	-0.15862084054308298	3.10552E-5	0.035825380449936876	0.02019752645865704	0.27744927222669424	0.2073945978852094	0.5390629823521728	0.18225677782488797	0.0101483216	0.15818294775951128	.	.
col_ccp3_tum_bulk_1_1_1_top647.clonotypes.IGH	col_ccp3_tum_PCsort_1_3_1_top647.clonotypes.IGH	647	647	38	38	21768	11430	3291	793	0.9999999999999959	1.0000000000000098	0.15118522601984566	0.06937882764654418	-0.17893025212143304	-0.4380612342031445	9.07768E-5	0.1024160814459072	0.06345040403860881	0.2242853487892057	0.1141789198690113	0.3625085401941751	0.047784148648744376	0.0302547771	0.08304670023175961	.	.
col_ccp3_tum_bulk_1_2_1_top647.clonotypes.IGH	col_ccp3_tum_bulk_1_3_1_top647.clonotypes.IGH	647	647	58	58	37671	25523	5083	5323	0.9999999999999952	0.9999999999999994	0.13493137957580095	0.20855698781491208	-0.011650784798102009	0.14336336184811452	1.385541E-4	0.16775244286161556	0.09319969260989946	0.25471018428403697	0.14126721797146383	0.40323524104658187	0.18678362609915553	0.0469255663	0.09551317435656566	.	.
col_ccp3_tum_bulk_1_2_1_top647.clonotypes.IGH	col_ccp3_tum_PCsort_1_1_1_top647.clonotypes.IGH	647	647	7	7	37671	6759	220	102	0.9999999999999952	1.000000000000006	0.005840036102041358	0.015090989791389262	0.11300254320755655	-0.0	1.6722E-5	0.009387860522890765	0.00883786901147348	0.24010944732449965	0.14051606572226596	0.4484996072598974	0.13447086120404522	0.0054390054	0.5769149580581092	.	.
col_ccp3_tum_bulk_1_2_1_top647.clonotypes.IGH	col_ccp3_tum_PCsort_1_2_1_top647.clonotypes.IGH	647	647	168	168	37671	35209	30315	29265	0.9999999999999952	1.000000000000002	0.8047304292426531	0.8311795279616007	0.6894425194289993	0.6819168211030384	4.013292E-4	0.8178480655441112	0.7193620823610285	0.19259519168114536	0.12089262687419557	0.2565160272052108	0.025379465810599994	0.1492007105	0.6962915550089903	.	.
col_ccp3_tum_bulk_1_2_1_top647.clonotypes.IGH	col_ccp3_tum_PCsort_1_3_1_top647.clonotypes.IGH	647	647	54	54	37671	11430	8423	2466	0.9999999999999952	1.0000000000000098	0.223593745852247	0.21574803149606298	0.013909577398293769	0.12612200799997364	1.289987E-4	0.21963585891755766	0.11711555837944143	0.329413565846967	0.17366270891645322	0.45538512508269974	0.1519381701883205	0.0435483871	0.1176928235339752	.	.
col_ccp3_tum_bulk_1_3_1_top647.clonotypes.IGH	col_ccp3_tum_PCsort_1_1_1_top647.clonotypes.IGH	647	647	34	34	25523	6759	1232	505	0.9999999999999994	1.000000000000006	0.04827018767386279	0.0747151945554076	-0.05128356033764864	-0.1838004920550735	8.12214E-5	0.060054279308627924	0.048060382259238234	0.16895222505650662	0.09675742974275345	0.30352077582970444	0.03847436654972377	0.026984127	0.30102818934689424	.	.
col_ccp3_tum_bulk_1_3_1_top647.clonotypes.IGH	col_ccp3_tum_PCsort_1_2_1_top647.clonotypes.IGH	647	647	41	41	25523	35209	3986	4473	0.9999999999999994	1.000000000000002	0.15617286369157235	0.12704138146496635	-0.09016761823849785	-0.23285616191487538	9.79434E-5	0.1408560128312499	0.05833400659783639	0.3339350599883701	0.23469017284338817	0.49532990822045353	0.23377533574839368	0.0327214685	0.05545658165813792	.	.
col_ccp3_tum_bulk_1_3_1_top647.clonotypes.IGH	col_ccp3_tum_PCsort_1_3_1_top647.clonotypes.IGH	647	647	179	179	25523	11430	16378	6712	0.9999999999999994	1.0000000000000098	0.6416957254241273	0.5872265966754164	0.8244282689001096	0.4607592053125687	4.276067E-4	0.6138573099197995	0.5611333394094249	0.05095192680523879	0.03216707587762057	0.12533226522132618	0.01683875673588906	0.1605381166	0.8407202849658617	.	.
col_ccp3_tum_PCsort_1_1_1_top647.clonotypes.IGH	col_ccp3_tum_PCsort_1_2_1_top647.clonotypes.IGH	647	647	9	9	6759	35209	130	131	1.000000000000006	1.000000000000002	0.01923361444000592	0.0037206396091908314	0.004168865136008181	0.10256784899270384	2.14998E-5	0.008459394051194847	0.007483087137055092	0.2699897129769637	0.20730662713620449	0.5243755284590409	0.18779160170052445	0.0070038911	0.22938067742745044	.	.
col_ccp3_tum_PCsort_1_1_1_top647.clonotypes.IGH	col_ccp3_tum_PCsort_1_3_1_top647.clonotypes.IGH	647	647	35	35	6759	11430	541	529	1.000000000000006	1.0000000000000098	0.08004142624648615	0.04628171478565179	-0.022804458848234413	-0.018296582486487186	8.36102E-5	0.06086422972959286	0.04853582548186827	0.1469588951826533	0.07764986403196583	0.2938074044039764	0.040617077117392195	0.0277998411	0.29864470385358655	.	.
col_ccp3_tum_PCsort_1_2_1_top647.clonotypes.IGH	col_ccp3_tum_PCsort_1_3_1_top647.clonotypes.IGH	647	647	45	45	35209	11430	6814	1959	1.000000000000002	1.0000000000000098	0.19353006333607875	0.17139107611548554	-0.00870812075595451	0.19008129697117773	1.074989E-4	0.1821244789034923	0.08949381365244415	0.3427126381716321	0.22191852244563368	0.4819325369080083	0.2107333151105341	0.0360288231	0.100525696335113	.	.
