1_sample_id	2_sample_id	div1	div2	div12	div21	count1	count2	count12	count21	freq1	freq2	freq12	freq21	R	Rs	D	F	F2	vJSD	vjJSD	vj2JSD	sJSD	Jaccard	MorisitaHorn	1_metadata_blank	2_metadata_blank
col_ccp3_LN_bulk_1_1_1_top162.clonotypes.IGHA	col_ccp3_LN_bulk_2_1_1_top162.clonotypes.IGHA	162	162	19	19	520	468	140	120	0.999999999999998	0.9999999999999984	0.26923076923076916	0.25641025641025644	0.9890773529729155	0.4837320100564883	7.23975E-4	0.26274232733229735	0.25626456608063936	0.13193661482121066	0.0753392940985799	0.30663857901045144	0.03767276220388862	0.062295082	0.9407988426501501	.	.
col_ccp3_LN_bulk_1_1_1_top162.clonotypes.IGHA	col_ccp3_LN_bulk_3_1_1_top162.clonotypes.IGHA	162	162	11	11	520	2090	111	160	0.999999999999998	0.9999999999999999	0.21346153846153845	0.07655502392344499	0.5770158995630728	0.17005122210949555	4.191434E-4	0.12783408459271905	0.10361265436714183	0.20083464026129913	0.11954892549017006	0.42311584977064887	0.09079702311503794	0.03514377	0.1965106977000646	.	.
col_ccp3_LN_bulk_1_1_1_top162.clonotypes.IGHA	col_ccp3_LN_PCsort_1_1_1_top162.clonotypes.IGHA	162	162	32	32	520	491	216	229	0.999999999999998	0.999999999999998	0.4153846153846154	0.46639511201629325	0.9608564298244986	0.4452451477089105	0.0012193263	0.44015151280229925	0.4225438368027044	0.09128817327181249	0.04963050430011063	0.283664741321458	0.02122406222022689	0.1095890411	0.9262171683869159	.	.
col_ccp3_LN_bulk_1_1_1_top162.clonotypes.IGHA	col_ccp3_LN_PCsort_2_1_1_top162.clonotypes.IGHA	162	162	16	16	520	524	141	100	0.999999999999998	0.9999999999999968	0.2711538461538462	0.1908396946564886	0.9894839544820777	0.3983860731862093	6.096632E-4	0.22747948743773028	0.22296261394296432	0.1660535097786331	0.09134380735374323	0.355464081584407	0.042139893155029355	0.0519480519	0.8873131758404081	.	.
col_ccp3_LN_bulk_1_1_1_top162.clonotypes.IGHA	col_ccp3_LN_PCsort_3_1_1_top162.clonotypes.IGHA	162	162	3	3	520	235	10	3	0.999999999999998	1.0000000000000009	0.019230769230769232	0.012765957446808512	0.0	0.0	1.143118E-4	0.015668413501991656	0.015396957395545557	0.17864823559332346	0.10463166725174403	0.4212720941202513	0.06630727887475656	0.0093457944	0.8399347022940115	.	.
col_ccp3_LN_bulk_1_1_1_top162.clonotypes.IGHA	col_ccp3_PBMC_bulk_1_1_1_top162.clonotypes.IGHA	162	162	12	12	520	3532	140	404	0.999999999999998	0.9999999999999994	0.2692307692307692	0.11438278595696488	0.9353044446430435	-0.10206478483272124	4.572474E-4	0.17548608335122215	0.16381085870254913	0.17302378309036798	0.09606392558540187	0.3987630349715041	0.04859818513964083	0.0384615385	0.6315739823315799	.	.
col_ccp3_LN_bulk_1_1_1_top162.clonotypes.IGHA	col_ccp3_PBMC_bulk_1_1_2_top162.clonotypes.IGHA	162	162	11	11	520	2700	139	341	0.999999999999998	1.0	0.2673076923076923	0.1262962962962963	0.9390386808714233	0.08790607479578057	4.191434E-4	0.18373886771712594	0.1720342160703753	0.2093138415313716	0.11687576965384651	0.42431424510168253	0.030331811224374672	0.03514377	0.6414986859337157	.	.
col_ccp3_LN_bulk_1_1_1_top162.clonotypes.IGHA	col_ccp3_PBMC_PCsort_1_1_1_top162.clonotypes.IGHA	162	162	11	11	520	6864	133	1513	0.999999999999998	0.9999999999999989	0.2557692307692308	0.22042540792540793	0.9010163012721348	0.22992841299312092	4.191434E-4	0.23744059683861035	0.2141704702178044	0.14204917943861017	0.07499102495599588	0.326699494056478	0.022405494819392704	0.03514377	0.9043334700226334	.	.
col_ccp3_LN_bulk_1_1_1_top162.clonotypes.IGHA	col_ccp3_PBMC_PCsort_1_1_2_top162.clonotypes.IGHA	162	162	11	11	520	3101	144	621	0.999999999999998	1.0000000000000009	0.27692307692307694	0.200257981296356	0.9030031874503254	0.24829226453071976	4.191434E-4	0.23549109613526983	0.2167334901534787	0.15987458158078305	0.08883957947570711	0.40283963999216665	0.04499613433026446	0.03514377	0.8518154768082647	.	.
col_ccp3_LN_bulk_1_1_1_top162.clonotypes.IGHA	col_ccp3_tum_bulk_1_1_1_top162.clonotypes.IGHA	162	162	3	3	520	11986	11	275	0.999999999999998	1.0000000000000007	0.021153846153846155	0.022943434006340732	0.8485552916276633	0.8660254037844386	1.143118E-4	0.02203047600963388	0.021625524043303444	0.26292033876170195	0.13863597959958746	0.5123281516183018	0.09651479809673147	0.0093457944	0.9576351891703012	.	.
col_ccp3_LN_bulk_1_1_1_top162.clonotypes.IGHA	col_ccp3_tum_bulk_1_2_1_top162.clonotypes.IGHA	162	162	6	6	520	2625	13	98	0.999999999999998	1.0000000000000013	0.025	0.037333333333333336	-0.5852057359806528	-0.6546536707079771	2.286237E-4	0.030550504633038936	0.029568048480740496	0.1746939120676384	0.10692008642490015	0.48006920348161086	0.04235564618879079	0.0188679245	0.7973704757087605	.	.
col_ccp3_LN_bulk_1_1_1_top162.clonotypes.IGHA	col_ccp3_tum_bulk_1_3_1_top162.clonotypes.IGHA	162	162	4	4	520	4100	13	314	0.999999999999998	1.0000000000000007	0.025	0.07658536585365854	-0.5100936193398707	-0.2581988897471614	1.524158E-4	0.04375653261333059	0.0337336274367039	0.18509103285267944	0.104204623887949	0.43847901630545827	0.03337754529165533	0.0125	0.23039683963555366	.	.
col_ccp3_LN_bulk_1_1_1_top162.clonotypes.IGHA	col_ccp3_tum_PCsort_1_1_1_top162.clonotypes.IGHA	162	162	2	2	520	2229	9	37	0.999999999999998	0.9999999999999959	0.01730769230769231	0.016599371915657246	0.0	0.0	7.62079E-5	0.016949832495253298	0.01694938596029154	0.23945030960153468	0.12851976234893567	0.46948119658252174	0.0737933340215527	0.0062111801	0.9992868013401001	.	.
col_ccp3_LN_bulk_1_1_1_top162.clonotypes.IGHA	col_ccp3_tum_PCsort_1_2_1_top162.clonotypes.IGHA	162	162	2	2	520	2456	7	17	0.999999999999998	0.9999999999999949	0.013461538461538462	0.006921824104234527	0.0	0.0	7.62079E-5	0.00965289601120602	0.009418252522609959	0.354024674118089	0.18178567893970918	0.5813993102016799	0.11485213765722736	0.0062111801	0.7533804705999237	.	.
col_ccp3_LN_bulk_1_1_1_top162.clonotypes.IGHA	col_ccp3_tum_PCsort_1_3_1_top162.clonotypes.IGHA	162	162	2	2	520	2653	4	114	0.999999999999998	0.9999999999999996	0.007692307692307693	0.04297022238974746	0.0	0.0	7.62079E-5	0.0181807637966293	0.016331267201540316	0.24154022434900937	0.1455964234575226	0.5079626211456822	0.02626429197083778	0.0062111801	0.21629096991034588	.	.
col_ccp3_LN_bulk_2_1_1_top162.clonotypes.IGHA	col_ccp3_LN_bulk_3_1_1_top162.clonotypes.IGHA	162	162	11	11	468	2090	98	187	0.9999999999999984	0.9999999999999999	0.2094017094017094	0.0894736842105263	0.5650779880610227	0.474699744121291	4.191434E-4	0.13687929872757584	0.1235596092697162	0.1373314007402139	0.0777355855960401	0.32347896360791795	0.06842703304177988	0.03514377	0.3264728919947865	.	.
col_ccp3_LN_bulk_2_1_1_top162.clonotypes.IGHA	col_ccp3_LN_PCsort_1_1_1_top162.clonotypes.IGHA	162	162	13	13	468	491	103	155	0.9999999999999984	0.999999999999998	0.2200854700854701	0.3156822810590632	0.993665075090325	0.7565503427086868	4.953513E-4	0.26358505880367616	0.25591155226006496	0.18173406827762723	0.09388979378899803	0.37777558247979415	0.0595172886046954	0.0418006431	0.8079320286445566	.	.
col_ccp3_LN_bulk_2_1_1_top162.clonotypes.IGHA	col_ccp3_LN_PCsort_2_1_1_top162.clonotypes.IGHA	162	162	26	26	468	524	145	163	0.9999999999999984	0.9999999999999968	0.30982905982905984	0.31106870229007644	0.9389746491795725	0.0648301676010041	9.907026E-4	0.3104482623123861	0.2963829392833335	0.13754304263271513	0.07035319561332717	0.30945552909308294	0.02710008781942516	0.0872483221	0.9505913429789274	.	.
col_ccp3_LN_bulk_2_1_1_top162.clonotypes.IGHA	col_ccp3_LN_PCsort_3_1_1_top162.clonotypes.IGHA	162	162	5	5	468	235	19	7	0.9999999999999984	1.0000000000000009	0.04059829059829059	0.029787234042553193	0.38888888888888884	0.44426165831931935	1.905197E-4	0.03477514606409107	0.034061588095289225	0.16891000871191764	0.09340626749074818	0.4055813639352381	0.0858875303250829	0.0156739812	0.8807284033222657	.	.
col_ccp3_LN_bulk_2_1_1_top162.clonotypes.IGHA	col_ccp3_PBMC_bulk_1_1_1_top162.clonotypes.IGHA	162	162	10	10	468	3532	79	425	0.9999999999999984	0.9999999999999994	0.16880341880341884	0.12032842582106454	0.9725106863607089	0.5991638155473783	3.810395E-4	0.14251964656786542	0.13828232741290597	0.13591914480155604	0.0825977065673639	0.3546582604915728	0.05583716782491157	0.0318471338	0.84041742828724	.	.
col_ccp3_LN_bulk_2_1_1_top162.clonotypes.IGHA	col_ccp3_PBMC_bulk_1_1_2_top162.clonotypes.IGHA	162	162	12	12	468	2700	88	399	0.9999999999999984	1.0	0.1880341880341881	0.14777777777777779	0.9367728976854386	0.010833784750440298	4.572474E-4	0.1666951542605277	0.15810343198842844	0.1615423047153194	0.0973027350329326	0.38017123650273116	0.03802297271262472	0.0384615385	0.8283075424337666	.	.
col_ccp3_LN_bulk_2_1_1_top162.clonotypes.IGHA	col_ccp3_PBMC_PCsort_1_1_1_top162.clonotypes.IGHA	162	162	10	10	468	6864	83	1796	0.9999999999999984	0.9999999999999989	0.1773504273504274	0.26165501165501165	0.8953781774412435	0.22173670957346323	3.810395E-4	0.21541733480710734	0.2001682116668369	0.17337309420737126	0.09794524333342064	0.40099817009441296	0.03555057933128024	0.0318471338	0.8984794060760343	.	.
col_ccp3_LN_bulk_2_1_1_top162.clonotypes.IGHA	col_ccp3_PBMC_PCsort_1_1_2_top162.clonotypes.IGHA	162	162	10	10	468	3101	83	587	0.9999999999999984	1.0000000000000009	0.1773504273504274	0.18929377620122542	0.9732781498791508	0.5623838920711156	3.810395E-4	0.1832248130141316	0.1780225468618893	0.18177368232176475	0.10112138859310292	0.438266938782545	0.03468970550687597	0.0318471338	0.9767007761979335	.	.
col_ccp3_LN_bulk_2_1_1_top162.clonotypes.IGHA	col_ccp3_tum_bulk_1_1_1_top162.clonotypes.IGHA	162	162	8	8	468	11986	20	663	0.9999999999999984	1.0000000000000007	0.042735042735042736	0.05531453362255965	-0.07204611389627012	0.33202613875521786	3.048316E-4	0.0486196355213513	0.04464210472221113	0.20371805361374815	0.11169276030366684	0.4472089108050769	0.09792069298044197	0.0253164557	0.6155890626544333	.	.
col_ccp3_LN_bulk_2_1_1_top162.clonotypes.IGHA	col_ccp3_tum_bulk_1_2_1_top162.clonotypes.IGHA	162	162	7	7	468	2625	18	133	0.9999999999999984	1.0000000000000013	0.038461538461538464	0.050666666666666665	0.4986107225162863	0.4865127725673279	2.667276E-4	0.04414428557263045	0.043336822042263703	0.1771039149786008	0.09826552767844558	0.43730148066468394	0.043606085503057467	0.0220820189	0.9138144692022064	.	.
col_ccp3_LN_bulk_2_1_1_top162.clonotypes.IGHA	col_ccp3_tum_bulk_1_3_1_top162.clonotypes.IGHA	162	162	8	8	468	4100	23	333	0.9999999999999984	1.0000000000000007	0.04914529914529914	0.08121951219512195	-0.37888160871129123	-0.22302875249756404	3.048316E-4	0.06317877193539409	0.057188788991193916	0.16510150806397847	0.08476988022765448	0.3862275626861309	0.05520462658239566	0.0253164557	0.5756625140798464	.	.
col_ccp3_LN_bulk_2_1_1_top162.clonotypes.IGHA	col_ccp3_tum_PCsort_1_1_1_top162.clonotypes.IGHA	162	162	4	4	468	2229	10	57	0.9999999999999984	0.9999999999999959	0.021367521367521368	0.02557200538358008	-0.226778683805536	-0.0	1.524158E-4	0.023375422380013132	0.021872987385197093	0.2049115995568554	0.11147478958087934	0.4196714089045373	0.0795655176117322	0.0125	0.7513503710252161	.	.
col_ccp3_LN_bulk_2_1_1_top162.clonotypes.IGHA	col_ccp3_tum_PCsort_1_2_1_top162.clonotypes.IGHA	162	162	2	2	468	2456	6	30	0.9999999999999984	0.9999999999999949	0.012820512820512822	0.012214983713355047	0.0	0.0	7.62079E-5	0.012514086275051154	0.012447696196476772	0.3034927728866032	0.15828855662776156	0.5167420711128623	0.05666863251393746	0.0062111801	0.9779906299164588	.	.
col_ccp3_LN_bulk_2_1_1_top162.clonotypes.IGHA	col_ccp3_tum_PCsort_1_3_1_top162.clonotypes.IGHA	162	162	5	5	468	2653	12	66	0.9999999999999984	0.9999999999999996	0.02564102564102564	0.024877497173011687	0.44878645004629486	0.7181848464596079	1.905197E-4	0.025256376281995317	0.02443545244478824	0.24268631152435896	0.1333703377410948	0.4943277036764772	0.027391494997924044	0.0156739812	0.8659113086250383	.	.
col_ccp3_LN_bulk_3_1_1_top162.clonotypes.IGHA	col_ccp3_LN_PCsort_1_1_1_top162.clonotypes.IGHA	162	162	6	6	2090	491	99	119	0.9999999999999999	0.999999999999998	0.047368421052631574	0.24236252545824846	0.6905615973781157	0.44136741475237484	2.286237E-4	0.10714630256469633	0.08406924539367581	0.22701426650501	0.12274610753287105	0.45272061336491654	0.11416946594358132	0.0188679245	0.12985551660273353	.	.
col_ccp3_LN_bulk_3_1_1_top162.clonotypes.IGHA	col_ccp3_LN_PCsort_2_1_1_top162.clonotypes.IGHA	162	162	11	11	2090	524	158	92	0.9999999999999999	0.9999999999999968	0.07559808612440191	0.1755725190839695	0.6308416824110206	-0.0333427855760674	4.191434E-4	0.11520827408996337	0.1011603067653782	0.15587374832954867	0.09390357304187748	0.42678282456848926	0.07518675956242668	0.03514377	0.33296146365291956	.	.
col_ccp3_LN_bulk_3_1_1_top162.clonotypes.IGHA	col_ccp3_LN_PCsort_3_1_1_top162.clonotypes.IGHA	162	162	23	23	2090	235	673	59	0.9999999999999999	1.0000000000000009	0.3220095693779904	0.25106382978723407	0.8127359634851866	0.5970087712433843	8.763908E-4	0.28433247390366145	0.2683424981040973	0.11796081484064977	0.06421114868132463	0.31921440028444076	0.05492019575613504	0.0764119601	0.8615364702366031	.	.
col_ccp3_LN_bulk_3_1_1_top162.clonotypes.IGHA	col_ccp3_PBMC_bulk_1_1_1_top162.clonotypes.IGHA	162	162	9	9	2090	3532	289	400	0.9999999999999999	0.9999999999999994	0.1382775119617225	0.1132502831257078	-0.04809881911452688	-0.11765121295424275	3.429355E-4	0.12513979135184589	0.09622783247427531	0.18739223909735264	0.11111472044218862	0.40200795043493753	0.06770774127039728	0.0285714286	0.3588378514349648	.	.
col_ccp3_LN_bulk_3_1_1_top162.clonotypes.IGHA	col_ccp3_PBMC_bulk_1_1_2_top162.clonotypes.IGHA	162	162	10	10	2090	2700	244	322	0.9999999999999999	1.0	0.11674641148325357	0.11925925925925926	0.10712261780086169	0.25994005340301096	3.810395E-4	0.11799614635516492	0.09589676672035699	0.19599536956980768	0.11656416357949453	0.4356020789004608	0.07024846788162312	0.0318471338	0.4065268906572349	.	.
col_ccp3_LN_bulk_3_1_1_top162.clonotypes.IGHA	col_ccp3_PBMC_PCsort_1_1_1_top162.clonotypes.IGHA	162	162	6	6	2090	6864	227	1092	0.9999999999999999	0.9999999999999989	0.10861244019138755	0.15909090909090912	0.06017541734465069	0.28988551782622407	2.286237E-4	0.13145056808028574	0.09752304552889364	0.17421194980161753	0.1036220485629879	0.3741032010673982	0.08803516145484518	0.0188679245	0.3224222624266864	.	.
col_ccp3_LN_bulk_3_1_1_top162.clonotypes.IGHA	col_ccp3_PBMC_PCsort_1_1_2_top162.clonotypes.IGHA	162	162	5	5	2090	3101	188	456	0.9999999999999999	1.0000000000000009	0.08995215311004785	0.1470493389229281	0.2353930384591506	0.5642880936468347	1.905197E-4	0.11501045452273696	0.09663734544063832	0.1894732642436492	0.1043285232905496	0.4145429132418051	0.05750832540078292	0.0156739812	0.4792886880863274	.	.
col_ccp3_LN_bulk_3_1_1_top162.clonotypes.IGHA	col_ccp3_tum_bulk_1_1_1_top162.clonotypes.IGHA	162	162	1	1	2090	11986	11	68	0.9999999999999999	1.0000000000000007	0.005263157894736842	0.005673285499749708	0.0	0.0	3.81039E-5	0.005464375295228516	0.005464375295228516	0.24129928746053297	0.14705354907901877	0.5141849729919635	0.11726925445253641	0.0030959752	0.9971912993785557	.	.
col_ccp3_LN_bulk_3_1_1_top162.clonotypes.IGHA	col_ccp3_tum_bulk_1_2_1_top162.clonotypes.IGHA	162	162	4	4	2090	2625	93	59	0.9999999999999999	1.0000000000000013	0.04449760765550239	0.022476190476190476	-0.46321752991404214	0.2000000000000001	1.524158E-4	0.03162493802997665	0.025337895444080775	0.2183809268598373	0.1252260262637988	0.4421934465081728	0.04010380376530888	0.0125	0.31359688863871626	.	.
col_ccp3_LN_bulk_3_1_1_top162.clonotypes.IGHA	col_ccp3_tum_bulk_1_3_1_top162.clonotypes.IGHA	162	162	2	2	2090	4100	42	37	0.9999999999999999	1.0000000000000007	0.020095693779904306	0.00902439024390244	0.0	0.0	7.62079E-5	0.013466676757530766	0.012643989435752337	0.23858034143909135	0.12752449718510966	0.4555074523284455	0.09898147345740872	0.0062111801	0.5553961343593129	.	.
col_ccp3_LN_bulk_3_1_1_top162.clonotypes.IGHA	col_ccp3_tum_PCsort_1_1_1_top162.clonotypes.IGHA	162	162	2	2	2090	2229	17	20	0.9999999999999999	0.9999999999999959	0.008133971291866028	0.008972633467922837	0.0	0.0	7.62079E-5	0.008543017209424355	0.008501032188222115	0.2387663249072378	0.14471293572600394	0.4619428388407098	0.09401825836575975	0.0062111801	0.9808181487995189	.	.
col_ccp3_LN_bulk_3_1_1_top162.clonotypes.IGHA	col_ccp3_tum_PCsort_1_2_1_top162.clonotypes.IGHA	162	162	5	5	2090	2456	42	44	0.9999999999999999	0.9999999999999949	0.020095693779904306	0.017915309446254073	0.30862310077982347	0.40555355282690636	1.905197E-4	0.018974208088986186	0.01835783139747676	0.3020798072887173	0.17059450806156323	0.5137741012057536	0.08930600518894292	0.0156739812	0.8882051531627678	.	.
col_ccp3_LN_bulk_3_1_1_top162.clonotypes.IGHA	col_ccp3_tum_PCsort_1_3_1_top162.clonotypes.IGHA	162	162	2	2	2090	2653	18	19	0.9999999999999999	0.9999999999999996	0.00861244019138756	0.007161703731624576	0.0	0.0	7.62079E-5	0.00785364533557849	0.007851897063097794	0.2510991364397904	0.13805116361845374	0.506791926536787	0.07152362195921431	0.0062111801	0.9841309466747507	.	.
col_ccp3_LN_PCsort_1_1_1_top162.clonotypes.IGHA	col_ccp3_LN_PCsort_2_1_1_top162.clonotypes.IGHA	162	162	14	14	491	524	164	97	0.999999999999998	0.9999999999999968	0.33401221995926683	0.18511450381679392	0.9871353166324675	0.273354902223534	5.334553E-4	0.2486574076244372	0.24008443488880835	0.15170104087238603	0.08035011628627299	0.3779368325108161	0.048310000562698435	0.0451612903	0.7299763764527286	.	.
col_ccp3_LN_PCsort_1_1_1_top162.clonotypes.IGHA	col_ccp3_LN_PCsort_3_1_1_top162.clonotypes.IGHA	162	162	5	5	491	235	16	6	0.999999999999998	1.0000000000000009	0.032586558044806514	0.02553191489361702	0.30151134457776374	0.36273812505500586	1.905197E-4	0.02884436212981509	0.028051382447604762	0.20482140967761775	0.11401272701302025	0.41293630111432045	0.08219257033034827	0.0156739812	0.8804406132753214	.	.
col_ccp3_LN_PCsort_1_1_1_top162.clonotypes.IGHA	col_ccp3_PBMC_bulk_1_1_1_top162.clonotypes.IGHA	162	162	13	13	491	3532	148	500	0.999999999999998	0.9999999999999994	0.3014256619144603	0.14156285390713477	0.9360616227719317	0.030904851360771143	4.953513E-4	0.20656881889931533	0.1855435280127846	0.18586228649176395	0.10289176779665452	0.4385257110921716	0.08250204156263889	0.0418006431	0.513067653552185	.	.
col_ccp3_LN_PCsort_1_1_1_top162.clonotypes.IGHA	col_ccp3_PBMC_bulk_1_1_2_top162.clonotypes.IGHA	162	162	13	13	491	2700	160	385	0.999999999999998	1.0	0.3258655804480652	0.1425925925925926	0.9701107562213812	0.16713091922005574	4.953513E-4	0.2155597781423512	0.19976111580998257	0.15693626272293154	0.09140382182138014	0.4293929784965855	0.05869289383451502	0.0418006431	0.5167466876587891	.	.
col_ccp3_LN_PCsort_1_1_1_top162.clonotypes.IGHA	col_ccp3_PBMC_PCsort_1_1_1_top162.clonotypes.IGHA	162	162	12	12	491	6864	155	1679	0.999999999999998	0.9999999999999989	0.31568228105906315	0.24460955710955712	0.9309580995094571	-0.01598601736317985	4.572474E-4	0.2778828943227563	0.2511821779319201	0.1251475888632711	0.07139834800775391	0.38678212091643954	0.028644179705602145	0.0384615385	0.8357653360332582	.	.
col_ccp3_LN_PCsort_1_1_1_top162.clonotypes.IGHA	col_ccp3_PBMC_PCsort_1_1_2_top162.clonotypes.IGHA	162	162	12	12	491	3101	164	638	0.999999999999998	1.0000000000000009	0.3340122199592668	0.2057400838439213	0.956151362449747	0.14789099119283966	4.572474E-4	0.26214442992234993	0.2459777512985976	0.13933813840902567	0.07905121284062307	0.3884233768236671	0.05331267522237338	0.0384615385	0.7537226694080139	.	.
col_ccp3_LN_PCsort_1_1_1_top162.clonotypes.IGHA	col_ccp3_tum_bulk_1_1_1_top162.clonotypes.IGHA	162	162	2	2	491	11986	4	245	0.999999999999998	1.0000000000000007	0.008146639511201629	0.02044051393292174	0.0	0.0	7.62079E-5	0.012904320921118153	0.012821715473439957	0.2537179668911466	0.1357312785919207	0.5421987864073098	0.12049750859813597	0.0062111801	0.6591799085806496	.	.
col_ccp3_LN_PCsort_1_1_1_top162.clonotypes.IGHA	col_ccp3_tum_bulk_1_2_1_top162.clonotypes.IGHA	162	162	4	4	491	2625	7	96	0.999999999999998	1.0000000000000013	0.01425661914460285	0.03657142857142857	-0.4464997664806832	-0.1054092553389458	1.524158E-4	0.0228338548807884	0.020378903853690247	0.18724359807646876	0.10730432885944599	0.574493303027699	0.08028829176819706	0.0125	0.39481740983899405	.	.
col_ccp3_LN_PCsort_1_1_1_top162.clonotypes.IGHA	col_ccp3_tum_bulk_1_3_1_top162.clonotypes.IGHA	162	162	3	3	491	4100	13	69	0.999999999999998	1.0000000000000007	0.026476578411405292	0.016829268292682928	-0.970725343394151	-0.8660254037844386	1.143118E-4	0.021108800097537433	0.016603734334694913	0.18955122310796857	0.10071273396895761	0.47156508662572166	0.048191503459732436	0.0093457944	0.37342594071862306	.	.
col_ccp3_LN_PCsort_1_1_1_top162.clonotypes.IGHA	col_ccp3_tum_PCsort_1_1_1_top162.clonotypes.IGHA	162	162	4	4	491	2229	6	83	0.999999999999998	0.9999999999999959	0.012219959266802444	0.037236428891879766	0.619116257559747	0.4472135954999579	1.524158E-4	0.021331376990245062	0.021120062287413425	0.2196933614067707	0.11952949652300325	0.48430193144410133	0.10206670568368724	0.0125	0.577557918481488	.	.
col_ccp3_LN_PCsort_1_1_1_top162.clonotypes.IGHA	col_ccp3_tum_PCsort_1_2_1_top162.clonotypes.IGHA	162	162	3	3	491	2456	11	19	0.999999999999998	0.9999999999999949	0.02240325865580448	0.007736156351791531	-0.3170147297373294	-0.5	1.143118E-4	0.01316491973963117	0.011764429694935241	0.3414594012980292	0.17469469025175938	0.5911899835842043	0.15628880535730585	0.0093457944	0.3566311162135839	.	.
col_ccp3_LN_PCsort_1_1_1_top162.clonotypes.IGHA	col_ccp3_tum_PCsort_1_3_1_top162.clonotypes.IGHA	162	162	4	4	491	2653	7	39	0.999999999999998	0.9999999999999996	0.01425661914460285	0.014700339238597813	0.46442036401282416	0.5	1.524158E-4	0.01447677926270723	0.014145883425560224	0.23292235831502905	0.13473332887294154	0.4975106231950239	0.03743754324752443	0.0125	0.9233804521152275	.	.
col_ccp3_LN_PCsort_2_1_1_top162.clonotypes.IGHA	col_ccp3_LN_PCsort_3_1_1_top162.clonotypes.IGHA	162	162	11	11	524	235	46	13	0.9999999999999968	1.0000000000000009	0.08778625954198475	0.05531914893617021	0.2876879013347356	0.16344797285373105	4.191434E-4	0.06968687944048253	0.06604945137442911	0.12059929345160308	0.07282489780264062	0.3590692184377697	0.07993974773752811	0.03514377	0.6906256826244419	.	.
col_ccp3_LN_PCsort_2_1_1_top162.clonotypes.IGHA	col_ccp3_PBMC_bulk_1_1_1_top162.clonotypes.IGHA	162	162	9	9	524	3532	73	392	0.9999999999999968	0.9999999999999994	0.13931297709923662	0.11098527746319366	0.9915661534899941	0.6668859288553501	3.429355E-4	0.12434504178929821	0.12245940115418175	0.12555195348492734	0.07890919154616349	0.4106659701657338	0.06233640449267332	0.0285714286	0.908294504400468	.	.
col_ccp3_LN_PCsort_2_1_1_top162.clonotypes.IGHA	col_ccp3_PBMC_bulk_1_1_2_top162.clonotypes.IGHA	162	162	7	7	524	2700	72	317	0.9999999999999968	1.0	0.13740458015267173	0.1174074074074074	0.9593724731585584	0.1801874925391119	2.667276E-4	0.12701305256401207	0.12268343560889784	0.16043758222346005	0.09812740725527755	0.39946751004056674	0.04973339127390248	0.0220820189	0.8958161814334206	.	.
col_ccp3_LN_PCsort_2_1_1_top162.clonotypes.IGHA	col_ccp3_PBMC_PCsort_1_1_1_top162.clonotypes.IGHA	162	162	6	6	524	6864	67	1564	0.9999999999999968	0.9999999999999989	0.12786259541984735	0.22785547785547788	0.9260964684292039	0.8406680016960502	2.286237E-4	0.17068741248033187	0.16375210573488125	0.1091838435308302	0.06715490368143405	0.4050624391715639	0.05039859732707201	0.0188679245	0.877713461171185	.	.
col_ccp3_LN_PCsort_2_1_1_top162.clonotypes.IGHA	col_ccp3_PBMC_PCsort_1_1_2_top162.clonotypes.IGHA	162	162	6	6	524	3101	70	486	0.9999999999999968	1.0000000000000009	0.13358778625954199	0.15672363753627863	0.9907786615962894	0.7941176470588236	2.286237E-4	0.1446940350982525	0.1432487577242127	0.11047843296706113	0.06703814794073304	0.4148723167070051	0.05608875233616817	0.0188679245	0.9889976585484558	.	.
col_ccp3_LN_PCsort_2_1_1_top162.clonotypes.IGHA	col_ccp3_tum_bulk_1_1_1_top162.clonotypes.IGHA	162	162	3	3	524	11986	7	213	0.9999999999999968	1.0000000000000007	0.013358778625954198	0.01777073252127482	0.026637480085716862	0.0	1.143118E-4	0.015407637124905144	0.015070051164726773	0.20701499914099802	0.10924500819461562	0.46751013734582186	0.10198169748763851	0.0093457944	0.8718332725224991	.	.
col_ccp3_LN_PCsort_2_1_1_top162.clonotypes.IGHA	col_ccp3_tum_bulk_1_2_1_top162.clonotypes.IGHA	162	162	4	4	524	2625	29	60	0.9999999999999968	1.0000000000000013	0.05534351145038168	0.02285714285714286	0.6664488099519105	0.8	1.524158E-4	0.03556676183513613	0.034833176647881575	0.16297926761329207	0.09532311000977894	0.48000156631631036	0.05485835023609043	0.0125	0.6398044937826766	.	.
col_ccp3_LN_PCsort_2_1_1_top162.clonotypes.IGHA	col_ccp3_tum_bulk_1_3_1_top162.clonotypes.IGHA	162	162	7	7	524	4100	32	222	0.9999999999999968	1.0000000000000007	0.06106870229007634	0.05414634146341463	-0.44469265269471525	-0.5929994533288809	2.667276E-4	0.05750345039148594	0.05317268537559902	0.16167391893270777	0.08640677870619497	0.4351305545826485	0.07678497000614945	0.0220820189	0.7199606811950992	.	.
col_ccp3_LN_PCsort_2_1_1_top162.clonotypes.IGHA	col_ccp3_tum_PCsort_1_1_1_top162.clonotypes.IGHA	162	162	5	5	524	2229	17	57	0.9999999999999968	0.9999999999999959	0.03244274809160305	0.02557200538358008	-0.820767734294955	-0.8157894736842105	1.905197E-4	0.028803231222496645	0.028142868499525183	0.15758243090942825	0.0825348331760417	0.36570859866681	0.07387803477915236	0.0156739812	0.8823866275839509	.	.
col_ccp3_LN_PCsort_2_1_1_top162.clonotypes.IGHA	col_ccp3_tum_PCsort_1_2_1_top162.clonotypes.IGHA	162	162	2	2	524	2456	7	16	0.9999999999999968	0.9999999999999949	0.013358778625954198	0.0065146579804560255	0.0	0.0	7.62079E-5	0.00932887312512706	0.0091465796620788	0.2648349166817738	0.13732731886887567	0.5091535111039417	0.08915045871200059	0.0062111801	0.7387552263003798	.	.
col_ccp3_LN_PCsort_2_1_1_top162.clonotypes.IGHA	col_ccp3_tum_PCsort_1_3_1_top162.clonotypes.IGHA	162	162	4	4	524	2653	21	166	0.9999999999999968	0.9999999999999996	0.04007633587786259	0.06257067470787787	0.6010180082493933	0.6324555320336759	1.524158E-4	0.050075976033397446	0.04839366787959009	0.158791055644199	0.09153112868981014	0.44431988774024084	0.026785007652826313	0.0125	0.8191051739900636	.	.
col_ccp3_LN_PCsort_3_1_1_top162.clonotypes.IGHA	col_ccp3_PBMC_bulk_1_1_1_top162.clonotypes.IGHA	162	162	5	5	235	3532	29	117	1.0000000000000009	0.9999999999999994	0.12340425531914895	0.03312570781426953	0.16513563393235933	0.1315789473684208	1.905197E-4	0.06393632226473184	0.052867599856916456	0.1827324803607346	0.11115803928048185	0.4064058646867969	0.06758120474022696	0.0156739812	0.21027653417839492	.	.
col_ccp3_LN_PCsort_3_1_1_top162.clonotypes.IGHA	col_ccp3_PBMC_bulk_1_1_2_top162.clonotypes.IGHA	162	162	2	2	235	2700	22	85	1.0000000000000009	1.0	0.09361702127659575	0.031481481481481485	0.0	0.0	7.62079E-5	0.05428814347231454	0.040820779357959525	0.23576886203641667	0.13762617608282587	0.4644965902200266	0.05128346670531466	0.0062111801	0.2527713405718808	.	.
col_ccp3_LN_PCsort_3_1_1_top162.clonotypes.IGHA	col_ccp3_PBMC_PCsort_1_1_1_top162.clonotypes.IGHA	162	162	3	3	235	6864	24	552	1.0000000000000009	0.9999999999999989	0.1021276595744681	0.08041958041958042	-0.12398672521833416	-0.5	1.143118E-4	0.09062595396580644	0.06666352953475796	0.14164462999173574	0.08056032481327047	0.39429600105189283	0.09374029155098483	0.0093457944	0.4234435529372314	.	.
col_ccp3_LN_PCsort_3_1_1_top162.clonotypes.IGHA	col_ccp3_PBMC_PCsort_1_1_2_top162.clonotypes.IGHA	162	162	3	3	235	3101	23	182	1.0000000000000009	1.0000000000000009	0.09787234042553193	0.05869074492099323	0.8796933295972453	0.8660254037844386	1.143118E-4	0.07579050446286467	0.06976651993625863	0.1447540494541482	0.07769873605121938	0.38752368066757564	0.056358370927546725	0.0093457944	0.6893679417558958	.	.
col_ccp3_LN_PCsort_3_1_1_top162.clonotypes.IGHA	col_ccp3_tum_bulk_1_1_1_top162.clonotypes.IGHA	162	162	1	1	235	11986	1	38	1.0000000000000009	1.0000000000000007	0.00425531914893617	0.003170365426330719	0.0	0.0	3.81039E-5	0.0036729983266794845	0.0036729983266794845	0.25996118914312594	0.15219927763600624	0.5301567190582726	0.15635790104071773	0.0030959752	0.9581971541570536	.	.
col_ccp3_LN_PCsort_3_1_1_top162.clonotypes.IGHA	col_ccp3_tum_bulk_1_2_1_top162.clonotypes.IGHA	162	162	2	2	235	2625	3	19	1.0000000000000009	1.0000000000000013	0.012765957446808512	0.007238095238095238	0.0	0.0	7.62079E-5	0.00961255511326053	0.009315629321852452	0.19376397702307221	0.11564863447572103	0.45825322701477594	0.08510605111071655	0.0062111801	0.7457227765993766	.	.
col_ccp3_LN_PCsort_3_1_1_top162.clonotypes.IGHA	col_ccp3_tum_bulk_1_3_1_top162.clonotypes.IGHA	162	162	3	3	235	4100	3	94	1.0000000000000009	1.0000000000000007	0.012765957446808512	0.022926829268292682	0.0	0.0	1.143118E-4	0.017107978455366032	0.016738279871613387	0.21037341893730258	0.11351833772552057	0.45762160399910007	0.10857600197086956	0.0093457944	0.745594618685308	.	.
col_ccp3_LN_PCsort_3_1_1_top162.clonotypes.IGHA	col_ccp3_tum_PCsort_1_1_1_top162.clonotypes.IGHA	162	162	1	1	235	2229	1	9	1.0000000000000009	0.9999999999999959	0.00425531914893617	0.004037685060565276	0.0	0.0	3.81039E-5	0.004145074010870845	0.004145074010870845	0.19643923985928713	0.11626396149711217	0.45085095213800414	0.1138707935030016	0.0030959752	0.9986235480051932	.	.
col_ccp3_LN_PCsort_3_1_1_top162.clonotypes.IGHA	col_ccp3_tum_PCsort_1_2_1_top162.clonotypes.IGHA	162	162	1	1	235	2456	1	7	1.0000000000000009	0.9999999999999949	0.00425531914893617	0.0028501628664495114	0.0	0.0	3.81039E-5	0.003482578444656977	0.003482578444656977	0.3564409637506972	0.19802697827158167	0.5774615848670558	0.1502718119340716	0.0030959752	0.9247283204857517	.	.
col_ccp3_LN_PCsort_3_1_1_top162.clonotypes.IGHA	col_ccp3_tum_PCsort_1_3_1_top162.clonotypes.IGHA	162	162	0	0	235	2653	0	0	1.0000000000000009	0.9999999999999996	0.0	0.0	0.0	0.0	0.0	0.0	0.0	0.16712741801273384	0.08946941876496976	0.4272039651303634	0.09381014324101236	0.0	NaN	.	.
col_ccp3_PBMC_bulk_1_1_1_top162.clonotypes.IGHA	col_ccp3_PBMC_bulk_1_1_2_top162.clonotypes.IGHA	162	162	30	30	3532	2700	1221	939	0.9999999999999994	1.0	0.3456964892412231	0.34777777777777774	0.781729009304479	0.5160967858358693	0.0011431184	0.3467355718900096	0.3326497843026515	0.10720519886994521	0.05400986031678585	0.2535028608540252	0.02636916589263714	0.1020408163	0.880618879546138	.	.
col_ccp3_PBMC_bulk_1_1_1_top162.clonotypes.IGHA	col_ccp3_PBMC_PCsort_1_1_1_top162.clonotypes.IGHA	162	162	33	33	3532	6864	1242	2866	0.9999999999999994	0.9999999999999989	0.35164212910532283	0.41754079254079257	0.6480912731643325	0.5268845403757143	0.0012574303	0.38317741749399614	0.3478398575149701	0.12698042907370025	0.07345388156207454	0.289543588850707	0.04804981450960585	0.1134020619	0.6934739965806558	.	.
col_ccp3_PBMC_bulk_1_1_1_top162.clonotypes.IGHA	col_ccp3_PBMC_PCsort_1_1_2_top162.clonotypes.IGHA	162	162	27	27	3532	3101	1113	1106	0.9999999999999994	1.0000000000000009	0.315118912797282	0.35665914221218953	0.611567598818789	0.4408338442673204	0.0010288066	0.33524623955104454	0.30395423674112865	0.19816313038955674	0.10508327495284715	0.3680626016586554	0.051850365005604776	0.0909090909	0.7290102232980339	.	.
col_ccp3_PBMC_bulk_1_1_1_top162.clonotypes.IGHA	col_ccp3_tum_bulk_1_1_1_top162.clonotypes.IGHA	162	162	5	5	3532	11986	130	428	0.9999999999999994	1.0000000000000007	0.036806342015855045	0.035708326380777575	-0.49994783490338	-0.7000000000000001	1.905197E-4	0.03625317742742943	0.03360199993041522	0.16718904301817303	0.09184906694969833	0.418631316641331	0.07466576884553014	0.0156739812	0.7307729949198571	.	.
col_ccp3_PBMC_bulk_1_1_1_top162.clonotypes.IGHA	col_ccp3_tum_bulk_1_2_1_top162.clonotypes.IGHA	162	162	7	7	3532	2625	253	132	0.9999999999999994	1.0000000000000013	0.0716308040770102	0.05028571428571428	0.5832060018683557	0.5714285714285714	2.667276E-4	0.06001671557051846	0.05668314542884616	0.16382510809874348	0.09088379947966872	0.38593971807586924	0.06340883756252087	0.0220820189	0.8303329520512945	.	.
col_ccp3_PBMC_bulk_1_1_1_top162.clonotypes.IGHA	col_ccp3_tum_bulk_1_3_1_top162.clonotypes.IGHA	162	162	10	10	3532	4100	217	305	0.9999999999999994	1.0000000000000007	0.06143827859569649	0.07439024390243903	0.19219904773280452	0.38532290269152236	3.810395E-4	0.06760479664698253	0.06479196792562525	0.1383222340954794	0.07969719506210056	0.3519170532918832	0.06120927781714728	0.0318471338	0.8117818190270211	.	.
col_ccp3_PBMC_bulk_1_1_1_top162.clonotypes.IGHA	col_ccp3_tum_PCsort_1_1_1_top162.clonotypes.IGHA	162	162	4	4	3532	2229	95	57	0.9999999999999994	0.9999999999999959	0.026896942242355604	0.02557200538358008	-0.26859155284173564	-0.4	1.524158E-4	0.02622610820963263	0.023476503974444812	0.1541168083080285	0.09315101361118623	0.3705988734813663	0.05580761702738707	0.0125	0.6245326556710439	.	.
col_ccp3_PBMC_bulk_1_1_1_top162.clonotypes.IGHA	col_ccp3_tum_PCsort_1_2_1_top162.clonotypes.IGHA	162	162	10	10	3532	2456	338	191	0.9999999999999994	0.9999999999999949	0.09569648924122309	0.07776872964169382	-0.2308973148147032	-0.009146341463410475	3.810395E-4	0.08626815402835475	0.07329575715986685	0.2505046139931544	0.13099275501279745	0.414255301719135	0.09549866499380226	0.0318471338	0.5381910755981534	.	.
col_ccp3_PBMC_bulk_1_1_1_top162.clonotypes.IGHA	col_ccp3_tum_PCsort_1_3_1_top162.clonotypes.IGHA	162	162	9	9	3532	2653	274	188	0.9999999999999994	0.9999999999999996	0.07757644394110985	0.07086317376554843	-0.13939830355923286	0.10302801669778618	3.429355E-4	0.07414386709035478	0.06013110613363744	0.21218723175478163	0.13388213355478068	0.4434912319137213	0.06810480677821915	0.0285714286	0.38756883106350226	.	.
col_ccp3_PBMC_bulk_1_1_2_top162.clonotypes.IGHA	col_ccp3_PBMC_PCsort_1_1_1_top162.clonotypes.IGHA	162	162	32	32	2700	6864	927	2921	1.0	0.9999999999999989	0.3433333333333333	0.425553613053613	0.8155612968035367	0.6361731562289347	0.0012193263	0.3822391142750052	0.36134208580347027	0.15740528068080123	0.08973352641162123	0.3206357721444436	0.03168015908534127	0.1095890411	0.7689739331321658	.	.
col_ccp3_PBMC_bulk_1_1_2_top162.clonotypes.IGHA	col_ccp3_PBMC_PCsort_1_1_2_top162.clonotypes.IGHA	162	162	28	28	2700	3101	880	975	1.0	1.0000000000000009	0.3259259259259259	0.31441470493389223	0.7938106563665598	0.6087259401148851	0.0010669105	0.32011857776503005	0.30117349432646334	0.20224276420563977	0.10653876286807334	0.3853482999020654	0.03551095113821267	0.0945945946	0.8256945475971553	.	.
col_ccp3_PBMC_bulk_1_1_2_top162.clonotypes.IGHA	col_ccp3_tum_bulk_1_1_1_top162.clonotypes.IGHA	162	162	5	5	2700	11986	94	433	1.0	1.0000000000000007	0.03481481481481481	0.0361254797263474	-0.2457406013683498	-0.30000000000000004	1.905197E-4	0.035464092921843236	0.033669199308628384	0.1614859064832455	0.08997048282758642	0.40351665600901615	0.08725678304556517	0.0156739812	0.8274545360398639	.	.
col_ccp3_PBMC_bulk_1_1_2_top162.clonotypes.IGHA	col_ccp3_tum_bulk_1_2_1_top162.clonotypes.IGHA	162	162	7	7	2700	2625	123	125	1.0	1.0000000000000013	0.04555555555555555	0.047619047619047616	0.9461676722537387	0.9274260335029675	2.667276E-4	0.04657587540038479	0.046122619157264566	0.14389959224308907	0.0808295064071969	0.43922436934018705	0.04543878536526284	0.0220820189	0.95245508214621	.	.
col_ccp3_PBMC_bulk_1_1_2_top162.clonotypes.IGHA	col_ccp3_tum_bulk_1_3_1_top162.clonotypes.IGHA	162	162	7	7	2700	4100	190	177	1.0	1.0000000000000007	0.07037037037037037	0.04317073170731708	0.2732983898926795	0.7748062179181807	2.667276E-4	0.055117514270908434	0.051032715338772246	0.10091589061032787	0.06179291091511196	0.34373105465975956	0.05622249669204846	0.0220820189	0.5493387465439156	.	.
col_ccp3_PBMC_bulk_1_1_2_top162.clonotypes.IGHA	col_ccp3_tum_PCsort_1_1_1_top162.clonotypes.IGHA	162	162	2	2	2700	2229	42	24	1.0	0.9999999999999959	0.015555555555555555	0.010767160161507403	0.0	0.0	7.62079E-5	0.01294176023838693	0.012666956029462422	0.17706493719171731	0.10558161349662835	0.40372736038298973	0.059212126484021625	0.0062111801	0.8420851590900776	.	.
col_ccp3_PBMC_bulk_1_1_2_top162.clonotypes.IGHA	col_ccp3_tum_PCsort_1_2_1_top162.clonotypes.IGHA	162	162	8	8	2700	2456	159	114	1.0	0.9999999999999949	0.058888888888888886	0.04641693811074919	-0.3262478557068992	-0.5301204819277106	3.048316E-4	0.05228232885943721	0.04550856821364929	0.2860458439410552	0.15075001984287537	0.5155044506049863	0.07938890871171528	0.0253164557	0.5658294116152293	.	.
col_ccp3_PBMC_bulk_1_1_2_top162.clonotypes.IGHA	col_ccp3_tum_PCsort_1_3_1_top162.clonotypes.IGHA	162	162	6	6	2700	2653	134	58	1.0	0.9999999999999996	0.04962962962962963	0.021862042970222387	-0.06057825328153842	-0.23190841426097938	2.286237E-4	0.03293941553153585	0.03198210228134739	0.2772762308750129	0.16532878995417483	0.5276875922801223	0.049755497192794484	0.0188679245	0.6298897647604509	.	.
col_ccp3_PBMC_PCsort_1_1_1_top162.clonotypes.IGHA	col_ccp3_PBMC_PCsort_1_1_2_top162.clonotypes.IGHA	162	162	38	38	6864	3101	3383	1346	0.9999999999999989	1.0000000000000009	0.4928613053613053	0.4340535311189937	0.8527805800479017	0.41627865816916493	0.00144795	0.46252371825020083	0.43417540343358774	0.08462941189421104	0.04739993184380366	0.2654139701320683	0.025150409363477254	0.1328671329	0.8815263694019262	.	.
col_ccp3_PBMC_PCsort_1_1_1_top162.clonotypes.IGHA	col_ccp3_tum_bulk_1_1_1_top162.clonotypes.IGHA	162	162	4	4	6864	11986	169	294	0.9999999999999989	1.0000000000000007	0.024621212121212124	0.02452861671950609	0.7502183247481327	0.2000000000000001	1.524158E-4	0.02457487080924068	0.024215321831525582	0.21760431545642736	0.12137098219468012	0.47466050724267095	0.09732917558329	0.0125	0.952416793304598	.	.
col_ccp3_PBMC_PCsort_1_1_1_top162.clonotypes.IGHA	col_ccp3_tum_bulk_1_2_1_top162.clonotypes.IGHA	162	162	5	5	6864	2625	439	117	0.9999999999999989	1.0000000000000013	0.06395687645687646	0.04457142857142857	0.6845970289606124	0.9	1.905197E-4	0.05339147263982658	0.05089744283426582	0.14967940781333644	0.089609470250743	0.4690539797488784	0.04709264393177614	0.0156739812	0.8206572862997963	.	.
col_ccp3_PBMC_PCsort_1_1_1_top162.clonotypes.IGHA	col_ccp3_tum_bulk_1_3_1_top162.clonotypes.IGHA	162	162	9	9	6864	4100	451	251	0.9999999999999989	1.0000000000000007	0.0657051282051282	0.061219512195121964	-0.07979258245999248	-0.22033898305084748	3.429355E-4	0.06342267652374739	0.05769543480596029	0.17256773608884016	0.09508795724864388	0.3868161047247784	0.03810315308460864	0.0285714286	0.690757676520165	.	.
col_ccp3_PBMC_PCsort_1_1_1_top162.clonotypes.IGHA	col_ccp3_tum_PCsort_1_1_1_top162.clonotypes.IGHA	162	162	6	6	6864	2229	208	67	0.9999999999999989	0.9999999999999959	0.030303030303030304	0.030058322117541496	0.6293899508738415	0.32366943748507476	2.286237E-4	0.030180428194213977	0.029411145974611624	0.13119110486723165	0.08045331361888619	0.37893718454654757	0.07850352477147564	0.0188679245	0.8915333395690267	.	.
col_ccp3_PBMC_PCsort_1_1_1_top162.clonotypes.IGHA	col_ccp3_tum_PCsort_1_2_1_top162.clonotypes.IGHA	162	162	6	6	6864	2456	362	171	0.9999999999999989	0.9999999999999949	0.052738927738927736	0.06962540716612378	-0.31796563502992575	0.0285714285714303	2.286237E-4	0.06059677645987139	0.04821874827539134	0.30940576246530177	0.1655184344630393	0.5285936823429611	0.10751184806419438	0.0188679245	0.4143654351780338	.	.
col_ccp3_PBMC_PCsort_1_1_1_top162.clonotypes.IGHA	col_ccp3_tum_PCsort_1_3_1_top162.clonotypes.IGHA	162	162	5	5	6864	2653	311	158	0.9999999999999989	0.9999999999999996	0.04530885780885781	0.059555220505088574	-0.17829208859526405	-0.2051956704170309	1.905197E-4	0.05194592397522862	0.039141444380570364	0.15953131119125832	0.10221936108105285	0.4260036463113123	0.024263529834294667	0.0156739812	0.3155266005183109	.	.
col_ccp3_PBMC_PCsort_1_1_2_top162.clonotypes.IGHA	col_ccp3_tum_bulk_1_1_1_top162.clonotypes.IGHA	162	162	4	4	3101	11986	60	565	1.0000000000000009	1.0000000000000007	0.019348597226701063	0.04713832804939096	0.29014105831210146	0.39999999999999997	1.524158E-4	0.0302003397889456	0.028734473381518078	0.2316332229382455	0.12675610591221562	0.5109120569569827	0.12947264623734459	0.0125	0.5631037440847395	.	.
col_ccp3_PBMC_PCsort_1_1_2_top162.clonotypes.IGHA	col_ccp3_tum_bulk_1_2_1_top162.clonotypes.IGHA	162	162	7	7	3101	2625	162	184	1.0000000000000009	1.0000000000000013	0.05224121251209287	0.0700952380952381	-0.21148376835416544	0.28829998806257867	2.667276E-4	0.06051330621788138	0.05381874142046866	0.16377464022845534	0.0937122654500998	0.520100284809043	0.0601362379316367	0.0220820189	0.6046456784931947	.	.
col_ccp3_PBMC_PCsort_1_1_2_top162.clonotypes.IGHA	col_ccp3_tum_bulk_1_3_1_top162.clonotypes.IGHA	162	162	8	8	3101	4100	166	226	1.0000000000000009	1.0000000000000007	0.053531118993872945	0.0551219512195122	-0.12042308912962645	-0.28917761562712807	3.048316E-4	0.05432071179491454	0.04955434912621969	0.2004379629124562	0.10748674717749399	0.43357905600689695	0.06416150465548827	0.0253164557	0.6891460609567638	.	.
col_ccp3_PBMC_PCsort_1_1_2_top162.clonotypes.IGHA	col_ccp3_tum_PCsort_1_1_1_top162.clonotypes.IGHA	162	162	5	5	3101	2229	84	84	1.0000000000000009	0.9999999999999959	0.027088036117381486	0.03768506056527591	0.9752904543105746	0.6668859288553503	1.905197E-4	0.03195018437627399	0.031285836093841814	0.17217865321032644	0.09826170230725915	0.4379101921533239	0.10286817692724018	0.0156739812	0.8160850439097043	.	.
col_ccp3_PBMC_PCsort_1_1_2_top162.clonotypes.IGHA	col_ccp3_tum_PCsort_1_2_1_top162.clonotypes.IGHA	162	162	7	7	3101	2456	108	236	1.0000000000000009	0.9999999999999949	0.034827475008061916	0.09609120521172639	0.10493712106707898	-0.2162249910469341	2.667276E-4	0.057849926949011345	0.05279962814476332	0.3044253265050424	0.16233520512170527	0.5173040383767336	0.09652919198782647	0.0220820189	0.44525362357451387	.	.
col_ccp3_PBMC_PCsort_1_1_2_top162.clonotypes.IGHA	col_ccp3_tum_PCsort_1_3_1_top162.clonotypes.IGHA	162	162	6	6	3101	2653	80	174	1.0000000000000009	0.9999999999999996	0.025798129635601415	0.06558612891066717	-0.40054114893639264	-0.347862621391469	2.286237E-4	0.04113392098906519	0.03417693401132431	0.14726009088646433	0.08500284717898195	0.4500126854118439	0.04213250835400812	0.0188679245	0.24109666134907096	.	.
col_ccp3_tum_bulk_1_1_1_top162.clonotypes.IGHA	col_ccp3_tum_bulk_1_2_1_top162.clonotypes.IGHA	162	162	8	8	11986	2625	776	165	1.0000000000000007	1.0000000000000013	0.06474219923243785	0.06285714285714286	0.17844667989551724	0.28743030285918214	3.048316E-4	0.06379270856484266	0.05757635219125177	0.15188515952467593	0.09022803352974956	0.41823170249703623	0.085450648043066	0.0253164557	0.7010288303643137	.	.
col_ccp3_tum_bulk_1_1_1_top162.clonotypes.IGHA	col_ccp3_tum_bulk_1_3_1_top162.clonotypes.IGHA	162	162	15	15	11986	4100	1942	469	1.0000000000000007	1.0000000000000007	0.16202235941932258	0.11439024390243904	-0.12596041822533824	0.00539083775539658	5.715592E-4	0.13613881596232924	0.10412812078230115	0.17365667165187956	0.09819609223665614	0.38110358880614564	0.04619502818481758	0.0485436893	0.21419905886426158	.	.
col_ccp3_tum_bulk_1_1_1_top162.clonotypes.IGHA	col_ccp3_tum_PCsort_1_1_1_top162.clonotypes.IGHA	162	162	65	65	11986	2229	7045	1167	1.0000000000000007	0.9999999999999959	0.5877690639078924	0.5235531628532977	0.8330731141877258	0.3907456298142288	0.0024767566	0.5547326855669307	0.5321449706144	0.10570847069381574	0.055611554830252624	0.24487044465762978	0.013612084394402885	0.250965251	0.8574151239345136	.	.
col_ccp3_tum_bulk_1_1_1_top162.clonotypes.IGHA	col_ccp3_tum_PCsort_1_2_1_top162.clonotypes.IGHA	162	162	7	7	11986	2456	641	778	1.0000000000000007	0.9999999999999949	0.0534790589020524	0.3167752442996743	-0.3146735510204526	-0.3243374865704012	2.667276E-4	0.1301569896264289	0.07620473043498678	0.2856285109714308	0.14442323583639394	0.4543600931048934	0.1539406290103265	0.0220820189	0.03967753512132613	.	.
col_ccp3_tum_bulk_1_1_1_top162.clonotypes.IGHA	col_ccp3_tum_PCsort_1_3_1_top162.clonotypes.IGHA	162	162	13	13	11986	2653	859	291	1.0000000000000007	0.9999999999999996	0.07166694476889705	0.10968714662646065	-0.27079312300147057	-0.4126384484606835	4.953513E-4	0.08866195733873954	0.07253833325126514	0.25116422664210725	0.14724550374649936	0.5293913492441401	0.10100835782153077	0.0418006431	0.33686790796605576	.	.
col_ccp3_tum_bulk_1_2_1_top162.clonotypes.IGHA	col_ccp3_tum_bulk_1_3_1_top162.clonotypes.IGHA	162	162	16	16	2625	4100	368	721	1.0000000000000013	1.0000000000000007	0.1401904761904762	0.17585365853658536	0.22085356984494997	0.47189400744707133	6.096632E-4	0.1570127642266109	0.14524209863148083	0.14057372603366733	0.07366435226178214	0.34899633721402956	0.06086031829197726	0.0519480519	0.6504466198519528	.	.
col_ccp3_tum_bulk_1_2_1_top162.clonotypes.IGHA	col_ccp3_tum_PCsort_1_1_1_top162.clonotypes.IGHA	162	162	4	4	2625	2229	95	55	1.0000000000000013	0.9999999999999959	0.036190476190476197	0.024674742036787798	0.5958923375817196	0.4	1.524158E-4	0.029882949389049784	0.028603248868421412	0.13423836634444875	0.08885868834554289	0.4342840986197025	0.06327763853276903	0.0125	0.7861024342999504	.	.
col_ccp3_tum_bulk_1_2_1_top162.clonotypes.IGHA	col_ccp3_tum_PCsort_1_2_1_top162.clonotypes.IGHA	162	162	13	13	2625	2456	289	885	1.0000000000000013	0.9999999999999949	0.1100952380952381	0.360342019543974	-0.2187653359203745	0.3902559770822026	4.953513E-4	0.1991781625515527	0.12444033908380128	0.2970946375240807	0.15989039803215313	0.4549960758506287	0.07469736482135149	0.0418006431	0.0554552656368677	.	.
col_ccp3_tum_bulk_1_2_1_top162.clonotypes.IGHA	col_ccp3_tum_PCsort_1_3_1_top162.clonotypes.IGHA	162	162	11	11	2625	2653	269	436	1.0000000000000013	0.9999999999999996	0.10247619047619048	0.16434225405201658	-0.11999904504508498	0.050458715596330035	4.191434E-4	0.12977352630456238	0.11000110558542821	0.2125203555132672	0.1315696007278427	0.4825105684934204	0.02870769944253939	0.03514377	0.5036990079076374	.	.
col_ccp3_tum_bulk_1_3_1_top162.clonotypes.IGHA	col_ccp3_tum_PCsort_1_1_1_top162.clonotypes.IGHA	162	162	14	14	4100	2229	308	281	1.0000000000000007	0.9999999999999959	0.0751219512195122	0.12606550022431584	-0.021848054394173266	0.19509779127667534	5.334553E-4	0.09731539630661974	0.08662073043880497	0.14543190377193368	0.08637280983553264	0.3433261602902518	0.05032424946305085	0.0451612903	0.38656585688844636	.	.
col_ccp3_tum_bulk_1_3_1_top162.clonotypes.IGHA	col_ccp3_tum_PCsort_1_2_1_top162.clonotypes.IGHA	162	162	7	7	4100	2456	286	254	1.0000000000000007	0.9999999999999949	0.06975609756097562	0.10342019543973943	0.05119793765615656	0.14285714285714304	2.667276E-4	0.08493638350477155	0.07859443246484252	0.2473040002081621	0.13181274320460706	0.44576983367664413	0.1425793947676855	0.0220820189	0.7199455404185859	.	.
col_ccp3_tum_bulk_1_3_1_top162.clonotypes.IGHA	col_ccp3_tum_PCsort_1_3_1_top162.clonotypes.IGHA	162	162	24	24	4100	2653	871	612	1.0000000000000007	0.9999999999999996	0.21243902439024392	0.2306822465133811	0.5914740099193945	0.19031007150095197	9.144947E-4	0.2213727882858515	0.20242701380431885	0.216214231511668	0.12226767468142116	0.39880615039039263	0.04625760969388571	0.08	0.7764617654052619	.	.
col_ccp3_tum_PCsort_1_1_1_top162.clonotypes.IGHA	col_ccp3_tum_PCsort_1_2_1_top162.clonotypes.IGHA	162	162	3	3	2229	2456	71	78	0.9999999999999959	0.9999999999999949	0.031852848811126065	0.03175895765472313	-0.5447047794019222	-0.5	1.143118E-4	0.03180586858702102	0.02673220035106929	0.247470643536246	0.1292233237243405	0.4524935018786917	0.13678387722384094	0.0093457944	0.5264634899572138	.	.
col_ccp3_tum_PCsort_1_1_1_top162.clonotypes.IGHA	col_ccp3_tum_PCsort_1_3_1_top162.clonotypes.IGHA	162	162	9	9	2229	2653	107	154	0.9999999999999959	0.9999999999999996	0.048003589053387176	0.058047493403693924	-0.19179253496819446	-0.4893109467944803	3.429355E-4	0.052787195596376645	0.047777243285832466	0.17834456786194539	0.10277528707138904	0.422328185415693	0.07610729555097329	0.0285714286	0.5762875131440549	.	.
col_ccp3_tum_PCsort_1_2_1_top162.clonotypes.IGHA	col_ccp3_tum_PCsort_1_3_1_top162.clonotypes.IGHA	162	162	10	10	2456	2653	291	247	0.9999999999999949	0.9999999999999996	0.11848534201954397	0.09310214851111949	0.6287166678138683	0.5122046439880474	3.810395E-4	0.10502970964967184	0.09647531099970745	0.32561709406055916	0.18576085373602616	0.5163945412466057	0.09133265407442558	0.0318471338	0.8049603448174815	.	.
