1_sample_id	2_sample_id	div1	div2	div12	div21	count1	count2	count12	count21	freq1	freq2	freq12	freq21	R	Rs	D	F	F2	vJSD	vjJSD	vj2JSD	sJSD	Jaccard	MorisitaHorn	1_metadata_blank	2_metadata_blank
col_ccp5_PBMC_bulk_1_1_1_top49.clonotypes.IGHA	col_ccp5_PBMC_bulk_1_1_2_top49.clonotypes.IGHA	49	49	12	12	2084	2382	629	1042	0.9999999999999999	0.9999999999999999	0.30182341650671785	0.4374475230898404	0.5821461352253826	-0.014035174116451176	0.0049979175	0.3633619489728898	0.34806017459993394	0.18493665063872167	0.10175606943049875	0.31880866968199173	0.05161262912179339	0.1395348837	0.8292456336116646	.	.
col_ccp5_PBMC_bulk_1_1_1_top49.clonotypes.IGHA	col_ccp5_tum_bulk_1_2_1_top49.clonotypes.IGHA	49	49	0	0	2084	857	0	0	0.9999999999999999	1.0000000000000004	0.0	0.0	0.0	0.0	0.0	0.0	0.0	0.5654619853054601	0.3513703052974824	0.8870852057328306	0.26013801334483805	0.0	NaN	.	.
col_ccp5_PBMC_bulk_1_1_1_top49.clonotypes.IGHA	col_ccp5_tum_bulk_1_2_2_top49.clonotypes.IGHA	49	49	0	0	2084	516	0	0	0.9999999999999999	1.0000000000000002	0.0	0.0	0.0	0.0	0.0	0.0	0.0	0.3642488621095501	0.2662183305814454	0.8039530160920321	0.21442210305073803	0.0	NaN	.	.
col_ccp5_PBMC_bulk_1_1_1_top49.clonotypes.IGHA	col_ccp5_tum_bulk_1_4_1_top49.clonotypes.IGHA	49	49	1	1	2084	3479	32	74	0.9999999999999999	0.9999999999999996	0.015355086372360844	0.021270480022995114	0.0	0.0	4.164931E-4	0.018072356181048056	0.018072356181048056	0.2389085758779464	0.14740422368008935	0.5602664075820708	0.09192736609680535	0.0103092784	0.9491553734195807	.	.
col_ccp5_PBMC_bulk_1_1_1_top49.clonotypes.IGHA	col_ccp5_tum_bulk_1_4_2_top49.clonotypes.IGHA	49	49	1	1	2084	2021	32	32	0.9999999999999999	1.0000000000000004	0.015355086372360844	0.01583374567046017	0.0	0.0	4.164931E-4	0.0155925794007249	0.0155925794007249	0.3304275819851569	0.202798726029267	0.5782352388104041	0.16413836430454454	0.0103092784	0.9995290416597002	.	.
col_ccp5_PBMC_bulk_1_1_1_top49.clonotypes.IGHA	col_ccp5_tum_bulk_1_5_1_top49.clonotypes.IGHA	49	34	0	0	2084	83	0	0	0.9999999999999999	1.0	0.0	0.0	0.0	0.0	0.0	0.0	0.0	0.31747714547570927	0.19177948263972777	0.6451084535633963	0.274360812500081	0.0	NaN	.	.
col_ccp5_PBMC_bulk_1_1_2_top49.clonotypes.IGHA	col_ccp5_tum_bulk_1_2_1_top49.clonotypes.IGHA	49	49	0	0	2382	857	0	0	0.9999999999999999	1.0000000000000004	0.0	0.0	0.0	0.0	0.0	0.0	0.0	0.5692182241487406	0.3423707026652612	0.8560645549198536	0.3406298578547972	0.0	NaN	.	.
col_ccp5_PBMC_bulk_1_1_2_top49.clonotypes.IGHA	col_ccp5_tum_bulk_1_2_2_top49.clonotypes.IGHA	49	49	0	0	2382	516	0	0	0.9999999999999999	1.0000000000000002	0.0	0.0	0.0	0.0	0.0	0.0	0.0	0.48057243933945715	0.3044282972472291	0.732169208586027	0.3488272848825123	0.0	NaN	.	.
col_ccp5_PBMC_bulk_1_1_2_top49.clonotypes.IGHA	col_ccp5_tum_bulk_1_4_1_top49.clonotypes.IGHA	49	49	1	1	2382	3479	61	99	0.9999999999999999	0.9999999999999996	0.025608732157850547	0.028456453003736705	0.0	0.0	4.164931E-4	0.026995067755705947	0.026995067755705947	0.26239220307462535	0.16929110339619488	0.5800291451654821	0.07293181307889794	0.0103092784	0.9944666744370928	.	.
col_ccp5_PBMC_bulk_1_1_2_top49.clonotypes.IGHA	col_ccp5_tum_bulk_1_4_2_top49.clonotypes.IGHA	49	49	1	1	2382	2021	61	35	0.9999999999999999	1.0000000000000004	0.025608732157850547	0.017318159327065808	0.0	0.0	4.164931E-4	0.021059347180618148	0.021059347180618148	0.355347472255336	0.2241347713858254	0.6066770713986852	0.17579616107319948	0.0103092784	0.928082304058504	.	.
col_ccp5_PBMC_bulk_1_1_2_top49.clonotypes.IGHA	col_ccp5_tum_bulk_1_5_1_top49.clonotypes.IGHA	49	34	2	2	2382	83	113	4	0.9999999999999999	1.0	0.04743912678421495	0.04819277108433735	0.0	0.0	0.0012004802	0.04781446410399815	0.047776474883895956	0.30863762205336137	0.18251511653973465	0.6036275518505337	0.18388008352335608	0.024691358	0.9967641428862503	.	.
col_ccp5_tum_bulk_1_2_1_top49.clonotypes.IGHA	col_ccp5_tum_bulk_1_2_2_top49.clonotypes.IGHA	49	49	16	16	857	516	685	366	1.0000000000000004	1.0000000000000002	0.7992998833138857	0.7093023255813954	0.7215195669018353	0.6808103556854654	0.00666389	0.7529576788050422	0.6543556999346934	0.2814605432827584	0.14798513841798944	0.35276822337422886	0.1707647852793645	0.1951219512	0.8131133626390624	.	.
col_ccp5_tum_bulk_1_2_1_top49.clonotypes.IGHA	col_ccp5_tum_bulk_1_4_1_top49.clonotypes.IGHA	49	49	1	1	857	3479	8	58	1.0000000000000004	0.9999999999999996	0.009334889148191364	0.016671457315320496	0.0	0.0	4.164931E-4	0.01247502328564243	0.01247502328564243	0.5187839572263604	0.30301495915476456	0.8553070417052885	0.298195300625664	0.0103092784	0.8525649727043051	.	.
col_ccp5_tum_bulk_1_2_1_top49.clonotypes.IGHA	col_ccp5_tum_bulk_1_4_2_top49.clonotypes.IGHA	49	49	0	0	857	2021	0	0	1.0000000000000004	1.0000000000000004	0.0	0.0	0.0	0.0	0.0	0.0	0.0	0.47044803228487936	0.2827916987895367	0.8747540355462731	0.20181507789806663	0.0	NaN	.	.
col_ccp5_tum_bulk_1_2_1_top49.clonotypes.IGHA	col_ccp5_tum_bulk_1_5_1_top49.clonotypes.IGHA	49	34	0	0	857	83	0	0	1.0000000000000004	1.0	0.0	0.0	0.0	0.0	0.0	0.0	0.0	0.5818805531360576	0.3544180291262173	0.8221118055328837	0.2980092146817368	0.0	NaN	.	.
col_ccp5_tum_bulk_1_2_2_top49.clonotypes.IGHA	col_ccp5_tum_bulk_1_4_1_top49.clonotypes.IGHA	49	49	1	1	516	3479	1	51	1.0000000000000002	0.9999999999999996	0.001937984496124031	0.01465938488071285	0.0	0.0	4.164931E-4	0.005330071352386995	0.005330071352386995	0.46633138212965936	0.27830120110536877	0.7689477773523081	0.2668647241039488	0.0103092784	0.2598602834396472	.	.
col_ccp5_tum_bulk_1_2_2_top49.clonotypes.IGHA	col_ccp5_tum_bulk_1_4_2_top49.clonotypes.IGHA	49	49	0	0	516	2021	0	0	1.0000000000000002	1.0000000000000004	0.0	0.0	0.0	0.0	0.0	0.0	0.0	0.4109601987483221	0.2516972240909176	0.7607624212231369	0.21948028977864895	0.0	NaN	.	.
col_ccp5_tum_bulk_1_2_2_top49.clonotypes.IGHA	col_ccp5_tum_bulk_1_5_1_top49.clonotypes.IGHA	49	34	2	2	516	83	7	3	1.0000000000000002	1.0	0.013565891472868217	0.03614457831325302	0.0	0.0	0.0012004802	0.022143473682558854	0.020469113010079983	0.45190954388765675	0.29036465031837744	0.6943520215397931	0.40962859711533395	0.024691358	0.5035096576818298	.	.
col_ccp5_tum_bulk_1_4_1_top49.clonotypes.IGHA	col_ccp5_tum_bulk_1_4_2_top49.clonotypes.IGHA	49	49	14	14	3479	2021	1352	766	0.9999999999999996	1.0000000000000004	0.38861741879850525	0.3790202869866403	0.8590119618387749	0.48017737627830614	0.0058309038	0.3837888554935081	0.3717532432840417	0.2013030960277818	0.10353892822810896	0.3433108366286742	0.0631133910271174	0.1666666667	0.8547820034847556	.	.
col_ccp5_tum_bulk_1_4_1_top49.clonotypes.IGHA	col_ccp5_tum_bulk_1_5_1_top49.clonotypes.IGHA	49	34	1	1	3479	83	99	2	0.9999999999999996	1.0	0.028456453003736705	0.024096385542168676	0.0	0.0	6.002401E-4	0.026185829426249675	0.026185829426249675	0.29479608101307647	0.1908532513880129	0.48921745125098753	0.16991918752680515	0.012195122	0.986327594301505	.	.
col_ccp5_tum_bulk_1_4_2_top49.clonotypes.IGHA	col_ccp5_tum_bulk_1_5_1_top49.clonotypes.IGHA	49	34	3	3	2021	83	112	4	1.0000000000000004	1.0	0.05541810984661058	0.04819277108433735	-0.4096440151864571	0.0	0.0018007203	0.05167932160704478	0.05067576807243862	0.30354257055784245	0.20531767190583652	0.49773287235664504	0.18605127171098568	0.0375	0.9192748031413283	.	.
