1_sample_id	2_sample_id	div1	div2	div12	div21	count1	count2	count12	count21	freq1	freq2	freq12	freq21	R	Rs	D	F	F2	vJSD	vjJSD	vj2JSD	sJSD	Jaccard	MorisitaHorn	1_metadata_blank	2_metadata_blank
col_ccp6_LN_bulk_1_1_1_top74.clonotypes.IGHA	col_ccp6_LN_bulk_1_1_2_top74.clonotypes.IGHA	74	74	42	42	622	1386	456	1005	1.000000000000001	1.0000000000000002	0.7331189710610934	0.7251082251082253	0.7762082665990371	0.6619926049794705	0.007669832	0.7291025962779709	0.7155077095590894	0.08404426390033712	0.05429025729934475	0.1651198526459221	0.044445691571295826	0.3962264151	0.9396965404603008	.	.
col_ccp6_LN_bulk_1_1_1_top74.clonotypes.IGHA	col_ccp6_LN_bulk_2_1_1_top74.clonotypes.IGHA	74	74	33	33	622	529	356	328	1.000000000000001	0.9999999999999987	0.5723472668810289	0.6200378071833648	0.5045990360146634	0.5508587748617159	0.0060262966	0.5957154893943125	0.5742318344153879	0.1261071607696745	0.0701574585311751	0.2262524779449902	0.059801446137411125	0.2869565217	0.8628992380281902	.	.
col_ccp6_LN_bulk_1_1_1_top74.clonotypes.IGHA	col_ccp6_LN_bulk_2_1_2_top74.clonotypes.IGHA	74	74	30	30	622	1129	333	715	1.000000000000001	1.0000000000000002	0.5353697749196141	0.633303808680248	0.14952073321995052	0.3203105751849466	0.0054784514	0.5822814761855977	0.548553267491079	0.16812827544654912	0.08979241995364425	0.28440642604340544	0.06596433943063172	0.2542372881	0.7766330430596946	.	.
col_ccp6_LN_bulk_1_1_1_top74.clonotypes.IGHA	col_ccp6_LN_bulk_3_1_1_top74.clonotypes.IGHA	74	74	19	19	622	379	186	183	1.000000000000001	1.0000000000000002	0.29903536977491957	0.482849604221636	0.5309169988824338	0.37575546678459015	0.0034696859	0.3799856707088972	0.36047072313571593	0.1720547742624954	0.0929463860265145	0.3151950023351685	0.10328495701837893	0.1472868217	0.7272028814885783	.	.
col_ccp6_LN_bulk_1_1_1_top74.clonotypes.IGHA	col_ccp6_LN_bulk_3_1_2_top74.clonotypes.IGHA	74	74	11	11	622	247	136	92	1.000000000000001	0.9999999999999981	0.21864951768488747	0.3724696356275304	0.37620177236395164	0.6451681408775529	0.0020087655	0.28537748015956915	0.26867898855564526	0.174733602817347	0.0935092355586317	0.33296995912547744	0.10914130261866534	0.0802919708	0.6301831846779409	.	.
col_ccp6_LN_bulk_1_1_1_top74.clonotypes.IGHA	col_ccp6_PBMC_bulk_1_1_1_top74.clonotypes.IGHA	74	74	4	4	622	1421	44	64	1.000000000000001	0.9999999999999997	0.0707395498392283	0.045038705137227304	0.8947924869885988	0.31622776601683794	7.304602E-4	0.056444820194143576	0.05582347850366531	0.2927322680911707	0.16461104741018748	0.5069148875492907	0.1520758158301523	0.0277777778	0.8623926910412518	.	.
col_ccp6_LN_bulk_1_1_1_top74.clonotypes.IGHA	col_ccp6_PBMC_bulk_1_1_2_top74.clonotypes.IGHA	74	74	4	4	622	696	62	25	1.000000000000001	1.0000000000000009	0.09967845659163987	0.035919540229885055	0.46745648209179946	0.7378647873726218	7.304602E-4	0.059836479939884994	0.057701936085385847	0.3403953835429475	0.18331598121563403	0.5491350696839757	0.10718198730836113	0.0277777778	0.5511882203574331	.	.
col_ccp6_LN_bulk_1_1_1_top74.clonotypes.IGHA	col_ccp6_tum_bulk_1_1_1_top74.clonotypes.IGHA	74	74	5	5	622	368	63	41	1.000000000000001	1.0	0.1012861736334405	0.11141304347826085	-0.7697458560042478	-0.9	9.130752E-4	0.10622900200401576	0.09543407657919743	0.1869553395455332	0.11729000724988833	0.37673683795497964	0.08353881585098867	0.034965035	0.6780405722386206	.	.
col_ccp6_LN_bulk_1_1_1_top74.clonotypes.IGHA	col_ccp6_tum_bulk_1_1_2_top74.clonotypes.IGHA	74	74	6	6	622	314	69	27	1.000000000000001	0.9999999999999999	0.11093247588424436	0.08598726114649681	-0.384561530113827	-0.14712247158412503	0.0010956903	0.09766667688360231	0.08895705444511534	0.19724258593704125	0.13055399193280698	0.41725020519818456	0.07662742756486199	0.0422535211	0.6825208635663325	.	.
col_ccp6_LN_bulk_1_1_1_top74.clonotypes.IGHA	col_ccp6_tum_bulk_1_2_1_top74.clonotypes.IGHA	74	74	2	2	622	321	30	19	1.000000000000001	1.0	0.04823151125401929	0.05919003115264797	0.0	0.0	3.652301E-4	0.05343055917417197	0.053211230406391294	0.22662612672183696	0.14791452889664863	0.5402385455651094	0.12704518307799836	0.0136986301	0.973216899859652	.	.
col_ccp6_LN_bulk_1_1_1_top74.clonotypes.IGHA	col_ccp6_tum_bulk_1_2_2_top74.clonotypes.IGHA	74	74	2	2	622	215	30	4	1.000000000000001	0.9999999999999992	0.04823151125401929	0.018604651162790697	0.0	0.0	3.652301E-4	0.029955474323322653	0.029524072346803872	0.19747781609851497	0.15369806469831063	0.5370659841939843	0.19769390292980413	0.0136986301	0.6123268496600907	.	.
col_ccp6_LN_bulk_1_1_1_top74.clonotypes.IGHA	col_ccp6_tum_bulk_1_3_1_top74.clonotypes.IGHA	74	74	1	1	622	2934	6	18	1.000000000000001	0.9999999999999988	0.00964630225080386	0.006134969325153374	0.0	0.0	1.82615E-4	0.007692838774460285	0.007692838774460285	0.2902327328966974	0.21427180580758978	0.5991842936371266	0.06740158101522636	0.0068027211	0.9056580177583506	.	.
col_ccp6_LN_bulk_1_1_1_top74.clonotypes.IGHA	col_ccp6_tum_bulk_1_3_2_top74.clonotypes.IGHA	74	74	3	3	622	1915	19	40	1.000000000000001	1.0	0.03054662379421222	0.020887728459530026	-0.8386278693775344	-0.5	5.478451E-4	0.025259643369788965	0.02495376459367348	0.26296541080019536	0.18294134034716633	0.5688834462738247	0.0822583180716515	0.0206896552	0.8843070829408857	.	.
col_ccp6_LN_bulk_1_1_2_top74.clonotypes.IGHA	col_ccp6_LN_bulk_2_1_1_top74.clonotypes.IGHA	74	74	39	39	1386	529	881	354	1.0000000000000002	0.9999999999999987	0.6356421356421355	0.6691871455576558	0.4310776506487626	0.6017366375766563	0.0071219869	0.652199008237925	0.624769127817962	0.08235767168340825	0.0517160584296384	0.2266934641247382	0.05457946130174476	0.3577981651	0.8281268202276841	.	.
col_ccp6_LN_bulk_1_1_2_top74.clonotypes.IGHA	col_ccp6_LN_bulk_2_1_2_top74.clonotypes.IGHA	74	74	32	32	1386	1129	777	719	1.0000000000000002	1.0000000000000002	0.5606060606060606	0.6368467670504872	0.21720334552582665	0.42440437680988213	0.0058436815	0.5975116377827959	0.5629550639663071	0.16154553623118365	0.09402672654815777	0.29156335062918504	0.043650781952959586	0.275862069	0.7708048628521106	.	.
col_ccp6_LN_bulk_1_1_2_top74.clonotypes.IGHA	col_ccp6_LN_bulk_3_1_1_top74.clonotypes.IGHA	74	74	18	18	1386	379	439	164	1.0000000000000002	1.0000000000000002	0.31673881673881676	0.43271767810026385	0.6450262820593935	0.549392575336305	0.0032870709	0.37021410743439503	0.3543799540355775	0.181099079396111	0.10012968390613464	0.3337137302919882	0.13000030810126506	0.1384615385	0.8050172142014425	.	.
col_ccp6_LN_bulk_1_1_2_top74.clonotypes.IGHA	col_ccp6_LN_bulk_3_1_2_top74.clonotypes.IGHA	74	74	14	14	1386	247	369	94	1.0000000000000002	0.9999999999999981	0.2662337662337662	0.38056680161943324	0.5299568232825104	0.8000323211102432	0.0025566107	0.3183076073528251	0.30258695426078985	0.18411168721452656	0.0989321818444301	0.32543939065775557	0.1440484043453829	0.1044776119	0.6924219191390107	.	.
col_ccp6_LN_bulk_1_1_2_top74.clonotypes.IGHA	col_ccp6_PBMC_bulk_1_1_1_top74.clonotypes.IGHA	74	74	4	4	1386	1421	94	68	1.0000000000000002	0.9999999999999997	0.06782106782106782	0.04785362420830401	0.8218178391921204	0.39999999999999997	7.304602E-4	0.056969148606199824	0.055597296549879584	0.2889199612884275	0.18189528342260775	0.5009631021142319	0.21133506062021568	0.0277777778	0.8419306559024992	.	.
col_ccp6_LN_bulk_1_1_2_top74.clonotypes.IGHA	col_ccp6_PBMC_bulk_1_1_2_top74.clonotypes.IGHA	74	74	6	6	1386	696	168	40	1.0000000000000002	1.0000000000000009	0.1212121212121212	0.05747126436781609	0.30106285377699865	-0.25	0.0010956903	0.08346384763935573	0.07833618844766077	0.33583568634100497	0.19328669762161085	0.527905433980332	0.17058572800177635	0.0422535211	0.5790259470258355	.	.
col_ccp6_LN_bulk_1_1_2_top74.clonotypes.IGHA	col_ccp6_tum_bulk_1_1_1_top74.clonotypes.IGHA	74	74	7	7	1386	368	149	48	1.0000000000000002	1.0	0.1075036075036075	0.13043478260869565	-0.40341769943972056	-0.18531232916527549	0.0012783053	0.11841541147326892	0.10094404557655903	0.21715803209158202	0.12544064607710775	0.4140068138795874	0.11013499646859265	0.0496453901	0.5386631525844563	.	.
col_ccp6_LN_bulk_1_1_2_top74.clonotypes.IGHA	col_ccp6_tum_bulk_1_1_2_top74.clonotypes.IGHA	74	74	7	7	1386	314	149	34	1.0000000000000002	0.9999999999999999	0.1075036075036075	0.10828025477707005	-0.5363672268351829	-0.4190666247677028	0.0012783053	0.10789123231266182	0.09161661035616783	0.22443773423024044	0.13353348233133205	0.50537712346193	0.08198077358398387	0.0496453901	0.5358010561562603	.	.
col_ccp6_LN_bulk_1_1_2_top74.clonotypes.IGHA	col_ccp6_tum_bulk_1_2_1_top74.clonotypes.IGHA	74	74	5	5	1386	321	103	23	1.0000000000000002	1.0	0.07431457431457432	0.07165109034267912	0.8548859286017289	0.9746794344808964	9.130752E-4	0.07297068094783894	0.07057247646541916	0.25556482809947845	0.14514167972078354	0.5215241956912515	0.12875320131178836	0.034965035	0.9373002094285249	.	.
col_ccp6_LN_bulk_1_1_2_top74.clonotypes.IGHA	col_ccp6_tum_bulk_1_2_2_top74.clonotypes.IGHA	74	74	3	3	1386	215	81	5	1.0000000000000002	0.9999999999999992	0.05844155844155845	0.023255813953488372	0.5806513267897975	0.8660254037844386	5.478451E-4	0.036866054986515726	0.03578779836343641	0.21386942586700913	0.1403587930781424	0.5103940157740384	0.17741720344800677	0.0206896552	0.5595836327171154	.	.
col_ccp6_LN_bulk_1_1_2_top74.clonotypes.IGHA	col_ccp6_tum_bulk_1_3_1_top74.clonotypes.IGHA	74	74	2	2	1386	2934	20	56	1.0000000000000002	0.9999999999999988	0.01443001443001443	0.0190865712338105	0.0	0.0	3.652301E-4	0.016595767482204125	0.016319850158346028	0.27887545255550666	0.19551586054578438	0.6147355620918727	0.0824458715894077	0.0136986301	0.8899011108443814	.	.
col_ccp6_LN_bulk_1_1_2_top74.clonotypes.IGHA	col_ccp6_tum_bulk_1_3_2_top74.clonotypes.IGHA	74	74	3	3	1386	1915	50	50	1.0000000000000002	1.0	0.03607503607503607	0.02610966057441253	-0.8141523424379785	-0.8660254037844386	5.478451E-4	0.030690502555821387	0.02822345488844225	0.2292861396231955	0.15422226961496016	0.602177025839971	0.11477658250145102	0.0206896552	0.6618962210726246	.	.
col_ccp6_LN_bulk_2_1_1_top74.clonotypes.IGHA	col_ccp6_LN_bulk_2_1_2_top74.clonotypes.IGHA	74	74	36	36	529	1129	339	752	0.9999999999999987	1.0000000000000002	0.6408317580340263	0.6660761736049603	0.7469830166601716	0.6796699479817921	0.0065741417	0.6533320482846712	0.6385587662969975	0.11566320868097625	0.062460740172801225	0.16935422689915794	0.040196209555191036	0.3214285714	0.9200153477465688	.	.
col_ccp6_LN_bulk_2_1_1_top74.clonotypes.IGHA	col_ccp6_LN_bulk_3_1_1_top74.clonotypes.IGHA	74	74	10	10	529	379	69	67	0.9999999999999987	1.0000000000000002	0.13043478260869568	0.17678100263852242	-0.018101899733929765	0.04347909956249483	0.0018261505	0.1518498984145295	0.14558292415152188	0.2697520389497234	0.14648868978174875	0.45913985180848	0.15716014813066773	0.0724637681	0.7860353700455852	.	.
col_ccp6_LN_bulk_2_1_1_top74.clonotypes.IGHA	col_ccp6_LN_bulk_3_1_2_top74.clonotypes.IGHA	74	74	7	7	529	247	47	35	0.9999999999999987	0.9999999999999981	0.0888468809073724	0.1417004048582996	0.42725063305778227	0.5796671338052434	0.0012783053	0.11220356052715884	0.10897710333370675	0.29395778400921563	0.16242003017643808	0.4740616987994411	0.17235865725696164	0.0496453901	0.7549502015762329	.	.
col_ccp6_LN_bulk_2_1_1_top74.clonotypes.IGHA	col_ccp6_PBMC_bulk_1_1_1_top74.clonotypes.IGHA	74	74	6	6	529	1421	61	265	0.9999999999999987	0.9999999999999997	0.11531190926275994	0.1864883884588318	-0.2980566566953136	-0.1851640199545105	0.0010956903	0.14664355467773937	0.1092104184554973	0.23183767397543412	0.15608948350162524	0.4573260456557249	0.21439955247112824	0.0422535211	0.26280343710307363	.	.
col_ccp6_LN_bulk_2_1_1_top74.clonotypes.IGHA	col_ccp6_PBMC_bulk_1_1_2_top74.clonotypes.IGHA	74	74	6	6	529	696	66	159	0.9999999999999987	1.0000000000000009	0.12476370510396977	0.22844827586206895	-0.4596118360749005	-0.6269355057278587	0.0010956903	0.16882551146424968	0.11438713117850535	0.2694729533214355	0.1670659961722849	0.4383384031374074	0.19410497481302896	0.0422535211	0.19146146581896054	.	.
col_ccp6_LN_bulk_2_1_1_top74.clonotypes.IGHA	col_ccp6_tum_bulk_1_1_1_top74.clonotypes.IGHA	74	74	5	5	529	368	50	35	0.9999999999999987	1.0	0.0945179584120983	0.09510869565217389	-0.15309310892394876	-0.09999999999999983	9.130752E-4	0.0948128669552877	0.08667651595583793	0.2083856601550558	0.13872509509413766	0.3759919335174006	0.11029848748638019	0.034965035	0.721853819917146	.	.
col_ccp6_LN_bulk_2_1_1_top74.clonotypes.IGHA	col_ccp6_tum_bulk_1_1_2_top74.clonotypes.IGHA	74	74	6	6	529	314	55	27	0.9999999999999987	0.9999999999999999	0.10396975425330814	0.08598726114649681	-0.27910968584007323	-0.16419739435729644	0.0010956903	0.0945519667183941	0.08599845192883318	0.24223706739786036	0.16408494559892267	0.4566085011544901	0.08279185785190041	0.0422535211	0.6942571471327532	.	.
col_ccp6_LN_bulk_2_1_1_top74.clonotypes.IGHA	col_ccp6_tum_bulk_1_2_1_top74.clonotypes.IGHA	74	74	3	3	529	321	19	20	0.9999999999999987	1.0	0.035916824196597356	0.062305295950155756	0.7313071356019152	0.8660254037844386	5.478451E-4	0.047305479187497015	0.0440514144745403	0.31222143571996425	0.1977367882088449	0.6317296758733316	0.1025002432440727	0.0206896552	0.6895702150768277	.	.
col_ccp6_LN_bulk_2_1_1_top74.clonotypes.IGHA	col_ccp6_tum_bulk_1_2_2_top74.clonotypes.IGHA	74	74	2	2	529	215	13	4	0.9999999999999987	0.9999999999999992	0.024574669187145556	0.018604651162790697	0.0	0.0	3.652301E-4	0.021382309222060754	0.02136646456909646	0.24119337530043344	0.18337691142720597	0.5920638034052476	0.16328122197644607	0.0136986301	0.9588782352627405	.	.
col_ccp6_LN_bulk_2_1_1_top74.clonotypes.IGHA	col_ccp6_tum_bulk_1_3_1_top74.clonotypes.IGHA	74	74	0	0	529	2934	0	0	0.9999999999999987	0.9999999999999988	0.0	0.0	0.0	0.0	0.0	0.0	0.0	0.20976458418366956	0.17664114871108821	0.4936678233317711	0.09241186245278268	0.0	NaN	.	.
col_ccp6_LN_bulk_2_1_1_top74.clonotypes.IGHA	col_ccp6_tum_bulk_1_3_2_top74.clonotypes.IGHA	74	74	1	1	529	1915	11	11	0.9999999999999987	1.0	0.020793950850661626	0.005744125326370757	0.0	0.0	1.82615E-4	0.010929000856281153	0.010929000856281153	0.19319693702964064	0.1488816695236552	0.5079287241476208	0.11391045348524874	0.0068027211	0.5133103930869157	.	.
col_ccp6_LN_bulk_2_1_2_top74.clonotypes.IGHA	col_ccp6_LN_bulk_3_1_1_top74.clonotypes.IGHA	74	74	7	7	1129	379	138	49	1.0000000000000002	1.0000000000000002	0.12223206377325067	0.12928759894459102	-0.18007719248442877	0.0	0.0012783053	0.12571034181516533	0.11727937417404423	0.29626573155877806	0.16566326723544236	0.4573308997428389	0.12743770294529216	0.0496453901	0.7668518108338341	.	.
col_ccp6_LN_bulk_2_1_2_top74.clonotypes.IGHA	col_ccp6_LN_bulk_3_1_2_top74.clonotypes.IGHA	74	74	4	4	1129	247	63	24	1.0000000000000002	0.9999999999999981	0.05580159433126661	0.097165991902834	0.9199076309783476	1.0	7.304602E-4	0.07363434839093151	0.07286318728705317	0.2869952183825786	0.15879948780980604	0.4611818616801809	0.14065095775321187	0.0277777778	0.7948350271277264	.	.
col_ccp6_LN_bulk_2_1_2_top74.clonotypes.IGHA	col_ccp6_PBMC_bulk_1_1_1_top74.clonotypes.IGHA	74	74	5	5	1129	1421	119	257	1.0000000000000002	0.9999999999999997	0.10540301151461472	0.18085855031667838	-0.5873959935263501	-0.7000000000000001	9.130752E-4	0.13806895328619456	0.10256482761047292	0.30057942171907126	0.1928511676805123	0.5069055906823918	0.19952576415946094	0.034965035	0.2522574783111837	.	.
col_ccp6_LN_bulk_2_1_2_top74.clonotypes.IGHA	col_ccp6_PBMC_bulk_1_1_2_top74.clonotypes.IGHA	74	74	8	8	1129	696	157	176	1.0000000000000002	1.0000000000000009	0.13906111603188664	0.2528735632183908	-0.3715348444573816	-0.43114545428877327	0.0014609204	0.18752301169752278	0.136205479687294	0.2890814013906102	0.17833945018882194	0.45840784296633236	0.1494068044314458	0.0571428571	0.20624085749156168	.	.
col_ccp6_LN_bulk_2_1_2_top74.clonotypes.IGHA	col_ccp6_tum_bulk_1_1_1_top74.clonotypes.IGHA	74	74	5	5	1129	368	128	41	1.0000000000000002	1.0	0.11337466784765278	0.11141304347826085	-0.7860789070544468	-0.9	9.130752E-4	0.11238957602128376	0.09975333514450616	0.24491202144802138	0.16324146043804427	0.43000731345782756	0.09521903333951559	0.034965035	0.6568611446194977	.	.
col_ccp6_LN_bulk_2_1_2_top74.clonotypes.IGHA	col_ccp6_tum_bulk_1_1_2_top74.clonotypes.IGHA	74	74	6	6	1129	314	137	27	1.0000000000000002	0.9999999999999999	0.12134632418069087	0.08598726114649681	-0.3367868371480476	-0.2648204488514248	0.0010956903	0.10214811827191202	0.09234024749559233	0.24723490796123904	0.17248288181431604	0.5085944790408556	0.08141669816790245	0.0422535211	0.6428361101484841	.	.
col_ccp6_LN_bulk_2_1_2_top74.clonotypes.IGHA	col_ccp6_tum_bulk_1_2_1_top74.clonotypes.IGHA	74	74	3	3	1129	321	39	17	1.0000000000000002	1.0	0.03454384410983171	0.0529595015576324	0.9371020324978518	0.5	5.478451E-4	0.04277177534240592	0.042072258538178774	0.3054875072530092	0.20223830619993427	0.6341102707410016	0.09996994375995741	0.0206896552	0.8473929885687427	.	.
col_ccp6_LN_bulk_2_1_2_top74.clonotypes.IGHA	col_ccp6_tum_bulk_1_2_2_top74.clonotypes.IGHA	74	74	3	3	1129	215	39	6	1.0000000000000002	0.9999999999999992	0.03454384410983171	0.027906976744186046	-0.14285714285714313	-0.5	5.478451E-4	0.031048578940554777	0.029516025372696576	0.2730933221729188	0.20073196523990067	0.6004152324263677	0.13452207628441057	0.0206896552	0.8053882313541528	.	.
col_ccp6_LN_bulk_2_1_2_top74.clonotypes.IGHA	col_ccp6_tum_bulk_1_3_1_top74.clonotypes.IGHA	74	74	3	3	1129	2934	31	155	1.0000000000000002	0.9999999999999988	0.02745792736935341	0.05282890252215406	-0.1908550612178628	-0.5	5.478451E-4	0.03808637772821087	0.03537982188942007	0.22725829436208675	0.17817726002194062	0.4868939851425019	0.11092853044372523	0.0206896552	0.562736178098923	.	.
col_ccp6_LN_bulk_2_1_2_top74.clonotypes.IGHA	col_ccp6_tum_bulk_1_3_2_top74.clonotypes.IGHA	74	74	3	3	1129	1915	52	79	1.0000000000000002	1.0	0.046058458813108945	0.041253263707571805	-0.5596400103773129	-0.5	5.478451E-4	0.04358969772069449	0.03644224226863861	0.21302850598914422	0.15614640625726203	0.517798600202957	0.12245900525916369	0.0206896552	0.5082052646112389	.	.
col_ccp6_LN_bulk_3_1_1_top74.clonotypes.IGHA	col_ccp6_LN_bulk_3_1_2_top74.clonotypes.IGHA	74	74	24	24	379	247	208	135	1.0000000000000002	0.9999999999999981	0.5488126649076517	0.5465587044534413	0.8619739761300941	0.7226669177243197	0.0043827611	0.5476845251781054	0.5353814436047463	0.08621737214454547	0.04977741948881691	0.15937852573146843	0.021537560415286996	0.1935483871	0.9299198854124686	.	.
col_ccp6_LN_bulk_3_1_1_top74.clonotypes.IGHA	col_ccp6_PBMC_bulk_1_1_1_top74.clonotypes.IGHA	74	74	1	1	379	1421	4	10	1.0000000000000002	0.9999999999999997	0.010554089709762533	0.007037297677691766	0.0	0.0	1.82615E-4	0.008618136167679322	0.008618136167679322	0.3311373617033074	0.18481213763849275	0.4636135971999011	0.27121545313580714	0.0068027211	0.9231393687464052	.	.
col_ccp6_LN_bulk_3_1_1_top74.clonotypes.IGHA	col_ccp6_PBMC_bulk_1_1_2_top74.clonotypes.IGHA	74	74	2	2	379	696	12	10	1.0000000000000002	1.0000000000000009	0.0316622691292876	0.014367816091954023	0.0	0.0	3.652301E-4	0.021328798838742828	0.020602037642065987	0.3875974192162438	0.20390956916488423	0.5330378424651939	0.18360370231581982	0.0136986301	0.623363487896393	.	.
col_ccp6_LN_bulk_3_1_1_top74.clonotypes.IGHA	col_ccp6_tum_bulk_1_1_1_top74.clonotypes.IGHA	74	74	3	3	379	368	21	19	1.0000000000000002	1.0	0.0554089709762533	0.05163043478260869	-0.4347082116705526	-0.5	5.478451E-4	0.05348634650413976	0.047779814736070944	0.26180211728341146	0.14957758284401584	0.423957185605954	0.12911149769264693	0.0206896552	0.6448019049029151	.	.
col_ccp6_LN_bulk_3_1_1_top74.clonotypes.IGHA	col_ccp6_tum_bulk_1_1_2_top74.clonotypes.IGHA	74	74	3	3	379	314	21	17	1.0000000000000002	0.9999999999999999	0.0554089709762533	0.054140127388535034	-0.996615895540124	-0.8660254037844386	5.478451E-4	0.05477087498955986	0.047409056621366935	0.2299272220875116	0.1408745028137977	0.4393279343720538	0.12819621330942535	0.0206896552	0.5828713202720729	.	.
col_ccp6_LN_bulk_3_1_1_top74.clonotypes.IGHA	col_ccp6_tum_bulk_1_2_1_top74.clonotypes.IGHA	74	74	1	1	379	321	14	11	1.0000000000000002	1.0	0.036939313984168866	0.03426791277258567	0.0	0.0	1.82615E-4	0.03557854956977101	0.03557854956977101	0.15326011254689195	0.10018979506320745	0.4424800419059347	0.18564188620586045	0.0068027211	0.9971890748914811	.	.
col_ccp6_LN_bulk_3_1_1_top74.clonotypes.IGHA	col_ccp6_tum_bulk_1_2_2_top74.clonotypes.IGHA	74	74	1	1	379	215	14	2	1.0000000000000002	0.9999999999999992	0.036939313984168866	0.009302325581395349	0.0	0.0	1.82615E-4	0.018537031192565032	0.018537031192565032	0.13539361892173102	0.11846092698029732	0.47994738791888947	0.20074059832387678	0.0068027211	0.4736190073675637	.	.
col_ccp6_LN_bulk_3_1_1_top74.clonotypes.IGHA	col_ccp6_tum_bulk_1_3_1_top74.clonotypes.IGHA	74	74	0	0	379	2934	0	0	1.0000000000000002	0.9999999999999988	0.0	0.0	0.0	0.0	0.0	0.0	0.0	0.3356572915515635	0.2527594690980951	0.5592497751556974	0.12243534565549727	0.0	NaN	.	.
col_ccp6_LN_bulk_3_1_1_top74.clonotypes.IGHA	col_ccp6_tum_bulk_1_3_2_top74.clonotypes.IGHA	74	74	2	2	379	1915	6	26	1.0000000000000002	1.0	0.0158311345646438	0.013577023498694517	0.0	0.0	3.652301E-4	0.014660821463859516	0.014617121382040917	0.2820270879027943	0.20405221489703712	0.5209780869147779	0.13945159093609413	0.0136986301	0.9785033313848962	.	.
col_ccp6_LN_bulk_3_1_2_top74.clonotypes.IGHA	col_ccp6_PBMC_bulk_1_1_1_top74.clonotypes.IGHA	74	74	2	2	247	1421	4	25	0.9999999999999981	0.9999999999999997	0.016194331983805668	0.017593244194229415	0.0	0.0	3.652301E-4	0.01687930203395605	0.016443237734267636	0.34657657147828164	0.19305190690099502	0.4749403778981459	0.27784677217130677	0.0136986301	0.9020417095377227	.	.
col_ccp6_LN_bulk_3_1_2_top74.clonotypes.IGHA	col_ccp6_PBMC_bulk_1_1_2_top74.clonotypes.IGHA	74	74	5	5	247	696	15	26	0.9999999999999981	1.0000000000000009	0.06072874493927125	0.03735632183908046	-0.13363062095621164	-0.18633899812498247	9.130752E-4	0.04762984926319677	0.045426810655754005	0.3774895286485931	0.20093338284160261	0.5095703835129424	0.19418881376209648	0.034965035	0.6634155494616112	.	.
col_ccp6_LN_bulk_3_1_2_top74.clonotypes.IGHA	col_ccp6_tum_bulk_1_1_1_top74.clonotypes.IGHA	74	74	3	3	247	368	15	23	0.9999999999999981	1.0	0.06072874493927125	0.0625	-0.3592106040535498	0.0	5.478451E-4	0.06160800726126802	0.05089035251901726	0.2804520558785334	0.15446145620305113	0.45236257286403525	0.11714161454591446	0.0206896552	0.4972215615706722	.	.
col_ccp6_LN_bulk_3_1_2_top74.clonotypes.IGHA	col_ccp6_tum_bulk_1_1_2_top74.clonotypes.IGHA	74	74	2	2	247	314	13	11	0.9999999999999981	0.9999999999999999	0.05263157894736842	0.03503184713375796	0.0	0.0	3.652301E-4	0.04293927605459277	0.03499041160750358	0.2195240200560759	0.1308470789949904	0.47878157725605164	0.13748517111643963	0.0136986301	0.45301066142127533	.	.
col_ccp6_LN_bulk_3_1_2_top74.clonotypes.IGHA	col_ccp6_tum_bulk_1_2_1_top74.clonotypes.IGHA	74	74	2	2	247	321	15	12	0.9999999999999981	1.0	0.06072874493927125	0.037383177570093455	0.0	0.0	3.652301E-4	0.047646966909486395	0.04616813800356102	0.18002673953988926	0.10671749265651827	0.4606377720731698	0.1824119311713571	0.0136986301	0.9193883128789041	.	.
col_ccp6_LN_bulk_3_1_2_top74.clonotypes.IGHA	col_ccp6_tum_bulk_1_2_2_top74.clonotypes.IGHA	74	74	1	1	247	215	11	2	0.9999999999999981	0.9999999999999992	0.044534412955465584	0.009302325581395349	0.0	0.0	1.82615E-4	0.020353712410468315	0.020353712410468315	0.15187337116382987	0.11139606806763885	0.450785129435674	0.19114464218554245	0.0068027211	0.4002939049667302	.	.
col_ccp6_LN_bulk_3_1_2_top74.clonotypes.IGHA	col_ccp6_tum_bulk_1_3_1_top74.clonotypes.IGHA	74	74	2	2	247	2934	6	59	0.9999999999999981	0.9999999999999988	0.024291497975708502	0.02010906612133606	0.0	0.0	3.652301E-4	0.022101568699525002	0.021006834472292284	0.3362062998960194	0.2390851731046904	0.5908312867809123	0.12408483265971436	0.0136986301	0.8075498795422217	.	.
col_ccp6_LN_bulk_3_1_2_top74.clonotypes.IGHA	col_ccp6_tum_bulk_1_3_2_top74.clonotypes.IGHA	74	74	2	2	247	1915	4	38	0.9999999999999981	1.0	0.016194331983805668	0.019843342036553524	0.0	0.0	3.652301E-4	0.017926228510430024	0.01782550573877299	0.2972643267649924	0.20217561381359989	0.5481111869870283	0.14319925178394968	0.0136986301	0.9543152296487222	.	.
col_ccp6_PBMC_bulk_1_1_1_top74.clonotypes.IGHA	col_ccp6_PBMC_bulk_1_1_2_top74.clonotypes.IGHA	74	74	29	29	1421	696	1077	488	0.9999999999999997	1.0000000000000009	0.7579169598874032	0.7011494252873562	0.9350147913602171	0.6486766871280792	0.0052958364	0.7289808233695815	0.7123517295153052	0.0694422428789546	0.03766210823199929	0.12019032886418728	0.026564770230514907	0.243697479	0.9319609839146066	.	.
col_ccp6_PBMC_bulk_1_1_1_top74.clonotypes.IGHA	col_ccp6_tum_bulk_1_1_1_top74.clonotypes.IGHA	74	74	1	1	1421	368	18	3	0.9999999999999997	1.0	0.012667135819845179	0.008152173913043478	0.0	0.0	1.82615E-4	0.01016192374422877	0.01016192374422877	0.2379738642546181	0.1347349752868792	0.3581545320340071	0.1076583637601105	0.0068027211	0.9101648341686603	.	.
col_ccp6_PBMC_bulk_1_1_1_top74.clonotypes.IGHA	col_ccp6_tum_bulk_1_1_2_top74.clonotypes.IGHA	74	74	1	1	1421	314	7	2	0.9999999999999997	0.9999999999999999	0.0049261083743842365	0.006369426751592357	0.0	0.0	1.82615E-4	0.0056014718120370914	0.0056014718120370914	0.25112344667192454	0.14676904523631898	0.43329697372441006	0.12328951145924537	0.0068027211	0.9678702663305901	.	.
col_ccp6_PBMC_bulk_1_1_1_top74.clonotypes.IGHA	col_ccp6_tum_bulk_1_2_1_top74.clonotypes.IGHA	74	74	1	1	1421	321	358	1	0.9999999999999997	1.0	0.25193525686136525	0.003115264797507788	0.0	0.0	1.82615E-4	0.028015085881561985	0.028015085881561985	0.360711776289093	0.2145933666500141	0.5825349329184356	0.19745854718112274	0.0068027211	0.024726896744441382	.	.
col_ccp6_PBMC_bulk_1_1_1_top74.clonotypes.IGHA	col_ccp6_tum_bulk_1_2_2_top74.clonotypes.IGHA	74	74	0	0	1421	215	0	0	0.9999999999999997	0.9999999999999992	0.0	0.0	0.0	0.0	0.0	0.0	0.0	0.2214056530373584	0.17037037486037934	0.5207553131259521	0.26395755706113894	0.0	NaN	.	.
col_ccp6_PBMC_bulk_1_1_1_top74.clonotypes.IGHA	col_ccp6_tum_bulk_1_3_1_top74.clonotypes.IGHA	74	74	1	1	1421	2934	18	38	0.9999999999999997	0.9999999999999988	0.012667135819845179	0.012951601908657124	0.0	0.0	1.82615E-4	0.012808579174191252	0.012808579174191252	0.19506722202114424	0.17714487521613967	0.47567324930861	0.1623246794450625	0.0068027211	0.9997534403524629	.	.
col_ccp6_PBMC_bulk_1_1_1_top74.clonotypes.IGHA	col_ccp6_tum_bulk_1_3_2_top74.clonotypes.IGHA	74	74	1	1	1421	1915	18	23	0.9999999999999997	1.0	0.012667135819845179	0.012010443864229765	0.0	0.0	1.82615E-4	0.01233442028166807	0.01233442028166807	0.19889770568619744	0.16075530374855695	0.4393460041734091	0.12044300429458255	0.0068027211	0.9985847250151869	.	.
col_ccp6_PBMC_bulk_1_1_2_top74.clonotypes.IGHA	col_ccp6_tum_bulk_1_1_1_top74.clonotypes.IGHA	74	74	1	1	696	368	6	3	1.0000000000000009	1.0	0.008620689655172414	0.008152173913043478	0.0	0.0	1.82615E-4	0.008383159387685548	0.008383159387685548	0.26974750559544897	0.14736227822345102	0.4026955807491533	0.08185451586877189	0.0068027211	0.9984407160232023	.	.
col_ccp6_PBMC_bulk_1_1_2_top74.clonotypes.IGHA	col_ccp6_tum_bulk_1_1_2_top74.clonotypes.IGHA	74	74	0	0	696	314	0	0	1.0000000000000009	0.9999999999999999	0.0	0.0	0.0	0.0	0.0	0.0	0.0	0.27122842211304093	0.15311444432233784	0.45649256948284567	0.09157984332479402	0.0	NaN	.	.
col_ccp6_PBMC_bulk_1_1_2_top74.clonotypes.IGHA	col_ccp6_tum_bulk_1_2_1_top74.clonotypes.IGHA	74	74	1	1	696	321	117	1	1.0000000000000009	1.0	0.16810344827586207	0.003115264797507788	0.0	0.0	1.82615E-4	0.02288420317060361	0.02288420317060361	0.39813257744556535	0.22523735934518213	0.6327041989702235	0.15212193509749294	0.0068027211	0.037050938873039806	.	.
col_ccp6_PBMC_bulk_1_1_2_top74.clonotypes.IGHA	col_ccp6_tum_bulk_1_2_2_top74.clonotypes.IGHA	74	74	1	1	696	215	17	1	1.0000000000000009	0.9999999999999992	0.02442528735632184	0.004651162790697674	0.0	0.0	1.82615E-4	0.010658610965028346	0.010658610965028346	0.22599844910763814	0.16442728155182795	0.5301389085077911	0.20338842436236276	0.0068027211	0.367521340972956	.	.
col_ccp6_PBMC_bulk_1_1_2_top74.clonotypes.IGHA	col_ccp6_tum_bulk_1_3_1_top74.clonotypes.IGHA	74	74	2	2	696	2934	23	59	1.0000000000000009	0.9999999999999988	0.033045977011494254	0.02010906612133606	0.0	0.0	3.652301E-4	0.025778357914504356	0.023788608158088403	0.16093614681575974	0.157714160801476	0.5196087416908449	0.13174075408172273	0.0136986301	0.6438474766194842	.	.
col_ccp6_PBMC_bulk_1_1_2_top74.clonotypes.IGHA	col_ccp6_tum_bulk_1_3_2_top74.clonotypes.IGHA	74	74	1	1	696	1915	6	23	1.0000000000000009	1.0	0.008620689655172414	0.012010443864229765	0.0	0.0	1.82615E-4	0.010175377593701107	0.010175377593701107	0.17852591642183718	0.1478426873042994	0.5227730306295902	0.09194266583618109	0.0068027211	0.9474283360850346	.	.
col_ccp6_tum_bulk_1_1_1_top74.clonotypes.IGHA	col_ccp6_tum_bulk_1_1_2_top74.clonotypes.IGHA	74	74	49	49	368	314	314	271	1.0	0.9999999999999999	0.8532608695652176	0.8630573248407643	0.66422624370899	0.5790654615530065	0.0089481373	0.8581451179598127	0.8265674875729887	0.056981369328048016	0.029558527714362678	0.14164613526515046	0.024338572413931246	0.4949494949	0.8575075805712173	.	.
col_ccp6_tum_bulk_1_1_1_top74.clonotypes.IGHA	col_ccp6_tum_bulk_1_2_1_top74.clonotypes.IGHA	74	74	2	2	368	321	13	12	1.0	1.0	0.035326086956521736	0.037383177570093455	0.0	0.0	3.652301E-4	0.03634007954796212	0.029807095996580078	0.32012154582900343	0.1683854202987641	0.5163261884780311	0.09069157465573013	0.0136986301	0.5793207845268658	.	.
col_ccp6_tum_bulk_1_1_1_top74.clonotypes.IGHA	col_ccp6_tum_bulk_1_2_2_top74.clonotypes.IGHA	74	74	1	1	368	215	5	2	1.0	0.9999999999999992	0.01358695652173913	0.009302325581395349	0.0	0.0	1.82615E-4	0.011242343760332197	0.011242343760332197	0.26019409200933147	0.15523419726164703	0.5027954352455606	0.14338484024649653	0.0068027211	0.9322927130460297	.	.
col_ccp6_tum_bulk_1_1_1_top74.clonotypes.IGHA	col_ccp6_tum_bulk_1_3_1_top74.clonotypes.IGHA	74	74	1	1	368	2934	3	38	1.0	0.9999999999999988	0.008152173913043478	0.012951601908657124	0.0	0.0	1.82615E-4	0.010275393482094919	0.010275393482094919	0.16210652832505684	0.1281286812856287	0.4735548628736319	0.06491380268162941	0.0068027211	0.9016468013876698	.	.
col_ccp6_tum_bulk_1_1_1_top74.clonotypes.IGHA	col_ccp6_tum_bulk_1_3_2_top74.clonotypes.IGHA	74	74	1	1	368	1915	3	23	1.0	1.0	0.008152173913043478	0.012010443864229765	0.0	0.0	1.82615E-4	0.009895010214954151	0.009895010214954151	0.1613345893312565	0.11243795837441511	0.4713519292174535	0.04886823940247945	0.0068027211	0.9293515316516793	.	.
col_ccp6_tum_bulk_1_1_2_top74.clonotypes.IGHA	col_ccp6_tum_bulk_1_2_1_top74.clonotypes.IGHA	74	74	3	3	314	321	11	13	0.9999999999999999	1.0	0.03503184713375796	0.040498442367601244	-0.1889822365046135	0.0	5.478451E-4	0.0376661020305674	0.029577589184962824	0.278211287404881	0.14892823290411017	0.5602591383271962	0.06142905583099864	0.0206896552	0.45395902294794666	.	.
col_ccp6_tum_bulk_1_1_2_top74.clonotypes.IGHA	col_ccp6_tum_bulk_1_2_2_top74.clonotypes.IGHA	74	74	1	1	314	215	3	2	0.9999999999999999	0.9999999999999992	0.009554140127388535	0.009302325581395349	0.0	0.0	1.82615E-4	0.009427392116340668	0.009427392116340668	0.22885949781173912	0.13838442578964374	0.5374608104357924	0.11522708555178014	0.0068027211	0.9996433899426093	.	.
col_ccp6_tum_bulk_1_1_2_top74.clonotypes.IGHA	col_ccp6_tum_bulk_1_3_1_top74.clonotypes.IGHA	74	74	0	0	314	2934	0	0	0.9999999999999999	0.9999999999999988	0.0	0.0	0.0	0.0	0.0	0.0	0.0	0.18523486785394155	0.1334303531372201	0.4915557991535194	0.04271462981271358	0.0	NaN	.	.
col_ccp6_tum_bulk_1_1_2_top74.clonotypes.IGHA	col_ccp6_tum_bulk_1_3_2_top74.clonotypes.IGHA	74	74	0	0	314	1915	0	0	0.9999999999999999	1.0	0.0	0.0	0.0	0.0	0.0	0.0	0.0	0.17404871799118785	0.11444680796677442	0.4865264684686833	0.04243732125419564	0.0	NaN	.	.
col_ccp6_tum_bulk_1_2_1_top74.clonotypes.IGHA	col_ccp6_tum_bulk_1_2_2_top74.clonotypes.IGHA	74	74	45	45	321	215	267	182	1.0	0.9999999999999992	0.8317757009345794	0.8465116279069764	0.63430448927432	0.4707411751016648	0.0082176771	0.8391113171990933	0.7784831352168469	0.14426671447927292	0.08252634234122692	0.20676867768004917	0.03582487277682748	0.4368932039	0.787015033686571	.	.
col_ccp6_tum_bulk_1_2_1_top74.clonotypes.IGHA	col_ccp6_tum_bulk_1_3_1_top74.clonotypes.IGHA	74	74	0	0	321	2934	0	0	1.0	0.9999999999999988	0.0	0.0	0.0	0.0	0.0	0.0	0.0	0.33054126466810513	0.23269593951582046	0.6225153540753555	0.13398354767661153	0.0	NaN	.	.
col_ccp6_tum_bulk_1_2_1_top74.clonotypes.IGHA	col_ccp6_tum_bulk_1_3_2_top74.clonotypes.IGHA	74	74	0	0	321	1915	0	0	1.0	1.0	0.0	0.0	0.0	0.0	0.0	0.0	0.0	0.2982522382201265	0.2008076835366543	0.5800262117806829	0.14460489810036536	0.0	NaN	.	.
col_ccp6_tum_bulk_1_2_2_top74.clonotypes.IGHA	col_ccp6_tum_bulk_1_3_1_top74.clonotypes.IGHA	74	74	1	1	215	2934	1	21	0.9999999999999992	0.9999999999999988	0.004651162790697674	0.007157464212678937	0.0	0.0	1.82615E-4	0.005769794729603688	0.005769794729603688	0.22934798048912589	0.17414601954926634	0.6013783031123958	0.20154236045217222	0.0068027211	0.9137891590555856	.	.
col_ccp6_tum_bulk_1_2_2_top74.clonotypes.IGHA	col_ccp6_tum_bulk_1_3_2_top74.clonotypes.IGHA	74	74	0	0	215	1915	0	0	0.9999999999999992	1.0	0.0	0.0	0.0	0.0	0.0	0.0	0.0	0.21513654987026423	0.1591696639839009	0.5689579139470928	0.20875436041432455	0.0	NaN	.	.
col_ccp6_tum_bulk_1_3_1_top74.clonotypes.IGHA	col_ccp6_tum_bulk_1_3_2_top74.clonotypes.IGHA	74	74	53	53	2934	1915	2539	1631	0.9999999999999988	1.0	0.865371506475801	0.8516971279373367	0.9923345747356038	0.8321497213755236	0.0096785975	0.8585070917961284	0.8532497598079472	0.03669639735629879	0.02113230237074255	0.08181639758670294	0.0182913403647246	0.5578947368	0.9929120943967485	.	.
