1_sample_id	2_sample_id	div1	div2	div12	div21	count1	count2	count12	count21	freq1	freq2	freq12	freq21	R	Rs	D	F	F2	vJSD	vjJSD	vj2JSD	sJSD	Jaccard	MorisitaHorn	1_metadata_blank	2_metadata_blank
col_ccp6_LN_bulk_1_1_1_top303.clonotypes.IGHG	col_ccp6_LN_bulk_1_1_2_top303.clonotypes.IGHG	303	303	226	226	10193	21444	9423	19855	0.9999999999999992	1.0000000000000007	0.9244579613460214	0.9259000186532367	0.9758148722437412	0.8636355021732725	0.0024616323	0.9251787090364836	0.9192933562583704	0.00800086017644844	0.004372307348969044	0.030812311357437724	0.00272597464419113	0.5947368421	0.9846218073382057	.	.
col_ccp6_LN_bulk_1_1_1_top303.clonotypes.IGHG	col_ccp6_LN_bulk_2_1_1_top303.clonotypes.IGHG	303	303	159	159	10193	8335	7609	6357	0.9999999999999992	1.0000000000000004	0.7464926910624936	0.7626874625074985	0.7927739647702424	0.6606343415587737	0.0017318564	0.7545466296570725	0.7305438383413706	0.0424648741277213	0.02462249744513248	0.09397013689459396	0.014237868208051207	0.355704698	0.8748250330601466	.	.
col_ccp6_LN_bulk_1_1_1_top303.clonotypes.IGHG	col_ccp6_LN_bulk_2_1_2_top303.clonotypes.IGHG	303	303	161	161	10193	14029	7694	10384	0.9999999999999992	0.9999999999999999	0.7548317472775433	0.7401810535319694	0.7267799382225034	0.5585560427782803	0.0017536407	0.7474705064009344	0.7130493287578392	0.02986144395199516	0.016570593429525445	0.09874928167055035	0.014115037214516258	0.3617977528	0.8280054388236331	.	.
col_ccp6_LN_bulk_1_1_1_top303.clonotypes.IGHG	col_ccp6_LN_bulk_3_1_1_top303.clonotypes.IGHG	303	303	105	105	10193	5725	4012	3247	0.9999999999999992	1.0000000000000016	0.3936034533503385	0.5671615720524021	0.45933441304905737	0.35749686173515405	0.0011436787	0.4724793681923395	0.4300448725089749	0.07767237991003838	0.045692210372638056	0.16552077172010218	0.06363714029254133	0.2095808383	0.6238654573167866	.	.
col_ccp6_LN_bulk_1_1_1_top303.clonotypes.IGHG	col_ccp6_LN_bulk_3_1_2_top303.clonotypes.IGHG	303	303	90	90	10193	2294	3696	1238	0.9999999999999992	0.9999999999999966	0.36260178553909556	0.5396687009590238	0.3052308639758199	0.4123060959851614	9.80296E-4	0.4423627861465137	0.3979944746588289	0.07265989848676431	0.04330335276087602	0.16792712625694742	0.051000053163187356	0.1744186047	0.5690176221955258	.	.
col_ccp6_LN_bulk_1_1_1_top303.clonotypes.IGHG	col_ccp6_PBMC_bulk_1_1_1_top303.clonotypes.IGHG	303	303	20	20	10193	1330	822	144	0.9999999999999992	1.0000000000000033	0.0806435789267144	0.10827067669172932	0.13053333975243062	-0.005738817522625703	2.178436E-4	0.09344161204323398	0.07857848932678588	0.19783206245093662	0.10999031011780809	0.33957533690884856	0.12444664508827509	0.0341296928	0.5158072577671887	.	.
col_ccp6_LN_bulk_1_1_1_top303.clonotypes.IGHG	col_ccp6_PBMC_bulk_1_1_2_top303.clonotypes.IGHG	303	303	19	19	10193	945	1349	91	0.9999999999999992	0.9999999999999994	0.1323457274600216	0.09629629629629628	-0.07264188202564616	-0.1571400131157054	2.069514E-4	0.11289111295863424	0.08368696447368643	0.16973046802552919	0.08871536630783683	0.339827673949442	0.10086439166643654	0.0323679727	0.27819653831108687	.	.
col_ccp6_LN_bulk_1_1_1_top303.clonotypes.IGHG	col_ccp6_tum_bulk_1_1_1_top303.clonotypes.IGHG	303	303	18	18	10193	2362	901	213	0.9999999999999992	1.0000000000000016	0.08839399587952516	0.0901778154106689	-0.2132404949234708	-0.056006473119334974	1.960592E-4	0.08928145072653808	0.058627769385250564	0.16547931020068446	0.08737197609961304	0.3081983474799126	0.13123442908629787	0.0306122449	0.15066346065693978	.	.
col_ccp6_LN_bulk_1_1_1_top303.clonotypes.IGHG	col_ccp6_tum_bulk_1_1_2_top303.clonotypes.IGHG	303	303	19	19	10193	2206	787	221	0.9999999999999992	1.0000000000000038	0.07720984989698812	0.10018132366273798	-0.09491078117881194	0.24522022663610318	2.069514E-4	0.0879487632800006	0.06011110499140968	0.16572534308824896	0.0873216207486194	0.30975617717779225	0.13943927362692873	0.0323679727	0.1594509024928183	.	.
col_ccp6_LN_bulk_1_1_1_top303.clonotypes.IGHG	col_ccp6_tum_bulk_1_2_1_top303.clonotypes.IGHG	303	303	21	21	10193	1626	863	126	0.9999999999999992	0.999999999999997	0.08466594721867947	0.07749077490774907	0.36772925058290745	-0.055298493792858235	2.287357E-4	0.08099894973562345	0.06631551203601313	0.20324585774468787	0.11407148110685886	0.3991261063484087	0.11675226727440244	0.0358974359	0.558911006695123	.	.
col_ccp6_LN_bulk_1_1_1_top303.clonotypes.IGHG	col_ccp6_tum_bulk_1_2_2_top303.clonotypes.IGHG	303	303	16	16	10193	1289	753	106	0.9999999999999992	1.0000000000000064	0.07387422741096832	0.08223429014740109	0.12776257590211135	-0.05118835215420793	1.742749E-4	0.07794225202884927	0.0656596408163305	0.17027321994911798	0.09796805105685076	0.37935073768402583	0.11177780730219962	0.0271186441	0.5964848245223521	.	.
col_ccp6_LN_bulk_1_1_1_top303.clonotypes.IGHG	col_ccp6_tum_bulk_1_3_1_top303.clonotypes.IGHG	303	303	27	27	10193	2305	1308	362	0.9999999999999992	0.9999999999999959	0.12832335916805648	0.15704989154013016	-0.11383059693892869	-0.05499391384468593	2.940888E-4	0.14196185980540138	0.1116710212821029	0.13790464111321082	0.08233191948222127	0.3079731006064748	0.06384417546633304	0.0466321244	0.45344535050777424	.	.
col_ccp6_LN_bulk_1_1_1_top303.clonotypes.IGHG	col_ccp6_tum_bulk_1_3_2_top303.clonotypes.IGHG	303	303	25	25	10193	1541	1012	244	0.9999999999999992	0.9999999999999993	0.0992838222309428	0.15833874107722257	0.05335899678049499	0.18746451539071973	2.723045E-4	0.12538132006555938	0.10755032692814863	0.12913040032915227	0.07736243547145619	0.3105121907565097	0.07207924536519628	0.0430292599	0.5083482797740119	.	.
col_ccp6_LN_bulk_1_1_2_top303.clonotypes.IGHG	col_ccp6_LN_bulk_2_1_1_top303.clonotypes.IGHG	303	303	160	160	21444	8335	16179	6393	1.0000000000000007	1.0000000000000004	0.7544767767207612	0.7670065986802642	0.7931001627802292	0.6176146101034655	0.0017427485	0.7607158906555326	0.7359204403274364	0.04482193043913793	0.024833805882332277	0.0960980630094408	0.017186166784045973	0.3587443946	0.8837902425940435	.	.
col_ccp6_LN_bulk_1_1_2_top303.clonotypes.IGHG	col_ccp6_LN_bulk_2_1_2_top303.clonotypes.IGHG	303	303	162	162	21444	14029	16316	10465	1.0000000000000007	0.9999999999999999	0.7608655101660137	0.7459548078979257	0.714456188972052	0.5031761751644349	0.0017645329	0.7533732710098268	0.7168859493759466	0.03692895915318	0.019668624720265673	0.10004095322871727	0.014895089804549407	0.3648648649	0.8353945204687588	.	.
col_ccp6_LN_bulk_1_1_2_top303.clonotypes.IGHG	col_ccp6_LN_bulk_3_1_1_top303.clonotypes.IGHG	303	303	102	102	21444	5725	8264	3299	1.0000000000000007	1.0000000000000016	0.38537586271218044	0.5762445414847164	0.40874525498720415	0.22127899776188184	0.0011110022	0.4712438193842519	0.42748050429210555	0.06936466534648617	0.041478279599194735	0.15119831514350052	0.06548716955509874	0.2023809524	0.6067989107925648	.	.
col_ccp6_LN_bulk_1_1_2_top303.clonotypes.IGHG	col_ccp6_LN_bulk_3_1_2_top303.clonotypes.IGHG	303	303	90	90	21444	2294	7686	1244	1.0000000000000007	0.9999999999999966	0.35842193620593166	0.5422842197035748	0.3028377751566988	0.37587400285728517	9.80296E-4	0.4408702303400379	0.39624307510506507	0.06612156796584802	0.040142294174620584	0.16338793693278553	0.05424413959304181	0.1744186047	0.5667476264481163	.	.
col_ccp6_LN_bulk_1_1_2_top303.clonotypes.IGHG	col_ccp6_PBMC_bulk_1_1_1_top303.clonotypes.IGHG	303	303	19	19	21444	1330	1635	142	1.0000000000000007	1.0000000000000033	0.07624510352546165	0.10676691729323308	0.13997281562198685	0.03957643396715459	2.069514E-4	0.09022446820079882	0.07704482874147055	0.19576852953232793	0.11061189741229167	0.346920335706033	0.12922324019624454	0.0323679727	0.5189730597139801	.	.
col_ccp6_LN_bulk_1_1_2_top303.clonotypes.IGHG	col_ccp6_PBMC_bulk_1_1_2_top303.clonotypes.IGHG	303	303	21	21	21444	945	2792	106	1.0000000000000007	0.9999999999999994	0.13019958962880057	0.11216931216931215	-0.10858032976798916	-0.3380235847735064	2.287357E-4	0.12084865912946352	0.08872219068806018	0.16356135878922948	0.0866333242145623	0.3380588426585439	0.10171835898921547	0.0358974359	0.2866673520439119	.	.
col_ccp6_LN_bulk_1_1_2_top303.clonotypes.IGHG	col_ccp6_tum_bulk_1_1_1_top303.clonotypes.IGHG	303	303	20	20	21444	2362	1989	111	1.0000000000000007	1.0000000000000016	0.09275321768326807	0.046994072819644364	0.21606777174805916	-0.05743399381362876	2.178436E-4	0.06602159848158651	0.05867921654226646	0.1543963512411161	0.08228978097004358	0.29843650846909553	0.14054482090831294	0.0341296928	0.5732965774226287	.	.
col_ccp6_LN_bulk_1_1_2_top303.clonotypes.IGHG	col_ccp6_tum_bulk_1_1_2_top303.clonotypes.IGHG	303	303	21	21	21444	2206	1740	109	1.0000000000000007	1.0000000000000038	0.08114157806379407	0.04941069809610154	0.561577422211247	0.18630122975630797	2.287357E-4	0.06331873353717196	0.05780406377677077	0.15765085043827917	0.08439402101017181	0.3091156923969923	0.15046831825599447	0.0358974359	0.7351515374762505	.	.
col_ccp6_LN_bulk_1_1_2_top303.clonotypes.IGHG	col_ccp6_tum_bulk_1_2_1_top303.clonotypes.IGHG	303	303	22	22	21444	1626	1790	141	1.0000000000000007	0.999999999999997	0.08347323260585712	0.08671586715867159	0.45209408479321705	-0.17445944472466215	2.396279E-4	0.08507910289815238	0.0700210084606717	0.18754902188805905	0.10541923830970303	0.3802353916134561	0.12483485393300178	0.0376712329	0.6090424126813131	.	.
col_ccp6_LN_bulk_1_1_2_top303.clonotypes.IGHG	col_ccp6_tum_bulk_1_2_2_top303.clonotypes.IGHG	303	303	18	18	21444	1289	1652	123	1.0000000000000007	1.0000000000000064	0.0770378660697631	0.09542280837858806	0.09256076374227434	-0.10977955695306561	1.960592E-4	0.08573896157448103	0.07038451125063433	0.15435537533453242	0.089537619474735	0.36467782756989503	0.11758217196519034	0.0306122449	0.5714519255334496	.	.
col_ccp6_LN_bulk_1_1_2_top303.clonotypes.IGHG	col_ccp6_tum_bulk_1_3_1_top303.clonotypes.IGHG	303	303	27	27	21444	2305	2959	402	1.0000000000000007	0.9999999999999959	0.1379873157992912	0.17440347071583517	-0.2487951818118519	-0.21777870105580044	2.940888E-4	0.15513048311069744	0.11708441726338382	0.13830936564000954	0.0794792776905052	0.3065969307343379	0.0626237725493324	0.0466321244	0.3841940040597442	.	.
col_ccp6_LN_bulk_1_1_2_top303.clonotypes.IGHG	col_ccp6_tum_bulk_1_3_2_top303.clonotypes.IGHG	303	303	23	23	21444	1541	2088	251	1.0000000000000007	0.9999999999999993	0.09736989367655288	0.1628812459441921	-0.09696012292804802	-0.10215735695372641	2.505201E-4	0.12593541836786998	0.1066017450627515	0.13147688229861978	0.07636604825311448	0.31205149344514116	0.07163290424072546	0.0394511149	0.4757508865894568	.	.
col_ccp6_LN_bulk_2_1_1_top303.clonotypes.IGHG	col_ccp6_LN_bulk_2_1_2_top303.clonotypes.IGHG	303	303	197	197	8335	14029	7048	11738	1.0000000000000004	0.9999999999999999	0.8455908818236353	0.8366954166369662	0.8355989581464383	0.668812871331194	0.0021457591	0.8411313899575061	0.8180718184241977	0.039901272539595536	0.021715530892492285	0.08232612329091928	0.011455453714923031	0.4816625917	0.9137314026109873	.	.
col_ccp6_LN_bulk_2_1_1_top303.clonotypes.IGHG	col_ccp6_LN_bulk_3_1_1_top303.clonotypes.IGHG	303	303	68	68	8335	5725	2709	1346	1.0000000000000004	1.0000000000000016	0.3250149970005999	0.23510917030567707	0.4408059897783022	0.2802441577114279	7.406681E-4	0.2764308345349939	0.25292387306611097	0.09558302987606652	0.05752301433888332	0.2181651942254402	0.06880112226005636	0.126394052	0.7041471889419741	.	.
col_ccp6_LN_bulk_2_1_1_top303.clonotypes.IGHG	col_ccp6_LN_bulk_3_1_2_top303.clonotypes.IGHG	303	303	53	53	8335	2294	2289	470	1.0000000000000004	0.9999999999999966	0.27462507498500294	0.20488230165649526	0.3673080692492533	0.5150450894432622	5.772855E-4	0.2372041682928759	0.2151643363069437	0.08849315356467927	0.05393817913546529	0.22742412621338814	0.051760412001671426	0.095840868	0.6495751961399503	.	.
col_ccp6_LN_bulk_2_1_1_top303.clonotypes.IGHG	col_ccp6_PBMC_bulk_1_1_1_top303.clonotypes.IGHG	303	303	17	17	8335	1330	638	106	1.0000000000000004	1.0000000000000033	0.07654469106178764	0.07969924812030073	-0.094003683096154	-0.024286647264912486	1.85167E-4	0.07810604538206488	0.06344013028430873	0.15291730453670263	0.09591457746333709	0.3129264820817589	0.08890511739714924	0.0288624788	0.3923659444138597	.	.
col_ccp6_LN_bulk_2_1_1_top303.clonotypes.IGHG	col_ccp6_PBMC_bulk_1_1_2_top303.clonotypes.IGHG	303	303	16	16	8335	945	868	73	1.0000000000000004	0.9999999999999994	0.10413917216556688	0.07724867724867725	-0.391741733541816	-0.4256221423512199	1.742749E-4	0.08969176829320687	0.06453465329638355	0.1088206865508699	0.06625676226986468	0.29288877295343346	0.07919831358417523	0.0271186441	0.2802615834583555	.	.
col_ccp6_LN_bulk_2_1_1_top303.clonotypes.IGHG	col_ccp6_tum_bulk_1_1_1_top303.clonotypes.IGHG	303	303	32	32	8335	2362	1144	492	1.0000000000000004	1.0000000000000016	0.137252549490102	0.20829805249788316	-0.20065799217493985	-0.19313660564502316	3.485497E-4	0.1690841174065665	0.11760682399740528	0.11953523886972765	0.063613733772967	0.24140159789289004	0.10410086762874397	0.0557491289	0.20077513107418024	.	.
col_ccp6_LN_bulk_2_1_1_top303.clonotypes.IGHG	col_ccp6_tum_bulk_1_1_2_top303.clonotypes.IGHG	303	303	30	30	8335	2206	1045	486	1.0000000000000004	1.0000000000000038	0.12537492501499703	0.22030825022665454	-0.15777729073048746	-0.22230363708848921	3.267653E-4	0.16619605997842432	0.11544160181741595	0.12170802521893104	0.0656800698648401	0.2418204377028284	0.10951612553909201	0.0520833333	0.19181496345158955	.	.
col_ccp6_LN_bulk_2_1_1_top303.clonotypes.IGHG	col_ccp6_tum_bulk_1_2_1_top303.clonotypes.IGHG	303	303	22	22	8335	1626	841	144	1.0000000000000004	0.999999999999997	0.1008998200359928	0.08856088560885608	0.3844206471947738	0.14160288597838722	2.396279E-4	0.09452924108529447	0.07856415505660892	0.18994326307560822	0.10583474723757248	0.3448017914281502	0.0928540790758797	0.0376712329	0.6076437534669556	.	.
col_ccp6_LN_bulk_2_1_1_top303.clonotypes.IGHG	col_ccp6_tum_bulk_1_2_2_top303.clonotypes.IGHG	303	303	21	21	8335	1289	838	113	1.0000000000000004	1.0000000000000064	0.10053989202159569	0.08766485647788985	0.33767304317841557	0.1851027533991891	2.287357E-4	0.09388192160568364	0.08135730776031545	0.16393980600065136	0.0921359534104853	0.3194233476424286	0.08471838006928813	0.0358974359	0.6703937781082189	.	.
col_ccp6_LN_bulk_2_1_1_top303.clonotypes.IGHG	col_ccp6_tum_bulk_1_3_1_top303.clonotypes.IGHG	303	303	35	35	8335	2305	1479	523	1.0000000000000004	0.9999999999999959	0.1774445110977805	0.22689804772234276	-0.16074992770465385	0.03723740612015243	3.812262E-4	0.20065346532550088	0.15480603039791743	0.1032024771666218	0.06323260894843356	0.2508535349334824	0.04794418228691512	0.061295972	0.3700403922665654	.	.
col_ccp6_LN_bulk_2_1_1_top303.clonotypes.IGHG	col_ccp6_tum_bulk_1_3_2_top303.clonotypes.IGHG	303	303	33	33	8335	1541	1215	333	1.0000000000000004	0.9999999999999993	0.14577084583083383	0.21609344581440623	2.972028349391499E-4	0.23424169755461746	3.594419E-4	0.17748274387913168	0.1481621515835554	0.10494640093894626	0.06417433232708375	0.25776424707167456	0.052250841416705315	0.057591623	0.4586249454983131	.	.
col_ccp6_LN_bulk_2_1_2_top303.clonotypes.IGHG	col_ccp6_LN_bulk_3_1_1_top303.clonotypes.IGHG	303	303	64	64	14029	5725	4296	1467	0.9999999999999999	1.0000000000000016	0.3062228241499751	0.25624454148471637	0.2759799695611274	0.08453206752553591	6.970994E-4	0.2801212722491194	0.24578701285710128	0.08818559619951141	0.04792549254690594	0.22556540338030803	0.07823959383558665	0.1180811808	0.6267211111773952	.	.
col_ccp6_LN_bulk_2_1_2_top303.clonotypes.IGHG	col_ccp6_LN_bulk_3_1_2_top303.clonotypes.IGHG	303	303	54	54	14029	2294	3499	548	0.9999999999999999	0.9999999999999966	0.24941193242568965	0.2388840453356583	0.27590401176775686	0.13230470331064534	5.881776E-4	0.24409123575588	0.21405181823002112	0.081522632072215	0.04502530596967011	0.24277490828120576	0.06402282538249256	0.097826087	0.6168455649397689	.	.
col_ccp6_LN_bulk_2_1_2_top303.clonotypes.IGHG	col_ccp6_PBMC_bulk_1_1_1_top303.clonotypes.IGHG	303	303	17	17	14029	1330	1027	109	0.9999999999999999	1.0000000000000033	0.07320550288687719	0.08195488721804509	-0.11871824679174077	-0.2231324049009509	1.85167E-4	0.07745675395234616	0.06201429444124907	0.19413702752668527	0.11182982557904546	0.3726327112738965	0.10890078125499843	0.0288624788	0.38028690020960415	.	.
col_ccp6_LN_bulk_2_1_2_top303.clonotypes.IGHG	col_ccp6_PBMC_bulk_1_1_2_top303.clonotypes.IGHG	303	303	16	16	14029	945	1307	66	0.9999999999999999	0.9999999999999994	0.09316415995438021	0.06984126984126984	-0.35267176126566196	-0.4789547995759863	1.742749E-4	0.0806641384687712	0.05955476338481119	0.15350873428116843	0.08482229729429545	0.3313469728016486	0.09646607157625892	0.0271186441	0.3033571224002642	.	.
col_ccp6_LN_bulk_2_1_2_top303.clonotypes.IGHG	col_ccp6_tum_bulk_1_1_1_top303.clonotypes.IGHG	303	303	27	27	14029	2362	1881	386	0.9999999999999999	1.0000000000000016	0.1340794069427614	0.16342082980524983	-0.1985780650130936	-0.2455338602223686	2.940888E-4	0.14802488960435622	0.09841203391659917	0.1429852751317438	0.07452518773059395	0.2726432970473885	0.12260773127918215	0.0466321244	0.1914356430488189	.	.
col_ccp6_LN_bulk_2_1_2_top303.clonotypes.IGHG	col_ccp6_tum_bulk_1_1_2_top303.clonotypes.IGHG	303	303	26	26	14029	2206	1606	368	0.9999999999999999	1.0000000000000038	0.1144771544657495	0.1668177697189483	-0.11344301181119462	-0.015043761648856804	2.831966E-4	0.1381912572912913	0.09366836616733887	0.1506606550082356	0.07932836111643389	0.2756485370944019	0.13129380436905036	0.0448275862	0.1912595500715323	.	.
col_ccp6_LN_bulk_2_1_2_top303.clonotypes.IGHG	col_ccp6_tum_bulk_1_2_1_top303.clonotypes.IGHG	303	303	23	23	14029	1626	1483	165	0.9999999999999999	0.999999999999997	0.10570960153966784	0.10147601476014761	0.3885374553955322	0.037518775805696056	2.505201E-4	0.10357117883913776	0.0870746518149243	0.20641085018854313	0.10962703335744595	0.37261422579061065	0.10379412234859393	0.0394511149	0.6273196226600513	.	.
col_ccp6_LN_bulk_2_1_2_top303.clonotypes.IGHG	col_ccp6_tum_bulk_1_2_2_top303.clonotypes.IGHG	303	303	22	22	14029	1289	1461	122	0.9999999999999999	1.0000000000000064	0.10414142134150688	0.09464701318851824	0.3688220067954006	0.10956168253183507	2.396279E-4	0.099280786052391	0.08741769114494799	0.16659968704213257	0.0896939070712656	0.3383432416360727	0.09062822931981514	0.0376712329	0.7008728616921688	.	.
col_ccp6_LN_bulk_2_1_2_top303.clonotypes.IGHG	col_ccp6_tum_bulk_1_3_1_top303.clonotypes.IGHG	303	303	34	34	14029	2305	2211	510	0.9999999999999999	0.9999999999999959	0.15760210991517568	0.2212581344902387	0.023723551822472093	0.18290448902149753	3.703341E-4	0.18673711155407038	0.15148695924911137	0.1278283098829965	0.07638755889933901	0.2788722475975766	0.045592736120978944	0.0594405594	0.44098887420203287	.	.
col_ccp6_LN_bulk_2_1_2_top303.clonotypes.IGHG	col_ccp6_tum_bulk_1_3_2_top303.clonotypes.IGHG	303	303	34	34	14029	1541	2062	336	0.9999999999999999	0.9999999999999993	0.14698125311854016	0.218040233614536	0.11623346202006955	0.22487990314670905	3.703341E-4	0.1790190681657229	0.1514982665282423	0.11400771776851555	0.06967569372070549	0.2787994021386955	0.0508338863736632	0.0594405594	0.507356724585601	.	.
col_ccp6_LN_bulk_3_1_1_top303.clonotypes.IGHG	col_ccp6_LN_bulk_3_1_2_top303.clonotypes.IGHG	303	303	196	196	5725	2294	4801	1891	1.0000000000000016	0.9999999999999966	0.838602620087337	0.824324324324324	0.9559714828801825	0.7426280324378113	0.002134867	0.8314328224096652	0.8205982747223386	0.020016965068507316	0.010286493010620353	0.0638058450608898	0.005490660533946031	0.4780487805	0.9746523514139931	.	.
col_ccp6_LN_bulk_3_1_1_top303.clonotypes.IGHG	col_ccp6_PBMC_bulk_1_1_1_top303.clonotypes.IGHG	303	303	14	14	5725	1330	543	77	1.0000000000000016	1.0000000000000033	0.09484716157205238	0.05789473684210526	0.9226696019359666	0.1432117803920665	1.524905E-4	0.0741023040089484	0.06960431105455307	0.19375948169934581	0.1079838584622909	0.35346099585404644	0.13088929937917132	0.0236486486	0.7399128015969486	.	.
col_ccp6_LN_bulk_3_1_1_top303.clonotypes.IGHG	col_ccp6_PBMC_bulk_1_1_2_top303.clonotypes.IGHG	303	303	11	11	5725	945	464	58	1.0000000000000016	0.9999999999999994	0.0810480349344978	0.06137566137566137	0.8047164492066228	0.28473442817778144	1.19814E-4	0.07052926163871638	0.06411309823972751	0.1663060590940213	0.0925295476128538	0.36502300591130316	0.0882886709764342	0.018487395	0.7462143012214209	.	.
col_ccp6_LN_bulk_3_1_1_top303.clonotypes.IGHG	col_ccp6_tum_bulk_1_1_1_top303.clonotypes.IGHG	303	303	27	27	5725	2362	529	218	1.0000000000000016	1.0000000000000016	0.09240174672489082	0.0922946655376799	0.044987895273080135	0.06066923527013039	2.940888E-4	0.09234819061070557	0.07762500977712276	0.14081856385944755	0.07617150986367335	0.28395951040558676	0.11316263618135888	0.0466321244	0.4397467583324165	.	.
col_ccp6_LN_bulk_3_1_1_top303.clonotypes.IGHG	col_ccp6_tum_bulk_1_1_2_top303.clonotypes.IGHG	303	303	27	27	5725	2206	612	233	1.0000000000000016	1.0000000000000038	0.10689956331877727	0.10562103354487759	0.03459343543817253	0.04800955989388575	2.940888E-4	0.1062583754968301	0.08473770254375164	0.1460400923156742	0.08077809680364316	0.2917581016417631	0.11410312408567722	0.0466321244	0.389291481533971	.	.
col_ccp6_LN_bulk_3_1_1_top303.clonotypes.IGHG	col_ccp6_tum_bulk_1_2_1_top303.clonotypes.IGHG	303	303	20	20	5725	1626	749	126	1.0000000000000016	0.999999999999997	0.1308296943231441	0.07749077490774908	0.16812122609946784	0.2623183929499055	2.178436E-4	0.10068810453099401	0.0809792060938832	0.15146221621602426	0.0794559057295498	0.36872578718585486	0.10872051030693329	0.0341296928	0.44403000446043794	.	.
col_ccp6_LN_bulk_3_1_1_top303.clonotypes.IGHG	col_ccp6_tum_bulk_1_2_2_top303.clonotypes.IGHG	303	303	15	15	5725	1289	598	103	1.0000000000000016	1.0000000000000064	0.10445414847161572	0.07990690457719161	-0.007668567255630911	0.17902467896801172	1.633827E-4	0.09135977054816416	0.0762521123082101	0.12097241061948574	0.06431534798452353	0.34523454761330824	0.10564885112427	0.0253807107	0.4827507496874425	.	.
col_ccp6_LN_bulk_3_1_1_top303.clonotypes.IGHG	col_ccp6_tum_bulk_1_3_1_top303.clonotypes.IGHG	303	303	26	26	5725	2305	508	348	1.0000000000000016	0.9999999999999959	0.08873362445414845	0.15097613882863342	-0.35184599199409433	-0.4527797630724393	2.831966E-4	0.11574394154493503	0.09318363687200677	0.10755710891828604	0.07001463777701286	0.327758755233027	0.06866120156747327	0.0448275862	0.3856449462302095	.	.
col_ccp6_LN_bulk_3_1_1_top303.clonotypes.IGHG	col_ccp6_tum_bulk_1_3_2_top303.clonotypes.IGHG	303	303	25	25	5725	1541	421	221	1.0000000000000016	0.9999999999999993	0.07353711790393011	0.14341336794289425	-0.23121122889917467	-0.3458326869806064	2.723045E-4	0.10269472112731172	0.08963743754319942	0.099959099250207	0.06536548559024566	0.33607950994146596	0.08563107927388997	0.0430292599	0.4901879114372668	.	.
col_ccp6_LN_bulk_3_1_2_top303.clonotypes.IGHG	col_ccp6_PBMC_bulk_1_1_1_top303.clonotypes.IGHG	303	303	10	10	2294	1330	193	62	0.9999999999999966	1.0000000000000033	0.0841325196163906	0.04661654135338346	0.9650905396093218	0.3772681915342961	1.089218E-4	0.06262561041508352	0.061062883664216264	0.198162208762191	0.10803534963314745	0.35252892280467973	0.11030733639664123	0.0167785235	0.7715182450046439	.	.
col_ccp6_LN_bulk_3_1_2_top303.clonotypes.IGHG	col_ccp6_PBMC_bulk_1_1_2_top303.clonotypes.IGHG	303	303	9	9	2294	945	181	54	0.9999999999999966	0.9999999999999994	0.07890148212728858	0.05714285714285714	0.7867583277235559	0.19578900207451214	9.80296E-5	0.06714652724869208	0.06091649442418452	0.17138241635339194	0.09461439887353741	0.36922619699642834	0.07239597887133567	0.0150753769	0.752561926786943	.	.
col_ccp6_LN_bulk_3_1_2_top303.clonotypes.IGHG	col_ccp6_tum_bulk_1_1_1_top303.clonotypes.IGHG	303	303	23	23	2294	2362	194	185	0.9999999999999966	1.0000000000000016	0.08456843940714907	0.07832345469940726	-0.04978104153799004	-0.13450389353804593	2.505201E-4	0.08138606964896024	0.06791139290426125	0.1455089748866913	0.07729980859857695	0.290035162483362	0.10038018938848567	0.0394511149	0.4009083093507878	.	.
col_ccp6_LN_bulk_3_1_2_top303.clonotypes.IGHG	col_ccp6_tum_bulk_1_1_2_top303.clonotypes.IGHG	303	303	22	22	2294	2206	211	191	0.9999999999999966	1.0000000000000038	0.0919790758500436	0.08658204895738893	-0.021557357098181833	0.06166829338322438	2.396279E-4	0.08923977167330642	0.06941573717063924	0.1549685067420324	0.08396739131006561	0.2994167605173813	0.10291360198624674	0.0376712329	0.3422915877989764	.	.
col_ccp6_LN_bulk_3_1_2_top303.clonotypes.IGHG	col_ccp6_tum_bulk_1_2_1_top303.clonotypes.IGHG	303	303	17	17	2294	1626	268	117	0.9999999999999966	0.999999999999997	0.11682650392327812	0.07195571955719557	0.10481478866680675	0.1533348818341567	1.85167E-4	0.09168606847908252	0.07129432630057884	0.18155771864570877	0.09454893100772362	0.37988230510686766	0.09889050184980687	0.0288624788	0.4132073851837517	.	.
col_ccp6_LN_bulk_3_1_2_top303.clonotypes.IGHG	col_ccp6_tum_bulk_1_2_2_top303.clonotypes.IGHG	303	303	13	13	2294	1289	209	96	0.9999999999999966	1.0000000000000064	0.09110723626852658	0.07447633824670287	-0.07649708774842486	-0.03207813440683452	1.415983E-4	0.08237313485024751	0.0673872574959214	0.14070234208959642	0.07408062829433373	0.3581124153622594	0.09788211010554797	0.0219224283	0.4569051383868347	.	.
col_ccp6_LN_bulk_3_1_2_top303.clonotypes.IGHG	col_ccp6_tum_bulk_1_3_1_top303.clonotypes.IGHG	303	303	24	24	2294	2305	182	245	0.9999999999999966	0.9999999999999959	0.07933740191804707	0.10629067245119307	-0.19854456703272536	0.03480967353536179	2.614123E-4	0.09183041870970533	0.0777459019176215	0.11233636026201972	0.07168272018446928	0.3251628916796076	0.05706531570188101	0.0412371134	0.4943136760009402	.	.
col_ccp6_LN_bulk_3_1_2_top303.clonotypes.IGHG	col_ccp6_tum_bulk_1_3_2_top303.clonotypes.IGHG	303	303	21	21	2294	1541	155	153	0.9999999999999966	0.9999999999999993	0.06756756756756756	0.09928617780661908	-0.05684643603886834	-0.021052631578946962	2.287357E-4	0.08190558911011056	0.07326822989758662	0.10552218176583684	0.06669256947276779	0.33306726852730884	0.07354563976695426	0.0358974359	0.6321491207089666	.	.
col_ccp6_PBMC_bulk_1_1_1_top303.clonotypes.IGHG	col_ccp6_PBMC_bulk_1_1_2_top303.clonotypes.IGHG	303	303	64	64	1330	945	667	468	1.0000000000000033	0.9999999999999994	0.5015037593984962	0.4952380952380952	0.9021662712813822	0.6687789458857334	6.970994E-4	0.4983610805021348	0.4797152709668021	0.07149396105600174	0.04002175637387117	0.16048089858957248	0.01964719089104868	0.1180811808	0.9252439217703639	.	.
col_ccp6_PBMC_bulk_1_1_1_top303.clonotypes.IGHG	col_ccp6_tum_bulk_1_1_1_top303.clonotypes.IGHG	303	303	1	1	1330	2362	25	9	1.0000000000000033	1.0000000000000016	0.018796992481203006	0.003810330228619814	0.0	0.0	1.08922E-5	0.00846302243044807	0.00846302243044807	0.1261508600959692	0.07492993876592643	0.34556552055167156	0.06085724910771909	0.0016528926	0.389417515379526	.	.
col_ccp6_PBMC_bulk_1_1_1_top303.clonotypes.IGHG	col_ccp6_tum_bulk_1_1_2_top303.clonotypes.IGHG	303	303	1	1	1330	2206	25	7	1.0000000000000033	1.0000000000000038	0.018796992481203006	0.003173164097914778	0.0	0.0	1.08922E-5	0.007723078511197941	0.007723078511197941	0.12649646069756712	0.07572928860973717	0.34107284697930373	0.06768219543822847	0.0016528926	0.3282697588318082	.	.
col_ccp6_PBMC_bulk_1_1_1_top303.clonotypes.IGHG	col_ccp6_tum_bulk_1_2_1_top303.clonotypes.IGHG	303	303	2	2	1330	1626	58	10	1.0000000000000033	0.999999999999997	0.04360902255639097	0.006150061500615006	0.0	0.0	2.17844E-5	0.016376757026454032	0.015141172524340137	0.18023026176574294	0.11186679156737335	0.4052612441995301	0.0841407426222019	0.0033112583	0.24731730337903887	.	.
col_ccp6_PBMC_bulk_1_1_1_top303.clonotypes.IGHG	col_ccp6_tum_bulk_1_2_2_top303.clonotypes.IGHG	303	303	1	1	1330	1289	33	3	1.0000000000000033	1.0000000000000064	0.02481203007518797	0.0023273855702094647	0.0	0.0	1.08922E-5	0.007599155266514545	0.007599155266514545	0.1946263873697868	0.11876185014859512	0.4109336185247344	0.07879371245957446	0.0016528926	0.18596515495527477	.	.
col_ccp6_PBMC_bulk_1_1_1_top303.clonotypes.IGHG	col_ccp6_tum_bulk_1_3_1_top303.clonotypes.IGHG	303	303	7	7	1330	2305	66	64	1.0000000000000033	0.9999999999999959	0.049624060150375945	0.02776572668112798	0.1898147250264901	0.2243872776020299	7.62452E-5	0.037119376219748	0.03049311701765754	0.11386928393806219	0.07537243424663234	0.325691658741587	0.05863071962855766	0.0116861436	0.48049132793019494	.	.
col_ccp6_PBMC_bulk_1_1_1_top303.clonotypes.IGHG	col_ccp6_tum_bulk_1_3_2_top303.clonotypes.IGHG	303	303	8	8	1330	1541	81	56	1.0000000000000033	0.9999999999999993	0.06090225563909775	0.036340038935756006	0.3035771562334153	0.3126159830354724	8.71374E-5	0.047044556977403645	0.040584888606617915	0.11518491486054074	0.07051211590238327	0.33710471702010913	0.05174701761581481	0.0133779264	0.558088383506213	.	.
col_ccp6_PBMC_bulk_1_1_2_top303.clonotypes.IGHG	col_ccp6_tum_bulk_1_1_1_top303.clonotypes.IGHG	303	303	3	3	945	2362	21	13	0.9999999999999994	1.0000000000000016	0.022222222222222223	0.005503810330228619	0.9986254289035239	0.8660254037844386	3.26765E-5	0.011059244830787619	0.010804511621588835	0.10717061315544021	0.06453233120036386	0.3131816422211596	0.07520987792677372	0.0049751244	0.391638763280125	.	.
col_ccp6_PBMC_bulk_1_1_2_top303.clonotypes.IGHG	col_ccp6_tum_bulk_1_1_2_top303.clonotypes.IGHG	303	303	2	2	945	2206	19	10	0.9999999999999994	1.0000000000000038	0.020105820105820106	0.004533091568449683	0.0	0.0	2.17844E-5	0.009546806984456072	0.008974010437162668	0.11141832942377812	0.06685001294340841	0.32726101906672117	0.0833421118953217	0.0033112583	0.3292819219252459	.	.
col_ccp6_PBMC_bulk_1_1_2_top303.clonotypes.IGHG	col_ccp6_tum_bulk_1_2_1_top303.clonotypes.IGHG	303	303	3	3	945	1626	46	12	0.9999999999999994	0.999999999999997	0.04867724867724868	0.007380073800738008	0.20546619877500588	0.0	3.26765E-5	0.018953672141697814	0.017361104210631938	0.1661900784658676	0.10389352455705556	0.39441999457941535	0.09173690246112684	0.0049751244	0.23665652526066178	.	.
col_ccp6_PBMC_bulk_1_1_2_top303.clonotypes.IGHG	col_ccp6_tum_bulk_1_2_2_top303.clonotypes.IGHG	303	303	2	2	945	1289	28	4	0.9999999999999994	1.0000000000000064	0.029629629629629627	0.0031031807602792862	0.0	0.0	2.17844E-5	0.009588852725997398	0.009416066452428585	0.178915964304981	0.11046586130130803	0.39548584005158816	0.08929033126484831	0.0033112583	0.17887432682647797	.	.
col_ccp6_PBMC_bulk_1_1_2_top303.clonotypes.IGHG	col_ccp6_tum_bulk_1_3_1_top303.clonotypes.IGHG	303	303	5	5	945	2305	35	48	0.9999999999999994	0.9999999999999959	0.037037037037037035	0.020824295010845987	0.42916965227819914	0.2051956704170307	5.44609E-5	0.02777175157578089	0.02387318952837064	0.09179733119273221	0.060747997773573426	0.33282820243225375	0.05392451100770155	0.0083194676	0.4898878627646025	.	.
col_ccp6_PBMC_bulk_1_1_2_top303.clonotypes.IGHG	col_ccp6_tum_bulk_1_3_2_top303.clonotypes.IGHG	303	303	6	6	945	1541	50	47	0.9999999999999994	0.9999999999999993	0.05291005291005291	0.030499675535366644	0.11555846711823907	-0.2571428571428573	6.53531E-5	0.040171375957461244	0.033061026515741755	0.09546751616960672	0.05968567839458282	0.34047094414944196	0.05262560365203009	0.01	0.506086412317274	.	.
col_ccp6_tum_bulk_1_1_1_top303.clonotypes.IGHG	col_ccp6_tum_bulk_1_1_2_top303.clonotypes.IGHG	303	303	220	220	2362	2206	2176	2057	1.0000000000000016	1.0000000000000038	0.9212531752751915	0.9324569356301007	0.958398517027339	0.7446799304236252	0.0023962792	0.9268381265121786	0.907664730048401	0.0147692218670389	0.007872657966954388	0.04697799230810043	0.0030547628062756677	0.5699481865	0.9684358789031217	.	.
col_ccp6_tum_bulk_1_1_1_top303.clonotypes.IGHG	col_ccp6_tum_bulk_1_2_1_top303.clonotypes.IGHG	303	303	28	28	2362	1626	437	323	1.0000000000000016	0.999999999999997	0.18501270110076204	0.19864698646986467	0.36441745849442536	0.4689241891171352	3.04981E-4	0.19170867359698726	0.16245666656239052	0.1053960402657247	0.05869104574768799	0.26923383686922353	0.059866745854888485	0.0484429066	0.6226383118748994	.	.
col_ccp6_tum_bulk_1_1_1_top303.clonotypes.IGHG	col_ccp6_tum_bulk_1_2_2_top303.clonotypes.IGHG	303	303	33	33	2362	1289	514	231	1.0000000000000016	1.0000000000000064	0.21761219305673155	0.17920868890612876	0.29010762755843467	0.2680189145109314	3.594419E-4	0.19747910220497825	0.1614102281878133	0.10480765917469166	0.057629641207397414	0.26774758084946804	0.04727018167264806	0.057591623	0.5755835717889801	.	.
col_ccp6_tum_bulk_1_1_1_top303.clonotypes.IGHG	col_ccp6_tum_bulk_1_3_1_top303.clonotypes.IGHG	303	303	30	30	2362	2305	509	391	1.0000000000000016	0.9999999999999959	0.21549534292972058	0.1696312364425163	0.09565261447757521	-0.17021049153834636	3.267653E-4	0.1911929430412445	0.1383346598830613	0.08719243236884694	0.059806960280620956	0.2797958632535651	0.08570989899603727	0.0520833333	0.3679339964396992	.	.
col_ccp6_tum_bulk_1_1_1_top303.clonotypes.IGHG	col_ccp6_tum_bulk_1_3_2_top303.clonotypes.IGHG	303	303	31	31	2362	1541	448	268	1.0000000000000016	0.9999999999999993	0.18966977138018631	0.17391304347826086	0.15111401411509692	-0.03446172631408244	3.376575E-4	0.18162061335804958	0.1403015347314878	0.09155495764922168	0.05985929518098781	0.2728022368188842	0.07875000995221342	0.0539130435	0.4173716146473876	.	.
col_ccp6_tum_bulk_1_1_2_top303.clonotypes.IGHG	col_ccp6_tum_bulk_1_2_1_top303.clonotypes.IGHG	303	303	32	32	2206	1626	437	327	1.0000000000000038	0.999999999999997	0.19809610154125112	0.20110701107011067	0.3664412118843144	0.31669193444507965	3.485497E-4	0.19959587892940617	0.16440123787993136	0.09972913891942037	0.058100489653831806	0.25352932021773855	0.0649829498142698	0.0557491289	0.5868166242113162	.	.
col_ccp6_tum_bulk_1_1_2_top303.clonotypes.IGHG	col_ccp6_tum_bulk_1_2_2_top303.clonotypes.IGHG	303	303	36	36	2206	1289	487	216	1.0000000000000038	1.0000000000000064	0.22076155938349953	0.1675717610550814	0.34621790379556167	0.2402483333180164	3.921184E-4	0.19233669249303148	0.15728409366292584	0.10497628437377589	0.060002853363369565	0.2554862069009432	0.05247418414067009	0.0631578947	0.5406544098161462	.	.
col_ccp6_tum_bulk_1_1_2_top303.clonotypes.IGHG	col_ccp6_tum_bulk_1_3_1_top303.clonotypes.IGHG	303	303	31	31	2206	2305	535	334	1.0000000000000038	0.9999999999999959	0.242520398912058	0.14490238611713666	0.19716206295045807	0.3211623764269682	3.376575E-4	0.18746142132299393	0.13932076518827996	0.08605042325843006	0.06266085025562024	0.26372300184606695	0.09608778002464628	0.0539130435	0.36325517289701825	.	.
col_ccp6_tum_bulk_1_1_2_top303.clonotypes.IGHG	col_ccp6_tum_bulk_1_3_2_top303.clonotypes.IGHG	303	303	31	31	2206	1541	444	221	1.0000000000000038	0.9999999999999993	0.2012692656391659	0.14341336794289422	0.313840277347873	0.47615374452397935	3.376575E-4	0.1698961543081709	0.13892263367475127	0.0910230239343908	0.06275257526896973	0.2568264757414705	0.08959362276753265	0.0539130435	0.4445713400622088	.	.
col_ccp6_tum_bulk_1_2_1_top303.clonotypes.IGHG	col_ccp6_tum_bulk_1_2_2_top303.clonotypes.IGHG	303	303	194	194	1626	1289	1447	1148	0.999999999999997	1.0000000000000064	0.8899138991389903	0.8906128782001559	0.8174105805711492	0.741561475438504	0.0021130826	0.8902633200702472	0.8587731843592665	0.036465418143409534	0.019028237931557328	0.08345899244595661	0.006349951607223263	0.4708737864	0.9073848804321285	.	.
col_ccp6_tum_bulk_1_2_1_top303.clonotypes.IGHG	col_ccp6_tum_bulk_1_3_1_top303.clonotypes.IGHG	303	303	16	16	1626	2305	161	180	0.999999999999997	0.9999999999999959	0.09901599015990159	0.07809110629067247	-0.16071177008486587	-0.010447865929228363	1.742749E-4	0.08793331684892282	0.05738622436891904	0.12398224624533923	0.08220831066980962	0.3004407997484569	0.0507499978982483	0.0271186441	0.20661358165945587	.	.
col_ccp6_tum_bulk_1_2_1_top303.clonotypes.IGHG	col_ccp6_tum_bulk_1_3_2_top303.clonotypes.IGHG	303	303	13	13	1626	1541	136	125	0.999999999999997	0.9999999999999993	0.08364083640836409	0.08111615833874107	-0.19553275055734573	-0.5817174515235458	1.415983E-4	0.08236882498667564	0.05991477011417158	0.1339767343189969	0.08815023516334704	0.3067262771059306	0.04340893310294423	0.0219224283	0.32798016614800324	.	.
col_ccp6_tum_bulk_1_2_2_top303.clonotypes.IGHG	col_ccp6_tum_bulk_1_3_1_top303.clonotypes.IGHG	303	303	16	16	1289	2305	105	169	1.0000000000000064	0.9999999999999959	0.08145849495733128	0.0733188720173536	-0.27926451570703376	-0.11610646502430688	1.742749E-4	0.07728159526370308	0.04867381285492672	0.11722182808567912	0.08085011897195456	0.2863777903580129	0.045671613807508574	0.0271186441	0.16729916311021187	.	.
col_ccp6_tum_bulk_1_2_2_top303.clonotypes.IGHG	col_ccp6_tum_bulk_1_3_2_top303.clonotypes.IGHG	303	303	13	13	1289	1541	71	112	1.0000000000000064	0.9999999999999993	0.055081458494957325	0.072680077871512	-0.23224246563239864	-0.2042253521126757	1.415983E-4	0.06327183174754746	0.0449396582107829	0.1267758549082075	0.08511128367011404	0.2939311931281315	0.037112576246691495	0.0219224283	0.2785398747008998	.	.
col_ccp6_tum_bulk_1_3_1_top303.clonotypes.IGHG	col_ccp6_tum_bulk_1_3_2_top303.clonotypes.IGHG	303	303	220	220	2305	1541	2171	1437	0.9999999999999959	0.9999999999999993	0.941865509761388	0.9325113562621675	0.9027566725014569	0.774140575065277	0.0023962792	0.9371767623688445	0.910734763772127	0.014018057636270852	0.008301632543292994	0.03574339760842759	0.0031614139420487243	0.5699481865	0.9433198872613012	.	.
