1_sample_id	2_sample_id	div1	div2	div12	div21	count1	count2	count12	count21	freq1	freq2	freq12	freq21	R	Rs	D	F	F2	vJSD	vjJSD	vj2JSD	sJSD	Jaccard	MorisitaHorn	1_metadata_blank	2_metadata_blank
lun_lcp3_LN_bulk_1_1_1_top49.clonotypes.IGHM	lun_lcp3_LN_bulk_1_1_2_top49.clonotypes.IGHM	49	49	5	5	3062	1617	470	197	0.9999999999999998	1.0	0.1534944480731548	0.12183055040197899	-0.15621246329656338	-0.09999999999999983	0.0020824656	0.13674908808617492	0.1285236676892692	0.23754756785413209	0.12605616678025075	0.48502926300000193	0.21332072766736382	0.0537634409	0.7505732865391269	.	.
lun_lcp3_LN_bulk_1_1_1_top49.clonotypes.IGHM	lun_lcp3_LN_bulk_1_2_1_top49.clonotypes.IGHM	49	49	3	3	3062	2391	231	122	0.9999999999999998	1.0	0.07544088830829523	0.051024675867837724	0.8864349247894311	1.0	0.0012494794	0.06204310496028155	0.06181451003228797	0.2156163749632419	0.13460829300714466	0.40323042571748013	0.2514765989436181	0.0315789474	0.9126181162530228	.	.
lun_lcp3_LN_bulk_1_1_1_top49.clonotypes.IGHM	lun_lcp3_LN_bulk_1_2_2_top49.clonotypes.IGHM	49	49	4	4	3062	1408	430	174	0.9999999999999998	0.9999999999999999	0.1404310907903331	0.12357954545454544	0.1323599281606737	0.8	0.0016659725	0.13173613918570473	0.12426916008773212	0.2283725604179626	0.12445180508901325	0.45504372364673734	0.16760149176118977	0.0425531915	0.7776754843832063	.	.
lun_lcp3_LN_bulk_1_1_1_top49.clonotypes.IGHM	lun_lcp3_LN_bulk_1_3_1_top49.clonotypes.IGHM	49	49	7	7	3062	2079	551	325	0.9999999999999998	0.9999999999999999	0.17994774657086873	0.15632515632515634	0.6614327602841913	-0.0	0.0029154519	0.16772107683010704	0.16249244333053336	0.21839667923827377	0.12486587417517514	0.4336295445560249	0.19613657893694272	0.0769230769	0.8872441841111455	.	.
lun_lcp3_LN_bulk_1_1_1_top49.clonotypes.IGHM	lun_lcp3_LN_bulk_1_3_2_top49.clonotypes.IGHM	49	49	2	2	3062	1200	270	81	0.9999999999999998	1.0	0.08817766165904638	0.0675	0.0	0.0	8.329863E-4	0.07714915529016264	0.07534636058779257	0.3168464648464606	0.17546087850945202	0.502238180125639	0.23119247773607593	0.0208333333	0.8701907137373105	.	.
lun_lcp3_LN_bulk_1_1_1_top49.clonotypes.IGHM	lun_lcp3_norm_bulk_1_2_1_top49.clonotypes.IGHM	49	49	2	2	3062	2595	164	109	0.9999999999999998	1.0000000000000002	0.05355976485956891	0.04200385356454721	0.0	0.0	8.329863E-4	0.04743117666801988	0.04592570564168945	0.18869746829694126	0.11917609667702518	0.43882346258712757	0.3988242062970086	0.0208333333	0.8476100200969793	.	.
lun_lcp3_LN_bulk_1_1_1_top49.clonotypes.IGHM	lun_lcp3_norm_bulk_1_2_2_top49.clonotypes.IGHM	49	49	3	3	3062	1792	212	38	0.9999999999999998	1.0000000000000004	0.06923579359895493	0.02120535714285714	-0.8390830440096267	-1.0	0.0012494794	0.03831670302015795	0.03320837209936675	0.20082688116332026	0.12187003436064339	0.4479995422909084	0.4220482258646518	0.0315789474	0.35361437950222213	.	.
lun_lcp3_LN_bulk_1_1_1_top49.clonotypes.IGHM	lun_lcp3_norm_bulk_1_3_2_top49.clonotypes.IGHM	49	49	1	1	3062	1522	117	21	0.9999999999999998	0.9999999999999999	0.03821032005225343	0.013797634691195795	0.0	0.0	4.164931E-4	0.022961098351661366	0.022961098351661366	0.2442800399175421	0.144182528201273	0.4289100435971443	0.30444136510043013	0.0103092784	0.638888741197838	.	.
lun_lcp3_LN_bulk_1_1_1_top49.clonotypes.IGHM	lun_lcp3_PBMC_bulk_1_1_1_top49.clonotypes.IGHM	49	49	1	1	3062	14132	42	13	0.9999999999999998	1.0	0.013716525146962769	9.198981035946788E-4	0.0	0.0	4.164931E-4	0.003552155045968542	0.003552155045968542	0.496507634465066	0.28236760110757575	0.5912615673781241	0.40679483295341196	0.0103092784	0.1335293285337904	.	.
lun_lcp3_LN_bulk_1_1_1_top49.clonotypes.IGHM	lun_lcp3_PBMC_bulk_1_1_2_top49.clonotypes.IGHM	49	49	1	1	3062	8395	42	66	0.9999999999999998	1.0000000000000002	0.013716525146962769	0.007861822513400833	0.0	0.0	4.164931E-4	0.01038445406393714	0.01038445406393714	0.4242283191227885	0.25041160436548465	0.5690497653691816	0.36052018763132454	0.0103092784	0.8628631224409358	.	.
lun_lcp3_LN_bulk_1_1_1_top49.clonotypes.IGHM	lun_lcp3_tum_bulk_1_1_1_top49.clonotypes.IGHM	49	49	0	0	3062	228	0	0	0.9999999999999998	1.0000000000000009	0.0	0.0	0.0	0.0	0.0	0.0	0.0	0.46642933174523216	0.27509114867930423	0.7007986508404029	0.44145708720288485	0.0	NaN	.	.
lun_lcp3_LN_bulk_1_1_1_top49.clonotypes.IGHM	lun_lcp3_tum_bulk_1_1_2_top49.clonotypes.IGHM	49	49	1	1	3062	680	40	7	0.9999999999999998	0.999999999999999	0.013063357282821686	0.010294117647058823	0.0	0.0	4.164931E-4	0.01159636739392682	0.01159636739392682	0.49261584176117795	0.2673950615747862	0.6849635919155507	0.4918139522999268	0.0103092784	0.9722771900822845	.	.
lun_lcp3_LN_bulk_1_1_1_top49.clonotypes.IGHM	lun_lcp3_tum_bulk_1_2_1_top49.clonotypes.IGHM	49	49	0	0	3062	556	0	0	0.9999999999999998	1.0000000000000007	0.0	0.0	0.0	0.0	0.0	0.0	0.0	0.3944802889761558	0.23216062019780398	0.692528524643499	0.4899401487536308	0.0	NaN	.	.
lun_lcp3_LN_bulk_1_1_1_top49.clonotypes.IGHM	lun_lcp3_tum_bulk_1_2_2_top49.clonotypes.IGHM	49	49	0	0	3062	412	0	0	0.9999999999999998	0.9999999999999999	0.0	0.0	0.0	0.0	0.0	0.0	0.0	0.49048414554939734	0.32141621741298004	0.6969816684725905	0.4506097245466498	0.0	NaN	.	.
lun_lcp3_LN_bulk_1_1_1_top49.clonotypes.IGHM	lun_lcp3_tum_bulk_1_3_1_top49.clonotypes.IGHM	49	49	0	0	3062	57	0	0	0.9999999999999998	1.0000000000000016	0.0	0.0	0.0	0.0	0.0	0.0	0.0	0.5835213617419256	0.33273268121856764	0.7113223530695818	0.5932420414662285	0.0	NaN	.	.
lun_lcp3_LN_bulk_1_1_2_top49.clonotypes.IGHM	lun_lcp3_LN_bulk_1_2_1_top49.clonotypes.IGHM	49	49	3	3	1617	2391	150	129	1.0	1.0	0.0927643784786642	0.053952321204516936	-0.002395637396099435	0.5	0.0012494794	0.07074498953295752	0.06959930780984638	0.24795627113974067	0.13721014380579302	0.5148787581472403	0.12670543969440112	0.0315789474	0.8047428244414667	.	.
lun_lcp3_LN_bulk_1_1_2_top49.clonotypes.IGHM	lun_lcp3_LN_bulk_1_2_2_top49.clonotypes.IGHM	49	49	3	3	1617	1408	140	155	1.0	0.9999999999999999	0.08658008658008659	0.11008522727272727	-0.056476901647084736	-0.5	0.0012494794	0.09762780602093461	0.09081441239904833	0.24369501474585167	0.13993474073880713	0.5477594816619303	0.11108177103479772	0.0315789474	0.7384745114910324	.	.
lun_lcp3_LN_bulk_1_1_2_top49.clonotypes.IGHM	lun_lcp3_LN_bulk_1_3_1_top49.clonotypes.IGHM	49	49	9	9	1617	2079	357	495	1.0	0.9999999999999999	0.22077922077922077	0.2380952380952381	-0.47484589402236277	-0.5166666666666666	0.0037484382	0.22927381258641316	0.206058844365789	0.24997806509506168	0.14201586076505646	0.41570340075018425	0.0800789556740686	0.1011235955	0.6420850401081921	.	.
lun_lcp3_LN_bulk_1_1_2_top49.clonotypes.IGHM	lun_lcp3_LN_bulk_1_3_2_top49.clonotypes.IGHM	49	49	4	4	1617	1200	154	141	1.0	1.0	0.09523809523809523	0.11750000000000002	-0.08502686379899074	-0.39999999999999997	0.0016659725	0.10578504710249077	0.09962845827994715	0.2707060609778677	0.14896440184304605	0.4913092595516159	0.17311912479980274	0.0425531915	0.8208369478518829	.	.
lun_lcp3_LN_bulk_1_1_2_top49.clonotypes.IGHM	lun_lcp3_norm_bulk_1_2_1_top49.clonotypes.IGHM	49	49	1	1	1617	2595	129	58	1.0	1.0000000000000002	0.07977736549165121	0.022350674373795763	0.0	0.0	4.164931E-4	0.042226507296995175	0.042226507296995175	0.33196056526235596	0.20044270052021237	0.5047165510680379	0.15552004714989912	0.0103092784	0.5195463096699426	.	.
lun_lcp3_LN_bulk_1_1_2_top49.clonotypes.IGHM	lun_lcp3_norm_bulk_1_2_2_top49.clonotypes.IGHM	49	49	1	1	1617	1792	17	14	1.0	1.0000000000000004	0.010513296227581941	0.0078125	0.0	0.0	4.164931E-4	0.009062843195045576	0.009062843195045576	0.1863220930489925	0.1246931960987724	0.4162251928705622	0.22898342782523792	0.0103092784	0.9574836404108215	.	.
lun_lcp3_LN_bulk_1_1_2_top49.clonotypes.IGHM	lun_lcp3_norm_bulk_1_3_2_top49.clonotypes.IGHM	49	49	1	1	1617	1522	17	16	1.0	0.9999999999999999	0.010513296227581941	0.010512483574244415	0.0	0.0	4.164931E-4	0.010512889893060848	0.010512889893060848	0.244054838563708	0.1415744497101537	0.6011965847900691	0.210631545499458	0.0103092784	0.999999997012304	.	.
lun_lcp3_LN_bulk_1_1_2_top49.clonotypes.IGHM	lun_lcp3_PBMC_bulk_1_1_1_top49.clonotypes.IGHM	49	49	0	0	1617	14132	0	0	1.0	1.0	0.0	0.0	0.0	0.0	0.0	0.0	0.0	0.39297028247103694	0.2161627011727784	0.702285767735885	0.4026329678211005	0.0	NaN	.	.
lun_lcp3_LN_bulk_1_1_2_top49.clonotypes.IGHM	lun_lcp3_PBMC_bulk_1_1_2_top49.clonotypes.IGHM	49	49	0	0	1617	8395	0	0	1.0	1.0000000000000002	0.0	0.0	0.0	0.0	0.0	0.0	0.0	0.20494262546686337	0.12793400409300146	0.5018497134569194	0.26011241855164846	0.0	NaN	.	.
lun_lcp3_LN_bulk_1_1_2_top49.clonotypes.IGHM	lun_lcp3_tum_bulk_1_1_1_top49.clonotypes.IGHM	49	49	1	1	1617	228	23	6	1.0	1.0000000000000009	0.01422387136672851	0.02631578947368421	0.0	0.0	4.164931E-4	0.01934715494297785	0.01934715494297785	0.49309223077485326	0.3045164181004011	0.797787381282531	0.23914432257758822	0.0103092784	0.8366025220766805	.	.
lun_lcp3_LN_bulk_1_1_2_top49.clonotypes.IGHM	lun_lcp3_tum_bulk_1_1_2_top49.clonotypes.IGHM	49	49	2	2	1617	680	49	12	1.0	0.999999999999999	0.030303030303030304	0.01764705882352941	0.0	0.0	8.329863E-4	0.023124864503144014	0.023092279648650613	0.4822955005005096	0.26697715190944643	0.7669158614843822	0.31716156901703335	0.0208333333	0.8700638384461186	.	.
lun_lcp3_LN_bulk_1_1_2_top49.clonotypes.IGHM	lun_lcp3_tum_bulk_1_2_1_top49.clonotypes.IGHM	49	49	1	1	1617	556	23	28	1.0	1.0000000000000007	0.01422387136672851	0.050359712230215826	0.0	0.0	4.164931E-4	0.026763969601463353	0.026763969601463353	0.42180892067465453	0.2576921351558786	0.7137572568674294	0.20469236568801605	0.0103092784	0.5231559043019701	.	.
lun_lcp3_LN_bulk_1_1_2_top49.clonotypes.IGHM	lun_lcp3_tum_bulk_1_2_2_top49.clonotypes.IGHM	49	49	1	1	1617	412	23	10	1.0	0.9999999999999999	0.01422387136672851	0.024271844660194174	0.0	0.0	4.164931E-4	0.018580624216635408	0.018580624216635408	0.6037973361628174	0.3825566710517907	0.8173156982371947	0.2196028001768013	0.0103092784	0.8724329767778076	.	.
lun_lcp3_LN_bulk_1_1_2_top49.clonotypes.IGHM	lun_lcp3_tum_bulk_1_3_1_top49.clonotypes.IGHM	49	49	0	0	1617	57	0	0	1.0	1.0000000000000016	0.0	0.0	0.0	0.0	0.0	0.0	0.0	0.6329974073852201	0.37754709654190116	0.7949673480263924	0.37997972821250153	0.0	NaN	.	.
lun_lcp3_LN_bulk_1_2_1_top49.clonotypes.IGHM	lun_lcp3_LN_bulk_1_2_2_top49.clonotypes.IGHM	49	49	2	2	2391	1408	93	120	1.0	0.9999999999999999	0.03889585947302384	0.08522727272727272	0.0	0.0	8.329863E-4	0.05757593267389663	0.05620229665688496	0.2446005351764283	0.14484728019573834	0.4879097972839576	0.08653519830313332	0.0208333333	0.6497520961408512	.	.
lun_lcp3_LN_bulk_1_2_1_top49.clonotypes.IGHM	lun_lcp3_LN_bulk_1_3_1_top49.clonotypes.IGHM	49	49	2	2	2391	2079	93	79	1.0	0.9999999999999999	0.03889585947302384	0.037999037999038	0.0	0.0	8.329863E-4	0.03844483375072228	0.03795402884706953	0.40430539422108813	0.21898622196994325	0.5954769767833792	0.13057788142074708	0.0208333333	0.950145986757613	.	.
lun_lcp3_LN_bulk_1_2_1_top49.clonotypes.IGHM	lun_lcp3_LN_bulk_1_3_2_top49.clonotypes.IGHM	49	49	1	1	2391	1200	37	43	1.0	1.0	0.01547469677959013	0.035833333333333335	0.0	0.0	4.164931E-4	0.023548035330687632	0.023548035330687632	0.41532754806065125	0.21285971542973592	0.5453987333424689	0.1063165874484344	0.0103092784	0.7279450543444584	.	.
lun_lcp3_LN_bulk_1_2_1_top49.clonotypes.IGHM	lun_lcp3_norm_bulk_1_2_1_top49.clonotypes.IGHM	49	49	1	1	2391	2595	43	37	1.0	1.0000000000000002	0.017984107068172314	0.014258188824662813	0.0	0.0	4.164931E-4	0.016013144426406514	0.016013144426406514	0.3302510732178279	0.19652548123714747	0.5255666851643822	0.26109008304871245	0.0103092784	0.9736437578467465	.	.
lun_lcp3_LN_bulk_1_2_1_top49.clonotypes.IGHM	lun_lcp3_norm_bulk_1_2_2_top49.clonotypes.IGHM	49	49	0	0	2391	1792	0	0	1.0	1.0000000000000004	0.0	0.0	0.0	0.0	0.0	0.0	0.0	0.26684285425926724	0.16229816434808603	0.482256684433073	0.33525850332488977	0.0	NaN	.	.
lun_lcp3_LN_bulk_1_2_1_top49.clonotypes.IGHM	lun_lcp3_norm_bulk_1_3_2_top49.clonotypes.IGHM	49	49	0	0	2391	1522	0	0	1.0	0.9999999999999999	0.0	0.0	0.0	0.0	0.0	0.0	0.0	0.37136093863634007	0.19680197214131911	0.5918044880459692	0.18784494805027516	0.0	NaN	.	.
lun_lcp3_LN_bulk_1_2_1_top49.clonotypes.IGHM	lun_lcp3_PBMC_bulk_1_1_1_top49.clonotypes.IGHM	49	49	0	0	2391	14132	0	0	1.0	1.0	0.0	0.0	0.0	0.0	0.0	0.0	0.0	0.36403537421619664	0.22951763495083927	0.5758867818793059	0.3013665891118075	0.0	NaN	.	.
lun_lcp3_LN_bulk_1_2_1_top49.clonotypes.IGHM	lun_lcp3_PBMC_bulk_1_1_2_top49.clonotypes.IGHM	49	49	1	1	2391	8395	58	128	1.0	1.0000000000000002	0.02425763278962777	0.015247170935080405	0.0	0.0	4.164931E-4	0.01923175170450851	0.01923175170450851	0.38198729074579335	0.22582120658474353	0.5922256402890314	0.14459150942628685	0.0103092784	0.9010993596228548	.	.
lun_lcp3_LN_bulk_1_2_1_top49.clonotypes.IGHM	lun_lcp3_tum_bulk_1_1_1_top49.clonotypes.IGHM	49	49	3	3	2391	228	207	15	1.0	1.0000000000000009	0.08657465495608532	0.06578947368421052	0.5507427126572114	0.5	0.0012494794	0.07546986805310435	0.07380551167916997	0.40328840707499625	0.2853141333429459	0.662585776999895	0.3876047037699238	0.0315789474	0.8718212691704038	.	.
lun_lcp3_LN_bulk_1_2_1_top49.clonotypes.IGHM	lun_lcp3_tum_bulk_1_1_2_top49.clonotypes.IGHM	49	49	2	2	2391	680	183	69	1.0	0.999999999999999	0.07653701380175659	0.10147058823529412	0.0	0.0	8.329863E-4	0.08812636275392889	0.08804873115687789	0.40999732074193185	0.23062590858391888	0.6272135163641758	0.377054797791681	0.0208333333	0.961968780921807	.	.
lun_lcp3_LN_bulk_1_2_1_top49.clonotypes.IGHM	lun_lcp3_tum_bulk_1_2_1_top49.clonotypes.IGHM	49	49	1	1	2391	556	72	17	1.0	1.0000000000000007	0.030112923462986198	0.030575539568345324	0.0	0.0	4.164931E-4	0.03034334989517619	0.03034334989517619	0.3078902403579519	0.21131427886534854	0.6172709859769909	0.241544218686446	0.0103092784	0.9998837925478999	.	.
lun_lcp3_LN_bulk_1_2_1_top49.clonotypes.IGHM	lun_lcp3_tum_bulk_1_2_2_top49.clonotypes.IGHM	49	49	2	2	2391	412	107	20	1.0	0.9999999999999999	0.044751150146382264	0.04854368932038834	0.0	0.0	8.329863E-4	0.046608861061347893	0.04611834204117306	0.397495615876834	0.28480993345455363	0.6480946422444005	0.18037929224453123	0.0208333333	0.9631450668215651	.	.
lun_lcp3_LN_bulk_1_2_1_top49.clonotypes.IGHM	lun_lcp3_tum_bulk_1_3_1_top49.clonotypes.IGHM	49	49	1	1	2391	57	72	2	1.0	1.0000000000000016	0.030112923462986198	0.03508771929824561	0.0	0.0	4.164931E-4	0.032505288888407285	0.032505288888407285	0.3817751432851475	0.25810311432929356	0.5067531475603104	0.3091855406395251	0.0103092784	0.9884240729240796	.	.
lun_lcp3_LN_bulk_1_2_2_top49.clonotypes.IGHM	lun_lcp3_LN_bulk_1_3_1_top49.clonotypes.IGHM	49	49	5	5	1408	2079	206	233	0.9999999999999999	0.9999999999999999	0.14630681818181818	0.11207311207311209	-0.2568178828157617	-0.2000000000000001	0.0020824656	0.12805100714618117	0.1181017972707745	0.3549448805923641	0.18486822810045364	0.5329700971402715	0.07662104963514389	0.0537634409	0.665846029280479	.	.
lun_lcp3_LN_bulk_1_2_2_top49.clonotypes.IGHM	lun_lcp3_LN_bulk_1_3_2_top49.clonotypes.IGHM	49	49	2	2	1408	1200	59	81	0.9999999999999999	1.0	0.04190340909090909	0.0675	0.0	0.0	8.329863E-4	0.05318345714257737	0.05277080071631618	0.3453143638341514	0.18216651602192732	0.5083750383042185	0.08370462384649234	0.0208333333	0.8750206312556627	.	.
lun_lcp3_LN_bulk_1_2_2_top49.clonotypes.IGHM	lun_lcp3_norm_bulk_1_2_1_top49.clonotypes.IGHM	49	49	1	1	1408	2595	15	26	0.9999999999999999	1.0000000000000002	0.01065340909090909	0.01001926782273603	0.0	0.0	4.164931E-4	0.010331474188468408	0.010331474188468408	0.3738287416707	0.19545023402039768	0.5895205519409966	0.23687386521042586	0.0103092784	0.9981198169801968	.	.
lun_lcp3_LN_bulk_1_2_2_top49.clonotypes.IGHM	lun_lcp3_norm_bulk_1_2_2_top49.clonotypes.IGHM	49	49	0	0	1408	1792	0	0	0.9999999999999999	1.0000000000000004	0.0	0.0	0.0	0.0	0.0	0.0	0.0	0.26129333693880447	0.14269405219749964	0.41168460156604747	0.27036648191189466	0.0	NaN	.	.
lun_lcp3_LN_bulk_1_2_2_top49.clonotypes.IGHM	lun_lcp3_norm_bulk_1_3_2_top49.clonotypes.IGHM	49	49	0	0	1408	1522	0	0	0.9999999999999999	0.9999999999999999	0.0	0.0	0.0	0.0	0.0	0.0	0.0	0.37151568520539746	0.20074225312467656	0.5569652731148073	0.1565067922949383	0.0	NaN	.	.
lun_lcp3_LN_bulk_1_2_2_top49.clonotypes.IGHM	lun_lcp3_PBMC_bulk_1_1_1_top49.clonotypes.IGHM	49	49	0	0	1408	14132	0	0	0.9999999999999999	1.0	0.0	0.0	0.0	0.0	0.0	0.0	0.0	0.3618209938178859	0.24401118915939268	0.5522440616894915	0.2664579129613112	0.0	NaN	.	.
lun_lcp3_LN_bulk_1_2_2_top49.clonotypes.IGHM	lun_lcp3_PBMC_bulk_1_1_2_top49.clonotypes.IGHM	49	49	1	1	1408	8395	17	10	0.9999999999999999	1.0000000000000002	0.012073863636363636	0.0011911852293031567	0.0	0.0	4.164931E-4	0.003792388168984929	0.003792388168984929	0.33454808590246143	0.22885607365313454	0.5502307577064265	0.15973972706708825	0.0103092784	0.19541427787021917	.	.
lun_lcp3_LN_bulk_1_2_2_top49.clonotypes.IGHM	lun_lcp3_tum_bulk_1_1_1_top49.clonotypes.IGHM	49	49	2	2	1408	228	32	3	0.9999999999999999	1.0000000000000009	0.022727272727272728	0.013157894736842105	0.0	0.0	8.329863E-4	0.017292861596651866	0.0168272413851941	0.41215278295433677	0.23875620523238955	0.5753476393673914	0.335619080224633	0.0208333333	0.7994317886530966	.	.
lun_lcp3_LN_bulk_1_2_2_top49.clonotypes.IGHM	lun_lcp3_tum_bulk_1_1_2_top49.clonotypes.IGHM	49	49	1	1	1408	680	14	7	0.9999999999999999	0.999999999999999	0.009943181818181818	0.010294117647058823	0.0	0.0	4.164931E-4	0.010117128220125506	0.010117128220125506	0.40377092879140103	0.2111590900703525	0.5545302897084384	0.31506943800908443	0.0103092784	0.9993987574320262	.	.
lun_lcp3_LN_bulk_1_2_2_top49.clonotypes.IGHM	lun_lcp3_tum_bulk_1_2_1_top49.clonotypes.IGHM	49	49	2	2	1408	556	31	46	0.9999999999999999	1.0000000000000007	0.022017045454545456	0.08273381294964029	0.0	0.0	8.329863E-4	0.04267966869998046	0.042664437321361146	0.28647191544058404	0.16819690975779045	0.5950177071809544	0.20065716070678058	0.0208333333	0.49794208860596434	.	.
lun_lcp3_LN_bulk_1_2_2_top49.clonotypes.IGHM	lun_lcp3_tum_bulk_1_2_2_top49.clonotypes.IGHM	49	49	1	1	1408	412	14	3	0.9999999999999999	0.9999999999999999	0.009943181818181818	0.007281553398058253	0.0	0.0	4.164931E-4	0.008508925276184581	0.008508925276184581	0.4047945914666446	0.2723241246275258	0.6808549752765443	0.13691656924703913	0.0103092784	0.953358585068086	.	.
lun_lcp3_LN_bulk_1_2_2_top49.clonotypes.IGHM	lun_lcp3_tum_bulk_1_3_1_top49.clonotypes.IGHM	49	49	0	0	1408	57	0	0	0.9999999999999999	1.0000000000000016	0.0	0.0	0.0	0.0	0.0	0.0	0.0	0.4774629460095996	0.26958524377998405	0.6023045827193156	0.28233980960929567	0.0	NaN	.	.
lun_lcp3_LN_bulk_1_3_1_top49.clonotypes.IGHM	lun_lcp3_LN_bulk_1_3_2_top49.clonotypes.IGHM	49	49	3	3	2079	1200	264	126	0.9999999999999999	1.0	0.12698412698412698	0.10500000000000001	0.4117581097845095	0.5	0.0012494794	0.11547005383792516	0.11269805831407305	0.31588382251587666	0.16649790281002258	0.5251261487752605	0.06821741059318054	0.0315789474	0.8865696656993243	.	.
lun_lcp3_LN_bulk_1_3_1_top49.clonotypes.IGHM	lun_lcp3_norm_bulk_1_2_1_top49.clonotypes.IGHM	49	49	0	0	2079	2595	0	0	0.9999999999999999	1.0000000000000002	0.0	0.0	0.0	0.0	0.0	0.0	0.0	0.32759786754292125	0.18071472246303516	0.5217689124008651	0.16905025534772844	0.0	NaN	.	.
lun_lcp3_LN_bulk_1_3_1_top49.clonotypes.IGHM	lun_lcp3_norm_bulk_1_2_2_top49.clonotypes.IGHM	49	49	1	1	2079	1792	26	5	0.9999999999999999	1.0000000000000004	0.012506012506012507	0.0027901785714285715	0.0	0.0	4.164931E-4	0.005907115041058014	0.005907115041058014	0.34442042503527587	0.19823729086797987	0.5566513385200171	0.20099540522136256	0.0103092784	0.4250560462631012	.	.
lun_lcp3_LN_bulk_1_3_1_top49.clonotypes.IGHM	lun_lcp3_norm_bulk_1_3_2_top49.clonotypes.IGHM	49	49	1	1	2079	1522	36	7	0.9999999999999999	0.9999999999999999	0.017316017316017316	0.0045992115637319315	0.0	0.0	4.164931E-4	0.008924126124030813	0.008924126124030813	0.3210701997425913	0.16442885094167675	0.5717059370127655	0.12562094705911508	0.0103092784	0.49620386974455366	.	.
lun_lcp3_LN_bulk_1_3_1_top49.clonotypes.IGHM	lun_lcp3_PBMC_bulk_1_1_1_top49.clonotypes.IGHM	49	49	0	0	2079	14132	0	0	0.9999999999999999	1.0	0.0	0.0	0.0	0.0	0.0	0.0	0.0	0.48560156676068755	0.2958041744467699	0.6922279655105614	0.22432741233090195	0.0	NaN	.	.
lun_lcp3_LN_bulk_1_3_1_top49.clonotypes.IGHM	lun_lcp3_PBMC_bulk_1_1_2_top49.clonotypes.IGHM	49	49	0	0	2079	8395	0	0	0.9999999999999999	1.0000000000000002	0.0	0.0	0.0	0.0	0.0	0.0	0.0	0.42822928175062835	0.2766413932468405	0.6139296877711325	0.14658052995261978	0.0	NaN	.	.
lun_lcp3_LN_bulk_1_3_1_top49.clonotypes.IGHM	lun_lcp3_tum_bulk_1_1_1_top49.clonotypes.IGHM	49	49	1	1	2079	228	48	1	0.9999999999999999	1.0000000000000009	0.023088023088023088	0.0043859649122807015	0.0	0.0	4.164931E-4	0.010062964730038359	0.010062964730038359	0.474083274276607	0.27175190304417773	0.7632768214432667	0.2671972347542831	0.0103092784	0.36670089170028786	.	.
lun_lcp3_LN_bulk_1_3_1_top49.clonotypes.IGHM	lun_lcp3_tum_bulk_1_1_2_top49.clonotypes.IGHM	49	49	0	0	2079	680	0	0	0.9999999999999999	0.999999999999999	0.0	0.0	0.0	0.0	0.0	0.0	0.0	0.5200271315604577	0.2622000204793143	0.7330291820217588	0.29309084554175624	0.0	NaN	.	.
lun_lcp3_LN_bulk_1_3_1_top49.clonotypes.IGHM	lun_lcp3_tum_bulk_1_2_1_top49.clonotypes.IGHM	49	49	0	0	2079	556	0	0	0.9999999999999999	1.0000000000000007	0.0	0.0	0.0	0.0	0.0	0.0	0.0	0.45127276249405707	0.24155440679310713	0.7331187164316656	0.15348701492583802	0.0	NaN	.	.
lun_lcp3_LN_bulk_1_3_1_top49.clonotypes.IGHM	lun_lcp3_tum_bulk_1_2_2_top49.clonotypes.IGHM	49	49	0	0	2079	412	0	0	0.9999999999999999	0.9999999999999999	0.0	0.0	0.0	0.0	0.0	0.0	0.0	0.5519164809584379	0.32666279361011624	0.7493250123290426	0.1583969007512442	0.0	NaN	.	.
lun_lcp3_LN_bulk_1_3_1_top49.clonotypes.IGHM	lun_lcp3_tum_bulk_1_3_1_top49.clonotypes.IGHM	49	49	0	0	2079	57	0	0	0.9999999999999999	1.0000000000000016	0.0	0.0	0.0	0.0	0.0	0.0	0.0	0.6834903842676695	0.3996788814633942	0.7960037607088624	0.2880835989519211	0.0	NaN	.	.
lun_lcp3_LN_bulk_1_3_2_top49.clonotypes.IGHM	lun_lcp3_norm_bulk_1_2_1_top49.clonotypes.IGHM	49	49	1	1	1200	2595	20	38	1.0	1.0000000000000002	0.016666666666666666	0.01464354527938343	0.0	0.0	4.164931E-4	0.015622390597783805	0.015622390597783805	0.3227775929455055	0.18198702042425746	0.48298160362242604	0.3021337021842282	0.0103092784	0.9916844229064921	.	.
lun_lcp3_LN_bulk_1_3_2_top49.clonotypes.IGHM	lun_lcp3_norm_bulk_1_2_2_top49.clonotypes.IGHM	49	49	2	2	1200	1792	40	24	1.0	1.0000000000000004	0.03333333333333333	0.013392857142857144	0.0	0.0	8.329863E-4	0.021128856368212916	0.021110475398736665	0.3192010447923976	0.18067044055242043	0.42958565042033914	0.3434571803117503	0.0208333333	0.6912128368098266	.	.
lun_lcp3_LN_bulk_1_3_2_top49.clonotypes.IGHM	lun_lcp3_norm_bulk_1_3_2_top49.clonotypes.IGHM	49	49	0	0	1200	1522	0	0	1.0	0.9999999999999999	0.0	0.0	0.0	0.0	0.0	0.0	0.0	0.27167567751825844	0.14445562973640338	0.4806599067695416	0.1942428396637389	0.0	NaN	.	.
lun_lcp3_LN_bulk_1_3_2_top49.clonotypes.IGHM	lun_lcp3_PBMC_bulk_1_1_1_top49.clonotypes.IGHM	49	49	0	0	1200	14132	0	0	1.0	1.0	0.0	0.0	0.0	0.0	0.0	0.0	0.0	0.48526982493540555	0.2932944226010978	0.671324003694882	0.19037596585598865	0.0	NaN	.	.
lun_lcp3_LN_bulk_1_3_2_top49.clonotypes.IGHM	lun_lcp3_PBMC_bulk_1_1_2_top49.clonotypes.IGHM	49	49	0	0	1200	8395	0	0	1.0	1.0000000000000002	0.0	0.0	0.0	0.0	0.0	0.0	0.0	0.41797622000965895	0.24735072005057632	0.6103102121295825	0.0983926558014397	0.0	NaN	.	.
lun_lcp3_LN_bulk_1_3_2_top49.clonotypes.IGHM	lun_lcp3_tum_bulk_1_1_1_top49.clonotypes.IGHM	49	49	1	1	1200	228	20	4	1.0	1.0000000000000009	0.016666666666666666	0.017543859649122806	0.0	0.0	4.164931E-4	0.017099639201419235	0.017099639201419235	0.705491060852358	0.41346523066364294	0.7813666673030044	0.29776885275609083	0.0103092784	0.9986859395532196	.	.
lun_lcp3_LN_bulk_1_3_2_top49.clonotypes.IGHM	lun_lcp3_tum_bulk_1_1_2_top49.clonotypes.IGHM	49	49	1	1	1200	680	20	9	1.0	0.999999999999999	0.016666666666666666	0.013235294117647059	0.0	0.0	4.164931E-4	0.014852213144650114	0.014852213144650114	0.6578760509760989	0.34534039959930296	0.7833808211865249	0.2885674127646667	0.0103092784	0.9740053050397878	.	.
lun_lcp3_LN_bulk_1_3_2_top49.clonotypes.IGHM	lun_lcp3_tum_bulk_1_2_1_top49.clonotypes.IGHM	49	49	1	1	1200	556	24	14	1.0	1.0000000000000007	0.02	0.025179856115107913	0.0	0.0	4.164931E-4	0.02244096972731255	0.02244096972731255	0.5235209102657573	0.3063507866828807	0.7650641781526897	0.1764838491583853	0.0103092784	0.9740519761342249	.	.
lun_lcp3_LN_bulk_1_3_2_top49.clonotypes.IGHM	lun_lcp3_tum_bulk_1_2_2_top49.clonotypes.IGHM	49	49	0	0	1200	412	0	0	1.0	0.9999999999999999	0.0	0.0	0.0	0.0	0.0	0.0	0.0	0.6436021799179518	0.408366009095274	0.8445474124367883	0.1457497283810155	0.0	NaN	.	.
lun_lcp3_LN_bulk_1_3_2_top49.clonotypes.IGHM	lun_lcp3_tum_bulk_1_3_1_top49.clonotypes.IGHM	49	49	0	0	1200	57	0	0	1.0	1.0000000000000016	0.0	0.0	0.0	0.0	0.0	0.0	0.0	0.7531916930370923	0.42994956651661986	0.8165315861554329	0.2622060125527022	0.0	NaN	.	.
lun_lcp3_norm_bulk_1_2_1_top49.clonotypes.IGHM	lun_lcp3_norm_bulk_1_2_2_top49.clonotypes.IGHM	49	49	9	9	2595	1792	1612	1066	1.0000000000000002	1.0000000000000004	0.621194605009634	0.5948660714285715	0.9969849446304908	0.6276205565667923	0.0037484382	0.6078878138889644	0.5970469886075012	0.1673882337168588	0.0902207660708328	0.25835129764548487	0.0595061751242117	0.1011235955	0.9969819412815197	.	.
lun_lcp3_norm_bulk_1_2_1_top49.clonotypes.IGHM	lun_lcp3_norm_bulk_1_3_2_top49.clonotypes.IGHM	49	49	7	7	2595	1522	1520	470	1.0000000000000002	0.9999999999999999	0.5857418111753372	0.30880420499342964	0.9922322357302312	0.5188745216627707	0.0029154519	0.42529934673287656	0.4125586758142622	0.21699271768641687	0.1275619335206535	0.336401218644182	0.1989109625118099	0.0769230769	0.7666959075050692	.	.
lun_lcp3_norm_bulk_1_2_1_top49.clonotypes.IGHM	lun_lcp3_PBMC_bulk_1_1_1_top49.clonotypes.IGHM	49	49	0	0	2595	14132	0	0	1.0000000000000002	1.0	0.0	0.0	0.0	0.0	0.0	0.0	0.0	0.5421465685016847	0.3611958517079723	0.7355839024438359	0.41130520310555363	0.0	NaN	.	.
lun_lcp3_norm_bulk_1_2_1_top49.clonotypes.IGHM	lun_lcp3_PBMC_bulk_1_1_2_top49.clonotypes.IGHM	49	49	0	0	2595	8395	0	0	1.0000000000000002	1.0000000000000002	0.0	0.0	0.0	0.0	0.0	0.0	0.0	0.48318615834995055	0.32581984958392135	0.6736442685856703	0.3529317629470111	0.0	NaN	.	.
lun_lcp3_norm_bulk_1_2_1_top49.clonotypes.IGHM	lun_lcp3_tum_bulk_1_1_1_top49.clonotypes.IGHM	49	49	1	1	2595	228	38	4	1.0000000000000002	1.0000000000000009	0.01464354527938343	0.017543859649122806	0.0	0.0	4.164931E-4	0.016028234561144834	0.016028234561144834	0.6208059243865213	0.36276747792737496	0.7872552707518117	0.3732203340822095	0.0103092784	0.9838921976921786	.	.
lun_lcp3_norm_bulk_1_2_1_top49.clonotypes.IGHM	lun_lcp3_tum_bulk_1_1_2_top49.clonotypes.IGHM	49	49	1	1	2595	680	38	9	1.0000000000000002	0.999999999999999	0.01464354527938343	0.013235294117647059	0.0	0.0	4.164931E-4	0.01392162449923578	0.01392162449923578	0.615123986162296	0.320307897222348	0.7745844549444422	0.4149418560334215	0.0103092784	0.9949098084931594	.	.
lun_lcp3_norm_bulk_1_2_1_top49.clonotypes.IGHM	lun_lcp3_tum_bulk_1_2_1_top49.clonotypes.IGHM	49	49	0	0	2595	556	0	0	1.0000000000000002	1.0000000000000007	0.0	0.0	0.0	0.0	0.0	0.0	0.0	0.44397905868899873	0.2485852929224925	0.7128749550732738	0.2624517899457716	0.0	NaN	.	.
lun_lcp3_norm_bulk_1_2_1_top49.clonotypes.IGHM	lun_lcp3_tum_bulk_1_2_2_top49.clonotypes.IGHM	49	49	0	0	2595	412	0	0	1.0000000000000002	0.9999999999999999	0.0	0.0	0.0	0.0	0.0	0.0	0.0	0.5829563929683385	0.3471988637001248	0.7792920936472886	0.29880713429230266	0.0	NaN	.	.
lun_lcp3_norm_bulk_1_2_1_top49.clonotypes.IGHM	lun_lcp3_tum_bulk_1_3_1_top49.clonotypes.IGHM	49	49	0	0	2595	57	0	0	1.0000000000000002	1.0000000000000016	0.0	0.0	0.0	0.0	0.0	0.0	0.0	0.7103048630947427	0.374700302141507	0.7652006025064853	0.4453760335728789	0.0	NaN	.	.
lun_lcp3_norm_bulk_1_2_2_top49.clonotypes.IGHM	lun_lcp3_norm_bulk_1_3_2_top49.clonotypes.IGHM	49	49	6	6	1792	1522	985	483	1.0000000000000004	0.9999999999999999	0.5496651785714287	0.3173455978975033	0.9940925689382665	0.6000000000000001	0.0024989588	0.4176527561709463	0.3977922383862421	0.2108540909651633	0.13006331164703122	0.36666442063234983	0.13488866941210265	0.0652173913	0.755996362512455	.	.
lun_lcp3_norm_bulk_1_2_2_top49.clonotypes.IGHM	lun_lcp3_PBMC_bulk_1_1_1_top49.clonotypes.IGHM	49	49	0	0	1792	14132	0	0	1.0000000000000004	1.0	0.0	0.0	0.0	0.0	0.0	0.0	0.0	0.517128524089323	0.3473843556350746	0.6615719149181346	0.4341659722093242	0.0	NaN	.	.
lun_lcp3_norm_bulk_1_2_2_top49.clonotypes.IGHM	lun_lcp3_PBMC_bulk_1_1_2_top49.clonotypes.IGHM	49	49	0	0	1792	8395	0	0	1.0000000000000004	1.0000000000000002	0.0	0.0	0.0	0.0	0.0	0.0	0.0	0.3394342388688239	0.23913397072647355	0.48613724803530356	0.4218011327144661	0.0	NaN	.	.
lun_lcp3_norm_bulk_1_2_2_top49.clonotypes.IGHM	lun_lcp3_tum_bulk_1_1_1_top49.clonotypes.IGHM	49	49	1	1	1792	228	13	4	1.0000000000000004	1.0000000000000009	0.007254464285714286	0.017543859649122806	0.0	0.0	4.164931E-4	0.01128145838347797	0.01128145838347797	0.5565620917004896	0.3484566147404478	0.7470615713650659	0.46722053112209383	0.0103092784	0.7062500914144846	.	.
lun_lcp3_norm_bulk_1_2_2_top49.clonotypes.IGHM	lun_lcp3_tum_bulk_1_1_2_top49.clonotypes.IGHM	49	49	1	1	1792	680	13	9	1.0000000000000004	0.999999999999999	0.007254464285714286	0.013235294117647059	0.0	0.0	4.164931E-4	0.009798722798783266	0.009798722798783266	0.5187071042444558	0.28357903323586725	0.7004185395706909	0.47648296264359696	0.0103092784	0.8429750471167001	.	.
lun_lcp3_norm_bulk_1_2_2_top49.clonotypes.IGHM	lun_lcp3_tum_bulk_1_2_1_top49.clonotypes.IGHM	49	49	0	0	1792	556	0	0	1.0000000000000004	1.0000000000000007	0.0	0.0	0.0	0.0	0.0	0.0	0.0	0.42043270853446535	0.25375906020594324	0.6168369632924628	0.3002090474156199	0.0	NaN	.	.
lun_lcp3_norm_bulk_1_2_2_top49.clonotypes.IGHM	lun_lcp3_tum_bulk_1_2_2_top49.clonotypes.IGHM	49	49	0	0	1792	412	0	0	1.0000000000000004	0.9999999999999999	0.0	0.0	0.0	0.0	0.0	0.0	0.0	0.5775035563358447	0.36400627376919475	0.7539649058320197	0.34308575767774097	0.0	NaN	.	.
lun_lcp3_norm_bulk_1_2_2_top49.clonotypes.IGHM	lun_lcp3_tum_bulk_1_3_1_top49.clonotypes.IGHM	49	49	0	0	1792	57	0	0	1.0000000000000004	1.0000000000000016	0.0	0.0	0.0	0.0	0.0	0.0	0.0	0.6256198482393627	0.32600822000273133	0.6777119655973403	0.5204209177657129	0.0	NaN	.	.
lun_lcp3_norm_bulk_1_3_2_top49.clonotypes.IGHM	lun_lcp3_PBMC_bulk_1_1_1_top49.clonotypes.IGHM	49	49	0	0	1522	14132	0	0	0.9999999999999999	1.0	0.0	0.0	0.0	0.0	0.0	0.0	0.0	0.5382557405876962	0.3264163674238645	0.742706164788593	0.21624768555541957	0.0	NaN	.	.
lun_lcp3_norm_bulk_1_3_2_top49.clonotypes.IGHM	lun_lcp3_PBMC_bulk_1_1_2_top49.clonotypes.IGHM	49	49	0	0	1522	8395	0	0	0.9999999999999999	1.0000000000000002	0.0	0.0	0.0	0.0	0.0	0.0	0.0	0.42976899105368555	0.27483042414326314	0.6356357065089758	0.20986275805267487	0.0	NaN	.	.
lun_lcp3_norm_bulk_1_3_2_top49.clonotypes.IGHM	lun_lcp3_tum_bulk_1_1_1_top49.clonotypes.IGHM	49	49	0	0	1522	228	0	0	0.9999999999999999	1.0000000000000009	0.0	0.0	0.0	0.0	0.0	0.0	0.0	0.7125444621525998	0.4151365947571784	0.8403430995828415	0.45638226705040297	0.0	NaN	.	.
lun_lcp3_norm_bulk_1_3_2_top49.clonotypes.IGHM	lun_lcp3_tum_bulk_1_1_2_top49.clonotypes.IGHM	49	49	0	0	1522	680	0	0	0.9999999999999999	0.999999999999999	0.0	0.0	0.0	0.0	0.0	0.0	0.0	0.6887496369489813	0.35026872388401303	0.8232919954740233	0.4522149714447365	0.0	NaN	.	.
lun_lcp3_norm_bulk_1_3_2_top49.clonotypes.IGHM	lun_lcp3_tum_bulk_1_2_1_top49.clonotypes.IGHM	49	49	0	0	1522	556	0	0	0.9999999999999999	1.0000000000000007	0.0	0.0	0.0	0.0	0.0	0.0	0.0	0.563866218154292	0.306617080785392	0.8139175609668773	0.2472480511300608	0.0	NaN	.	.
lun_lcp3_norm_bulk_1_3_2_top49.clonotypes.IGHM	lun_lcp3_tum_bulk_1_2_2_top49.clonotypes.IGHM	49	49	0	0	1522	412	0	0	0.9999999999999999	0.9999999999999999	0.0	0.0	0.0	0.0	0.0	0.0	0.0	0.6944942110882851	0.39581183120353985	0.8463180591408987	0.23611278434934047	0.0	NaN	.	.
lun_lcp3_norm_bulk_1_3_2_top49.clonotypes.IGHM	lun_lcp3_tum_bulk_1_3_1_top49.clonotypes.IGHM	49	49	0	0	1522	57	0	0	0.9999999999999999	1.0000000000000016	0.0	0.0	0.0	0.0	0.0	0.0	0.0	0.7317676876716784	0.4280430828977517	0.8163293467592451	0.47190612518474057	0.0	NaN	.	.
lun_lcp3_PBMC_bulk_1_1_1_top49.clonotypes.IGHM	lun_lcp3_PBMC_bulk_1_1_2_top49.clonotypes.IGHM	49	49	5	5	14132	8395	4134	2158	1.0	1.0000000000000002	0.2925275969431078	0.2570577724836212	0.9997283263253275	0.39999999999999997	0.0020824656	0.27421978860064394	0.2718245787762263	0.22815375672010618	0.13560913920497009	0.36498229199868865	0.12263133186141933	0.0537634409	0.9839241079796316	.	.
lun_lcp3_PBMC_bulk_1_1_1_top49.clonotypes.IGHM	lun_lcp3_tum_bulk_1_1_1_top49.clonotypes.IGHM	49	49	0	0	14132	228	0	0	1.0	1.0000000000000009	0.0	0.0	0.0	0.0	0.0	0.0	0.0	0.4855955511079482	0.33117392420152764	0.6755460158221793	0.36881674373637435	0.0	NaN	.	.
lun_lcp3_PBMC_bulk_1_1_1_top49.clonotypes.IGHM	lun_lcp3_tum_bulk_1_1_2_top49.clonotypes.IGHM	49	49	0	0	14132	680	0	0	1.0	0.999999999999999	0.0	0.0	0.0	0.0	0.0	0.0	0.0	0.5241553075305384	0.329532154958799	0.6831687331782195	0.34865213531874056	0.0	NaN	.	.
lun_lcp3_PBMC_bulk_1_1_1_top49.clonotypes.IGHM	lun_lcp3_tum_bulk_1_2_1_top49.clonotypes.IGHM	49	49	0	0	14132	556	0	0	1.0	1.0000000000000007	0.0	0.0	0.0	0.0	0.0	0.0	0.0	0.4395644244864905	0.30611252784676235	0.637282230586887	0.2106683147318839	0.0	NaN	.	.
lun_lcp3_PBMC_bulk_1_1_1_top49.clonotypes.IGHM	lun_lcp3_tum_bulk_1_2_2_top49.clonotypes.IGHM	49	49	0	0	14132	412	0	0	1.0	0.9999999999999999	0.0	0.0	0.0	0.0	0.0	0.0	0.0	0.4784562859091524	0.359397817629419	0.6225292353839765	0.20548600845379794	0.0	NaN	.	.
lun_lcp3_PBMC_bulk_1_1_1_top49.clonotypes.IGHM	lun_lcp3_tum_bulk_1_3_1_top49.clonotypes.IGHM	49	49	0	0	14132	57	0	0	1.0	1.0000000000000016	0.0	0.0	0.0	0.0	0.0	0.0	0.0	0.5301047727946845	0.3897811824357515	0.6295104192688109	0.3957451667259261	0.0	NaN	.	.
lun_lcp3_PBMC_bulk_1_1_2_top49.clonotypes.IGHM	lun_lcp3_tum_bulk_1_1_1_top49.clonotypes.IGHM	49	49	0	0	8395	228	0	0	1.0000000000000002	1.0000000000000009	0.0	0.0	0.0	0.0	0.0	0.0	0.0	0.4507914227424117	0.34685372399930503	0.7120986084216333	0.31113133224856504	0.0	NaN	.	.
lun_lcp3_PBMC_bulk_1_1_2_top49.clonotypes.IGHM	lun_lcp3_tum_bulk_1_1_2_top49.clonotypes.IGHM	49	49	0	0	8395	680	0	0	1.0000000000000002	0.999999999999999	0.0	0.0	0.0	0.0	0.0	0.0	0.0	0.44820366148764695	0.30502358477635594	0.6851859315009211	0.30231786689293144	0.0	NaN	.	.
lun_lcp3_PBMC_bulk_1_1_2_top49.clonotypes.IGHM	lun_lcp3_tum_bulk_1_2_1_top49.clonotypes.IGHM	49	49	2	2	8395	556	266	29	1.0000000000000002	1.0000000000000007	0.03168552709946396	0.052158273381294966	0.0	0.0	8.329863E-4	0.04065295050404425	0.023730521300755272	0.4620102481177581	0.34846273337715494	0.6441981185931981	0.17568428339930317	0.0208333333	0.22650196571894488	.	.
lun_lcp3_PBMC_bulk_1_1_2_top49.clonotypes.IGHM	lun_lcp3_tum_bulk_1_2_2_top49.clonotypes.IGHM	49	49	0	0	8395	412	0	0	1.0000000000000002	0.9999999999999999	0.0	0.0	0.0	0.0	0.0	0.0	0.0	0.5779681489195174	0.45157940756466636	0.716797107887043	0.11049264222906327	0.0	NaN	.	.
lun_lcp3_PBMC_bulk_1_1_2_top49.clonotypes.IGHM	lun_lcp3_tum_bulk_1_3_1_top49.clonotypes.IGHM	49	49	0	0	8395	57	0	0	1.0000000000000002	1.0000000000000016	0.0	0.0	0.0	0.0	0.0	0.0	0.0	0.6108129285999545	0.4090637123114947	0.6636660071111462	0.2166266748382624	0.0	NaN	.	.
lun_lcp3_tum_bulk_1_1_1_top49.clonotypes.IGHM	lun_lcp3_tum_bulk_1_1_2_top49.clonotypes.IGHM	49	49	20	20	228	680	179	517	1.0000000000000009	0.999999999999999	0.7850877192982457	0.7602941176470589	0.5912884757242558	0.7341800765281737	0.0083298626	0.7725914669599979	0.7058337212073551	0.11513560609412266	0.09030844265251539	0.14331910729136957	0.05975099483323731	0.2564102564	0.7086787995568654	.	.
lun_lcp3_tum_bulk_1_1_1_top49.clonotypes.IGHM	lun_lcp3_tum_bulk_1_2_1_top49.clonotypes.IGHM	49	49	11	11	228	556	120	247	1.0000000000000009	1.0000000000000007	0.5263157894736841	0.4442446043165468	0.16130656008193842	0.3807339449541285	0.0045814244	0.4835420867311218	0.3967817137647981	0.35962456826133865	0.2014526558089723	0.425302412690629	0.20066589993041614	0.1264367816	0.42731811858128355	.	.
lun_lcp3_tum_bulk_1_1_1_top49.clonotypes.IGHM	lun_lcp3_tum_bulk_1_2_2_top49.clonotypes.IGHM	49	49	11	11	228	412	105	224	1.0000000000000009	0.9999999999999999	0.4605263157894737	0.5436893203883495	0.09746836355788838	0.7744186046511626	0.0045814244	0.5003830928923652	0.3878722000134693	0.3414361772631027	0.24420129170536922	0.39338360029499864	0.24209352950139545	0.1264367816	0.350704421532663	.	.
lun_lcp3_tum_bulk_1_1_1_top49.clonotypes.IGHM	lun_lcp3_tum_bulk_1_3_1_top49.clonotypes.IGHM	49	49	6	6	228	57	25	9	1.0000000000000009	1.0000000000000016	0.10964912280701754	0.15789473684210525	0.1634592211936398	0.3772968873135194	0.0024989588	0.13157894736842105	0.12089693179344885	0.4383904807268293	0.29952064625715713	0.5679220305884751	0.3388719632551448	0.0652173913	0.7223476297968399	.	.
lun_lcp3_tum_bulk_1_1_2_top49.clonotypes.IGHM	lun_lcp3_tum_bulk_1_2_1_top49.clonotypes.IGHM	49	49	14	14	680	556	286	267	0.999999999999999	1.0000000000000007	0.42058823529411765	0.4802158273381295	0.804667709361933	0.3953490796331663	0.0058309038	0.4494142046936752	0.4207316205265629	0.3239209550094118	0.17019644643179233	0.3764927304185032	0.18043936488956677	0.1666666667	0.8905240335025174	.	.
lun_lcp3_tum_bulk_1_1_2_top49.clonotypes.IGHM	lun_lcp3_tum_bulk_1_2_2_top49.clonotypes.IGHM	49	49	14	14	680	412	254	239	0.999999999999999	0.9999999999999999	0.37352941176470583	0.5800970873786407	0.8572662423375813	0.6956035987715707	0.0058309038	0.46549256042923265	0.447915442504062	0.24969178815936213	0.16174114656677244	0.32044035226871104	0.18330763631615352	0.1666666667	0.7999302215089393	.	.
lun_lcp3_tum_bulk_1_1_2_top49.clonotypes.IGHM	lun_lcp3_tum_bulk_1_3_1_top49.clonotypes.IGHM	49	49	6	6	680	57	68	8	0.999999999999999	1.0000000000000016	0.1	0.14035087719298245	0.4780914437337575	0.6301260378126043	0.0024989588	0.11846977555181848	0.11075539963357256	0.45810961424924707	0.28183768575506174	0.6005475107712323	0.25667726419418446	0.0652173913	0.8104265945955074	.	.
lun_lcp3_tum_bulk_1_2_1_top49.clonotypes.IGHM	lun_lcp3_tum_bulk_1_2_2_top49.clonotypes.IGHM	49	49	21	21	556	412	336	293	1.0000000000000007	0.9999999999999999	0.6043165467625902	0.7111650485436892	0.9000385491804193	0.48784536206213625	0.0087463557	0.6555675451958952	0.6281656026115617	0.17258463575210797	0.10831047219309939	0.21926286438081835	0.052397341706187435	0.2727272727	0.8450992841941662	.	.
lun_lcp3_tum_bulk_1_2_1_top49.clonotypes.IGHM	lun_lcp3_tum_bulk_1_3_1_top49.clonotypes.IGHM	49	49	6	6	556	57	62	10	1.0000000000000007	1.0000000000000016	0.11151079136690648	0.17543859649122806	-0.24066273503847463	-0.20352289460267356	0.0024989588	0.13986885547196068	0.13094233674065242	0.3491759496865195	0.23892516979140008	0.4577203364430256	0.21441352485978	0.0652173913	0.7104747011643235	.	.
lun_lcp3_tum_bulk_1_2_2_top49.clonotypes.IGHM	lun_lcp3_tum_bulk_1_3_1_top49.clonotypes.IGHM	49	49	5	5	412	57	58	7	0.9999999999999999	1.0000000000000016	0.1407766990291262	0.12280701754385964	-0.04952761315096534	0.2886751345948129	0.0020824656	0.13148523319155103	0.11847964904817021	0.444467215805928	0.3145158371628887	0.5401787829541759	0.11728121894519544	0.0537634409	0.6659149933309961	.	.
