1_sample_id	2_sample_id	div1	div2	div12	div21	count1	count2	count12	count21	freq1	freq2	freq12	freq21	R	Rs	D	F	F2	vJSD	vjJSD	vj2JSD	sJSD	Jaccard	MorisitaHorn	1_metadata_blank	2_metadata_blank
lun_lcp3_LN_bulk_1_1_1_top72.clonotypes.IGHA	lun_lcp3_LN_bulk_1_1_2_top72.clonotypes.IGHA	72	72	13	13	6032	3185	1847	1066	1.0000000000000004	1.0000000000000002	0.3062002652519894	0.3346938775510205	0.3928802329540108	0.3681318681318682	0.00250771605	0.3201302142634139	0.30570354266443306	0.19597542931934306	0.11292308552614537	0.4316496021806556	0.07413884522587397	0.0992366412	0.8431881766135821	.	.
lun_lcp3_LN_bulk_1_1_1_top72.clonotypes.IGHA	lun_lcp3_LN_bulk_1_2_1_top72.clonotypes.IGHA	72	72	9	9	6032	6551	1351	2710	1.0000000000000004	0.9999999999999998	0.22397214854111408	0.41367730117539314	0.6377301635291803	0.7196715715299218	0.0017361111	0.3043882289888069	0.2809014746184509	0.16820075133765167	0.09326201504819608	0.4404186402753365	0.08944031241581633	0.0666666667	0.546125644085177	.	.
lun_lcp3_LN_bulk_1_1_1_top72.clonotypes.IGHA	lun_lcp3_LN_bulk_1_2_2_top72.clonotypes.IGHA	72	72	5	5	6032	4565	942	1410	1.0000000000000004	0.9999999999999999	0.15616710875331566	0.3088718510405257	0.6268736513118761	0.9	9.645062E-4	0.21962610034393384	0.20374902977497542	0.20949135238669572	0.11541331533519765	0.5302483665839672	0.09225990921291832	0.035971223	0.5578032381265561	.	.
lun_lcp3_LN_bulk_1_1_1_top72.clonotypes.IGHA	lun_lcp3_LN_bulk_1_3_1_top72.clonotypes.IGHA	72	72	18	18	6032	3935	2113	1801	1.0000000000000004	0.9999999999999996	0.3502984084880637	0.457687420584498	0.6268963769603177	0.6353305785123968	0.0034722222	0.4004087599138619	0.3810724178796765	0.2336380995813114	0.12926785249037032	0.41732926994696873	0.06901020594927379	0.1428571429	0.6721027988808438	.	.
lun_lcp3_LN_bulk_1_1_1_top72.clonotypes.IGHA	lun_lcp3_LN_bulk_1_3_2_top72.clonotypes.IGHA	72	72	14	14	6032	3171	1684	1624	1.0000000000000004	1.0000000000000007	0.2791777188328913	0.5121412803532008	0.6935058654123081	0.6138617575993781	0.0027006173	0.3781248925542497	0.3557677789216469	0.245551629880938	0.12940181256485117	0.41520544277562565	0.1203433458254121	0.1076923077	0.5266681428117117	.	.
lun_lcp3_LN_bulk_1_1_1_top72.clonotypes.IGHA	lun_lcp3_norm_bulk_1_1_1_top72.clonotypes.IGHA	72	72	4	4	6032	2335	399	159	1.0000000000000004	0.9999999999999984	0.0661472148541114	0.06809421841541756	0.40853070152156384	0.6000000000000001	7.716049E-4	0.06711365655250363	0.06447359151075033	0.19329734304762608	0.11755412799760595	0.4503910707426466	0.05921299580520357	0.0285714286	0.8409131914224037	.	.
lun_lcp3_LN_bulk_1_1_1_top72.clonotypes.IGHA	lun_lcp3_norm_bulk_1_1_2_top72.clonotypes.IGHA	72	72	4	4	6032	642	718	39	1.0000000000000004	1.0000000000000009	0.11903183023872681	0.06074766355140186	0.4817492179286444	0.6324555320336759	7.716049E-4	0.08503473158215859	0.08324117119561618	0.23724198768763793	0.13202866434190605	0.5455536706858007	0.08883978235925914	0.0285714286	0.7049264934259085	.	.
lun_lcp3_LN_bulk_1_1_1_top72.clonotypes.IGHA	lun_lcp3_norm_bulk_1_2_1_top72.clonotypes.IGHA	72	72	5	5	6032	3202	1041	326	1.0000000000000004	0.9999999999999981	0.17257957559681697	0.10181136789506559	0.6937914852224463	0.30000000000000004	9.645062E-4	0.13255399904288748	0.13036948030692344	0.165381446565702	0.09182457112990187	0.3554035139248453	0.07500766837736818	0.035971223	0.8540291529777319	.	.
lun_lcp3_LN_bulk_1_1_1_top72.clonotypes.IGHA	lun_lcp3_norm_bulk_1_2_2_top72.clonotypes.IGHA	72	72	3	3	6032	3231	625	197	1.0000000000000004	1.0000000000000004	0.10361405835543766	0.0609718353450944	0.7339079536746437	0.5	5.787037E-4	0.07948294977845718	0.07838593035847322	0.15122287422755085	0.09414098944828889	0.43752481850388597	0.04617507485917901	0.0212765957	0.8400394358450862	.	.
lun_lcp3_LN_bulk_1_1_1_top72.clonotypes.IGHA	lun_lcp3_norm_bulk_1_3_1_top72.clonotypes.IGHA	72	72	4	4	6032	200	416	10	1.0000000000000004	1.0000000000000007	0.06896551724137931	0.05	-0.8529600246967186	-0.8944271909999159	7.716049E-4	0.058722021951470346	0.0546198092422618	0.19352036746329346	0.10667666102492304	0.5195406208757007	0.13891396836792266	0.0285714286	0.6935267473163824	.	.
lun_lcp3_LN_bulk_1_1_1_top72.clonotypes.IGHA	lun_lcp3_norm_bulk_1_3_2_top72.clonotypes.IGHA	72	72	4	4	6032	5136	602	575	1.0000000000000004	1.0	0.09980106100795756	0.11195482866043613	-0.35319931965976703	-0.0	7.716049E-4	0.10570340905228942	0.09267086653326533	0.2359554984189085	0.12376297988829714	0.545589775949643	0.07510474111794506	0.0285714286	0.5978189663025179	.	.
lun_lcp3_LN_bulk_1_1_1_top72.clonotypes.IGHA	lun_lcp3_PBMC_bulk_1_1_1_top72.clonotypes.IGHA	72	72	1	1	6032	33892	48	850	1.0000000000000004	0.9999999999999999	0.007957559681697613	0.025079664817656083	0.0	0.0	1.929012E-4	0.014127028335197397	0.014127028335197397	0.2541367430694665	0.13584181268255574	0.5166429476306428	0.10712365906874512	0.006993007	0.576540145414296	.	.
lun_lcp3_LN_bulk_1_1_1_top72.clonotypes.IGHA	lun_lcp3_PBMC_bulk_1_1_2_top72.clonotypes.IGHA	72	72	3	3	6032	27123	562	2387	1.0000000000000004	1.0	0.09316976127320956	0.08800648895771117	-0.5079140279955087	-0.5	5.787037E-4	0.09055133111491682	0.0831816111408386	0.21204165403507372	0.12374840635703871	0.4505561659409228	0.0860878904486794	0.0212765957	0.7662560332084649	.	.
lun_lcp3_LN_bulk_1_1_1_top72.clonotypes.IGHA	lun_lcp3_tum_bulk_1_1_1_top72.clonotypes.IGHA	72	72	3	3	6032	1248	606	266	1.0000000000000004	0.9999999999999989	0.10046419098143236	0.21314102564102563	0.9999963442164987	1.0	5.787037E-4	0.14633195381043188	0.14623437989336083	0.2305588103323759	0.12405527771066581	0.5201464915002847	0.12282646679300656	0.0212765957	0.7587963798129356	.	.
lun_lcp3_LN_bulk_1_1_1_top72.clonotypes.IGHA	lun_lcp3_tum_bulk_1_1_2_top72.clonotypes.IGHA	72	72	3	3	6032	3449	606	833	1.0000000000000004	0.9999999999999999	0.10046419098143236	0.24151928095100028	0.8683352779874993	0.5	5.787037E-4	0.15576918555079983	0.15032206087540034	0.2775397674613142	0.14790596393073888	0.49827322932041973	0.16081313714561196	0.0212765957	0.5686003701822727	.	.
lun_lcp3_LN_bulk_1_1_1_top72.clonotypes.IGHA	lun_lcp3_tum_bulk_1_2_1_top72.clonotypes.IGHA	72	72	2	2	6032	5924	514	717	1.0000000000000004	0.9999999999999999	0.08521220159151194	0.12103308575286968	0.0	0.0	3.858025E-4	0.10155538243941717	0.09492603696258248	0.3756877144483544	0.20005819571020592	0.5988913389079433	0.1355799612776068	0.014084507	0.762529523407174	.	.
lun_lcp3_LN_bulk_1_1_1_top72.clonotypes.IGHA	lun_lcp3_tum_bulk_1_2_2_top72.clonotypes.IGHA	72	72	2	2	6032	4335	514	694	1.0000000000000004	0.9999999999999997	0.08521220159151194	0.16009227220299885	0.0	0.0	3.858025E-4	0.11679818051752835	0.10525229329633183	0.3817422307317482	0.19912754624494947	0.5597212279537448	0.14443092825006842	0.014084507	0.6068294336738963	.	.
lun_lcp3_LN_bulk_1_1_1_top72.clonotypes.IGHA	lun_lcp3_tum_bulk_1_3_1_top72.clonotypes.IGHA	72	72	2	2	6032	147	601	47	1.0000000000000004	1.0000000000000004	0.09963527851458887	0.3197278911564626	0.0	0.0	3.858025E-4	0.17848298934143922	0.14579302962146995	0.3187393605331376	0.1740997200108815	0.5506279515764547	0.15977530193377232	0.014084507	0.3237493456439587	.	.
lun_lcp3_LN_bulk_1_1_1_top72.clonotypes.IGHA	lun_lcp3_tum_bulk_1_3_2_top72.clonotypes.IGHA	72	72	1	1	6032	97	315	22	1.0000000000000004	0.9999999999999986	0.052221485411140585	0.2268041237113402	0.0	0.0	1.929012E-4	0.10883036450172479	0.10883036450172479	0.2809355657761005	0.15154735922406198	0.4807428445867313	0.046595485377380515	0.006993007	0.4373144461590667	.	.
lun_lcp3_LN_bulk_1_1_2_top72.clonotypes.IGHA	lun_lcp3_LN_bulk_1_2_1_top72.clonotypes.IGHA	72	72	6	6	3185	6551	512	2427	1.0000000000000002	0.9999999999999998	0.1607535321821036	0.37047778965043504	0.9310666384851506	0.6000000000000001	0.0011574074	0.24404018784070342	0.23130845899585947	0.1698023758079221	0.09960050619405614	0.41011615834626625	0.10075421697723569	0.0434782609	0.6147191974240432	.	.
lun_lcp3_LN_bulk_1_1_2_top72.clonotypes.IGHA	lun_lcp3_LN_bulk_1_2_2_top72.clonotypes.IGHA	72	72	7	7	3185	4565	611	1512	1.0000000000000002	0.9999999999999999	0.19183673469387755	0.3312157721796276	0.9505966102242759	0.8928571428571429	0.0013503086	0.2520701335225001	0.24185429686575416	0.2566001466911739	0.1292814367571078	0.4303876893157574	0.06987254985123276	0.0510948905	0.6945987160135594	.	.
lun_lcp3_LN_bulk_1_1_2_top72.clonotypes.IGHA	lun_lcp3_LN_bulk_1_3_1_top72.clonotypes.IGHA	72	72	23	23	3185	3935	1479	2161	1.0000000000000002	0.9999999999999996	0.4643642072213502	0.5491740787801778	0.768058091462344	0.54055390702275	0.0044367284	0.5049918669832937	0.482817690256674	0.15230201495981976	0.08003073683089185	0.2931413529480963	0.03778004481996634	0.1900826446	0.7832642440268567	.	.
lun_lcp3_LN_bulk_1_1_2_top72.clonotypes.IGHA	lun_lcp3_LN_bulk_1_3_2_top72.clonotypes.IGHA	72	72	18	18	3185	3171	1317	1704	1.0000000000000002	1.0000000000000007	0.41350078492935644	0.5373699148533585	0.7951023768739206	0.5962736114185468	0.0034722222	0.47138400650561446	0.4419075126369629	0.2663776023797469	0.14085980096998313	0.40000522129184884	0.07316056098810919	0.1428571429	0.6638385490780455	.	.
lun_lcp3_LN_bulk_1_1_2_top72.clonotypes.IGHA	lun_lcp3_norm_bulk_1_1_1_top72.clonotypes.IGHA	72	72	3	3	3185	2335	172	167	1.0000000000000002	0.9999999999999984	0.05400313971742543	0.07152034261241971	0.9698222776915401	1.0	5.787037E-4	0.06214759090050585	0.06204845343990584	0.22064362648209213	0.14084903860553097	0.4218515144494664	0.08011314266858212	0.0212765957	0.9483974798169368	.	.
lun_lcp3_LN_bulk_1_1_2_top72.clonotypes.IGHA	lun_lcp3_norm_bulk_1_1_2_top72.clonotypes.IGHA	72	72	3	3	3185	642	239	32	1.0000000000000002	1.0000000000000009	0.0750392464678179	0.04984423676012461	-0.8592345816656877	-0.8660254037844386	5.787037E-4	0.06115777928639381	0.05891767839382617	0.2832639867427404	0.1579920359103967	0.49905988200440465	0.09821232736199667	0.0212765957	0.7834531915074082	.	.
lun_lcp3_LN_bulk_1_1_2_top72.clonotypes.IGHA	lun_lcp3_norm_bulk_1_2_1_top72.clonotypes.IGHA	72	72	6	6	3185	3202	402	366	1.0000000000000002	0.9999999999999981	0.1262166405023548	0.11430356027482824	0.6287968904967405	0.7142857142857143	0.0011574074	0.12011249466790389	0.1170908104582467	0.2444143283782012	0.13857418046276973	0.44089733644946744	0.09290672471130401	0.0434782609	0.9185374312918893	.	.
lun_lcp3_LN_bulk_1_1_2_top72.clonotypes.IGHA	lun_lcp3_norm_bulk_1_2_2_top72.clonotypes.IGHA	72	72	5	5	3185	3231	372	310	1.0000000000000002	1.0000000000000004	0.11679748822605966	0.09594552770040235	0.5043067260808779	0.6	9.645062E-4	0.10585932477552851	0.10317334212412299	0.19709524640700624	0.1125484642955731	0.41683564872735773	0.08267569046276174	0.035971223	0.9013424536607073	.	.
lun_lcp3_LN_bulk_1_1_2_top72.clonotypes.IGHA	lun_lcp3_norm_bulk_1_3_1_top72.clonotypes.IGHA	72	72	6	6	3185	200	246	21	1.0000000000000002	1.0000000000000007	0.07723704866562009	0.10500000000000001	-0.25979138468116236	-0.3985266984930429	0.0011574074	0.09005492829318178	0.08017138192764428	0.12847859151581234	0.08643129742784333	0.41366142489010194	0.12478909979603528	0.0434782609	0.5156471228891021	.	.
lun_lcp3_LN_bulk_1_1_2_top72.clonotypes.IGHA	lun_lcp3_norm_bulk_1_3_2_top72.clonotypes.IGHA	72	72	5	5	3185	5136	279	780	1.0000000000000002	1.0	0.08759811616954474	0.15186915887850466	0.08614081856132909	-0.15389675281277299	9.645062E-4	0.11534059225619704	0.10334636767637687	0.2451594570479445	0.13214307296866104	0.5453188974821979	0.09029243559129431	0.035971223	0.59413908766444	.	.
lun_lcp3_LN_bulk_1_1_2_top72.clonotypes.IGHA	lun_lcp3_PBMC_bulk_1_1_1_top72.clonotypes.IGHA	72	72	1	1	3185	33892	44	850	1.0000000000000002	0.9999999999999999	0.013814756671899528	0.025079664817656083	0.0	0.0	1.929012E-4	0.01861369030763965	0.01861369030763965	0.25674094295507266	0.1474948470875474	0.521589422513879	0.10605334612683595	0.006993007	0.8452154004823558	.	.
lun_lcp3_LN_bulk_1_1_2_top72.clonotypes.IGHA	lun_lcp3_PBMC_bulk_1_1_2_top72.clonotypes.IGHA	72	72	3	3	3185	27123	264	2387	1.0000000000000002	1.0	0.08288854003139717	0.08800648895771117	-0.4017990493186983	-0.5	5.787037E-4	0.08540918793077215	0.08218192955657033	0.20195704833822736	0.10927116433801919	0.427342387214003	0.09767042782040233	0.0212765957	0.8761182177630352	.	.
lun_lcp3_LN_bulk_1_1_2_top72.clonotypes.IGHA	lun_lcp3_tum_bulk_1_1_1_top72.clonotypes.IGHA	72	72	3	3	3185	1248	262	241	1.0000000000000002	0.9999999999999989	0.08226059654631082	0.19310897435897437	0.9929119820355699	1.0	5.787037E-4	0.12603673841073273	0.12281323908603965	0.29098778430453887	0.15370811732978057	0.47943281062249765	0.0819038783192799	0.0212765957	0.6384700530468811	.	.
lun_lcp3_LN_bulk_1_1_2_top72.clonotypes.IGHA	lun_lcp3_tum_bulk_1_1_2_top72.clonotypes.IGHA	72	72	3	3	3185	3449	262	765	1.0000000000000002	0.9999999999999999	0.08226059654631082	0.22180342128153088	0.803870330335036	1.0	5.787037E-4	0.13507657735755457	0.12631322674096618	0.3344962393970278	0.17675679480958795	0.5261632202287431	0.12557906420487783	0.0212765957	0.44720765576077454	.	.
lun_lcp3_LN_bulk_1_1_2_top72.clonotypes.IGHA	lun_lcp3_tum_bulk_1_2_1_top72.clonotypes.IGHA	72	72	3	3	3185	5924	249	820	1.0000000000000002	0.9999999999999999	0.0781789638932496	0.13841998649561107	0.672982557323313	0.5	5.787037E-4	0.10402658855477515	0.09614737554594902	0.36148601168199695	0.19628453720876446	0.549485132156148	0.15094045009066115	0.0212765957	0.6320084179360486	.	.
lun_lcp3_LN_bulk_1_1_2_top72.clonotypes.IGHA	lun_lcp3_tum_bulk_1_2_2_top72.clonotypes.IGHA	72	72	3	3	3185	4335	249	713	1.0000000000000002	0.9999999999999997	0.0781789638932496	0.16447520184544406	0.7278897920704924	1.0	5.787037E-4	0.11339533000265008	0.09845126903402275	0.42876537315224583	0.22695388381295417	0.5705686738754936	0.16659287262757405	0.0212765957	0.4780938925292338	.	.
lun_lcp3_LN_bulk_1_1_2_top72.clonotypes.IGHA	lun_lcp3_tum_bulk_1_3_1_top72.clonotypes.IGHA	72	72	2	2	3185	147	194	51	1.0000000000000002	1.0000000000000004	0.06091051805337519	0.3469387755102041	0.0	0.0	3.858025E-4	0.14536925585944976	0.13746646633225573	0.36074435648292114	0.1968246408984004	0.5726078633157468	0.2569190562833657	0.014084507	0.25414600550217803	.	.
lun_lcp3_LN_bulk_1_1_2_top72.clonotypes.IGHA	lun_lcp3_tum_bulk_1_3_2_top72.clonotypes.IGHA	72	72	2	2	3185	97	194	25	1.0000000000000002	0.9999999999999986	0.06091051805337519	0.25773195876288657	0.0	0.0	3.858025E-4	0.125294002758147	0.11984592618914855	0.2745533405160633	0.14900735329848025	0.4679919873211255	0.14237980761475502	0.014084507	0.34745940129364766	.	.
lun_lcp3_LN_bulk_1_2_1_top72.clonotypes.IGHA	lun_lcp3_LN_bulk_1_2_2_top72.clonotypes.IGHA	72	72	9	9	6551	4565	2457	1644	0.9999999999999998	0.9999999999999999	0.3750572431689818	0.36013143483022997	0.9953733048952764	0.761512941967708	0.0017361111	0.36751857521207804	0.36500912430778526	0.15579679446993092	0.08795996295131625	0.3772574855181595	0.0477116863768022	0.0666666667	0.9903128629620127	.	.
lun_lcp3_LN_bulk_1_2_1_top72.clonotypes.IGHA	lun_lcp3_LN_bulk_1_3_1_top72.clonotypes.IGHA	72	72	10	10	6551	3935	2530	1223	0.9999999999999998	0.9999999999999996	0.3862005800641124	0.3108005082592122	0.9773322468181971	0.3890595479552413	0.0019290123	0.34645538900979544	0.3395254549679595	0.2534306607763723	0.1369592900467773	0.4931124048602195	0.06083913863565075	0.0746268657	0.9425455730060008	.	.
lun_lcp3_LN_bulk_1_2_1_top72.clonotypes.IGHA	lun_lcp3_LN_bulk_1_3_2_top72.clonotypes.IGHA	72	72	10	10	6551	3171	2625	1184	0.9999999999999998	1.0000000000000007	0.40070218287284387	0.3733837906023337	0.9832770741969212	0.19999999999999993	0.0019290123	0.3868018872028573	0.3815940945145336	0.2651120748477365	0.13970650799329504	0.4977556822255789	0.045541740176771595	0.0746268657	0.9873206320067384	.	.
lun_lcp3_LN_bulk_1_2_1_top72.clonotypes.IGHA	lun_lcp3_norm_bulk_1_1_1_top72.clonotypes.IGHA	72	72	0	0	6551	2335	0	0	0.9999999999999998	0.9999999999999984	0.0	0.0	0.0	0.0	0.0	0.0	0.0	0.20590142915390217	0.11914671503588048	0.45133228429481664	0.1458322147420543	0.0	NaN	.	.
lun_lcp3_LN_bulk_1_2_1_top72.clonotypes.IGHA	lun_lcp3_norm_bulk_1_1_2_top72.clonotypes.IGHA	72	72	3	3	6551	642	1120	29	0.9999999999999998	1.0000000000000009	0.17096626469241338	0.045171339563862926	0.4546040252212035	0.5	5.787037E-4	0.08787932177928022	0.08131371346183158	0.23669918171002574	0.14771627335310428	0.47602153141545867	0.17771422281701013	0.0212765957	0.3346555396152037	.	.
lun_lcp3_LN_bulk_1_2_1_top72.clonotypes.IGHA	lun_lcp3_norm_bulk_1_2_1_top72.clonotypes.IGHA	72	72	2	2	6551	3202	1069	194	0.9999999999999998	0.9999999999999981	0.16318119371088385	0.060587133041848845	0.0	0.0	3.858025E-4	0.09943178914858683	0.09890237387597242	0.22804331368323308	0.11471651547067899	0.5245295149103131	0.1253725081637139	0.014084507	0.6146894718466016	.	.
lun_lcp3_LN_bulk_1_2_1_top72.clonotypes.IGHA	lun_lcp3_norm_bulk_1_2_2_top72.clonotypes.IGHA	72	72	3	3	6551	3231	893	212	0.9999999999999998	1.0000000000000004	0.13631506640207602	0.06561436087898484	0.8043935839535927	1.0	5.787037E-4	0.09457391796974786	0.08571848695578171	0.19461409817517142	0.10702107378998445	0.4420766991275413	0.13124556638892462	0.0212765957	0.5085072695539492	.	.
lun_lcp3_LN_bulk_1_2_1_top72.clonotypes.IGHA	lun_lcp3_norm_bulk_1_3_1_top72.clonotypes.IGHA	72	72	1	1	6551	200	304	2	0.9999999999999998	1.0000000000000007	0.046405128987940775	0.01	0.0	0.0	1.929012E-4	0.021541849732077508	0.021541849732077508	0.19677213379215386	0.1027842583824207	0.4608330258505702	0.12802887889412554	0.006993007	0.411861078480461	.	.
lun_lcp3_LN_bulk_1_2_1_top72.clonotypes.IGHA	lun_lcp3_norm_bulk_1_3_2_top72.clonotypes.IGHA	72	72	2	2	6551	5136	355	177	0.9999999999999998	1.0	0.05419019996947031	0.0344626168224299	0.0	0.0	3.858025E-4	0.04321499851994338	0.04253315739316743	0.1964886000535415	0.10233580760671566	0.4759544354754295	0.11506987634787026	0.014084507	0.8342758691956083	.	.
lun_lcp3_LN_bulk_1_2_1_top72.clonotypes.IGHA	lun_lcp3_PBMC_bulk_1_1_1_top72.clonotypes.IGHA	72	72	1	1	6551	33892	70	417	0.9999999999999998	0.9999999999999999	0.010685391543275836	0.012303788504661867	0.0	0.0	1.929012E-4	0.011466071586989519	0.011466071586989519	0.3022987677425601	0.1596227501979987	0.5328045771970336	0.1103557790158899	0.006993007	0.9901370658426759	.	.
lun_lcp3_LN_bulk_1_2_1_top72.clonotypes.IGHA	lun_lcp3_PBMC_bulk_1_1_2_top72.clonotypes.IGHA	72	72	2	2	6551	27123	865	812	0.9999999999999998	1.0	0.13204090978476568	0.029937691258341628	0.0	0.0	3.858025E-4	0.0628728875637731	0.06072006211265375	0.2910888069835556	0.15411916078751287	0.5442615395683323	0.17077527114792504	0.014084507	0.34798594884774164	.	.
lun_lcp3_LN_bulk_1_2_1_top72.clonotypes.IGHA	lun_lcp3_tum_bulk_1_1_1_top72.clonotypes.IGHA	72	72	6	6	6551	1248	1119	336	0.9999999999999998	0.9999999999999989	0.17081361624179514	0.2692307692307693	0.7778171457676285	0.1999999999999999	0.0011574074	0.21444878478524407	0.1968147281559757	0.23218055553904787	0.12932078797874533	0.4426316264208449	0.11624296391734633	0.0434782609	0.8377104008637705	.	.
lun_lcp3_LN_bulk_1_2_1_top72.clonotypes.IGHA	lun_lcp3_tum_bulk_1_1_2_top72.clonotypes.IGHA	72	72	7	7	6551	3449	1158	1124	0.9999999999999998	0.9999999999999999	0.17676690581590598	0.32589156277181797	0.9683219747851795	0.6785714285714286	0.0013503086	0.2400142562071769	0.23372784862674104	0.26197863558925083	0.14059602054560444	0.4965690794004334	0.11290725014339957	0.0510948905	0.871374706806255	.	.
lun_lcp3_LN_bulk_1_2_1_top72.clonotypes.IGHA	lun_lcp3_tum_bulk_1_2_1_top72.clonotypes.IGHA	72	72	4	4	6551	5924	992	1711	0.9999999999999998	0.9999999999999999	0.1514272630132804	0.2888251181634031	0.40881709755853385	-0.2000000000000001	7.716049E-4	0.20913153070011092	0.17718279541354556	0.27655010468677493	0.15686435485220168	0.4797009854088311	0.19316141353683988	0.0285714286	0.6557578979697027	.	.
lun_lcp3_LN_bulk_1_2_1_top72.clonotypes.IGHA	lun_lcp3_tum_bulk_1_2_2_top72.clonotypes.IGHA	72	72	5	5	6551	4335	1062	1438	0.9999999999999998	0.9999999999999997	0.16211265455655624	0.3317185697808535	0.6682431201932748	0.3590924232298039	9.645062E-4	0.231896049800074	0.20203769277345254	0.3702802243220649	0.20041898486436222	0.5314228320864546	0.1945660293849487	0.035971223	0.7038171284409822	.	.
lun_lcp3_LN_bulk_1_2_1_top72.clonotypes.IGHA	lun_lcp3_tum_bulk_1_3_1_top72.clonotypes.IGHA	72	72	6	6	6551	147	1252	58	0.9999999999999998	1.0000000000000004	0.19111586017401924	0.3945578231292517	0.9756522435888683	0.08827348295047541	0.0011574074	0.27460199881962893	0.2605215934523741	0.24703385289608001	0.13014837656352649	0.525282353957328	0.2152552930096275	0.0434782609	0.6552762982116714	.	.
lun_lcp3_LN_bulk_1_2_1_top72.clonotypes.IGHA	lun_lcp3_tum_bulk_1_3_2_top72.clonotypes.IGHA	72	72	6	6	6551	97	1165	28	0.9999999999999998	0.9999999999999986	0.17783544497023354	0.288659793814433	0.9975310431284259	0.6761234037828132	0.0011574074	0.22656995140133998	0.22350398601408886	0.25037528101831724	0.13023079708222374	0.3579888133187273	0.1552126427048741	0.0434782609	0.8174079163012413	.	.
lun_lcp3_LN_bulk_1_2_2_top72.clonotypes.IGHA	lun_lcp3_LN_bulk_1_3_1_top72.clonotypes.IGHA	72	72	8	8	4565	3935	1590	1343	0.9999999999999999	0.9999999999999996	0.348302300109529	0.3412960609911055	0.9514326874879041	0.9285714285714286	0.0015432099	0.3447813844474846	0.33764156091622605	0.25516269913351214	0.13118476836163934	0.4934887893907696	0.058141729621865326	0.0588235294	0.9602376368437644	.	.
lun_lcp3_LN_bulk_1_2_2_top72.clonotypes.IGHA	lun_lcp3_LN_bulk_1_3_2_top72.clonotypes.IGHA	72	72	8	8	4565	3171	1611	1161	0.9999999999999999	1.0000000000000007	0.3529025191675794	0.36613055818353835	0.9840225550293847	0.5868368683374967	0.0015432099	0.3594556945260468	0.35361612265254416	0.3227161838036046	0.16590336776026146	0.5465823781596119	0.03798480764159605	0.0588235294	0.9809658003748319	.	.
lun_lcp3_LN_bulk_1_2_2_top72.clonotypes.IGHA	lun_lcp3_norm_bulk_1_1_1_top72.clonotypes.IGHA	72	72	0	0	4565	2335	0	0	0.9999999999999999	0.9999999999999984	0.0	0.0	0.0	0.0	0.0	0.0	0.0	0.21591422164093552	0.12918880406479555	0.4681179157094389	0.13512847995465307	0.0	NaN	.	.
lun_lcp3_LN_bulk_1_2_2_top72.clonotypes.IGHA	lun_lcp3_norm_bulk_1_1_2_top72.clonotypes.IGHA	72	72	1	1	4565	642	448	10	0.9999999999999999	1.0000000000000009	0.09813800657174152	0.01557632398753894	0.0	0.0	1.929012E-4	0.03909769028795271	0.03909769028795271	0.31538087631129186	0.17295980159299454	0.5005117401211505	0.13898368522040774	0.006993007	0.3096368945043451	.	.
lun_lcp3_LN_bulk_1_2_2_top72.clonotypes.IGHA	lun_lcp3_norm_bulk_1_2_1_top72.clonotypes.IGHA	72	72	3	3	4565	3202	574	220	0.9999999999999999	0.9999999999999981	0.1257393209200438	0.06870705808869457	0.9549702151876812	0.5	5.787037E-4	0.0929471829938189	0.08861120025405853	0.24029031115344168	0.13080290673598938	0.5280071328484132	0.11288519360157818	0.0212765957	0.6805000343109932	.	.
lun_lcp3_LN_bulk_1_2_2_top72.clonotypes.IGHA	lun_lcp3_norm_bulk_1_2_2_top72.clonotypes.IGHA	72	72	4	4	4565	3231	629	252	0.9999999999999999	1.0000000000000004	0.13778751369112816	0.07799442896935933	0.7728281380150616	0.39999999999999997	7.716049E-4	0.10366609112649769	0.09619117517962494	0.21042561767436435	0.11767295630738417	0.4030079518242461	0.09932173013042932	0.0285714286	0.5982238855451669	.	.
lun_lcp3_LN_bulk_1_2_2_top72.clonotypes.IGHA	lun_lcp3_norm_bulk_1_3_1_top72.clonotypes.IGHA	72	72	0	0	4565	200	0	0	0.9999999999999999	1.0000000000000007	0.0	0.0	0.0	0.0	0.0	0.0	0.0	0.2445054224955448	0.1366532364622346	0.5413048898284214	0.13401416901375168	0.0	NaN	.	.
lun_lcp3_LN_bulk_1_2_2_top72.clonotypes.IGHA	lun_lcp3_norm_bulk_1_3_2_top72.clonotypes.IGHA	72	72	2	2	4565	5136	126	78	0.9999999999999999	1.0	0.027601314348302302	0.015186915887850467	0.0	0.0	3.858025E-4	0.020473857462671448	0.019951590311812515	0.248317143122978	0.12879597004137738	0.5493483640626413	0.10008686113326615	0.014084507	0.735020711600531	.	.
lun_lcp3_LN_bulk_1_2_2_top72.clonotypes.IGHA	lun_lcp3_PBMC_bulk_1_1_1_top72.clonotypes.IGHA	72	72	0	0	4565	33892	0	0	0.9999999999999999	0.9999999999999999	0.0	0.0	0.0	0.0	0.0	0.0	0.0	0.31235487801654604	0.16810918899964447	0.5309928514523348	0.09775429515815863	0.0	NaN	.	.
lun_lcp3_LN_bulk_1_2_2_top72.clonotypes.IGHA	lun_lcp3_PBMC_bulk_1_1_2_top72.clonotypes.IGHA	72	72	2	2	4565	27123	540	1568	0.9999999999999999	1.0	0.11829134720700986	0.05781071415403901	0.0	0.0	3.858025E-4	0.08269526745999814	0.0720042547583695	0.24693894083721002	0.1303525153512299	0.5046409955484739	0.11504607535643635	0.014084507	0.46111795147902357	.	.
lun_lcp3_LN_bulk_1_2_2_top72.clonotypes.IGHA	lun_lcp3_tum_bulk_1_1_1_top72.clonotypes.IGHA	72	72	5	5	4565	1248	637	258	0.9999999999999999	0.9999999999999989	0.13953997809419497	0.20673076923076925	0.9075931408010293	0.9	9.645062E-4	0.16984465552338587	0.1652547011229585	0.2564804393033038	0.13549069326764668	0.44041934070962047	0.0521123598672396	0.035971223	0.9029623051884215	.	.
lun_lcp3_LN_bulk_1_2_2_top72.clonotypes.IGHA	lun_lcp3_tum_bulk_1_1_2_top72.clonotypes.IGHA	72	72	5	5	4565	3449	649	804	0.9999999999999999	0.9999999999999999	0.14216867469879518	0.23311104668019716	0.9986194497556934	0.7000000000000001	9.645062E-4	0.18204694055153087	0.18035760079494784	0.2939326212592481	0.1563066368743446	0.4950356500200538	0.05929137875864853	0.035971223	0.8456659368728465	.	.
lun_lcp3_LN_bulk_1_2_2_top72.clonotypes.IGHA	lun_lcp3_tum_bulk_1_2_1_top72.clonotypes.IGHA	72	72	4	4	4565	5924	683	782	0.9999999999999999	0.9999999999999999	0.14961664841182915	0.13200540175557055	0.9919255680381158	0.8	7.716049E-4	0.14053542536643723	0.1373725970453915	0.31737779510321384	0.17395850163570584	0.5877181928931832	0.1735898329792916	0.0285714286	0.9785503499540821	.	.
lun_lcp3_LN_bulk_1_2_2_top72.clonotypes.IGHA	lun_lcp3_tum_bulk_1_2_2_top72.clonotypes.IGHA	72	72	4	4	4565	4335	683	721	0.9999999999999999	0.9999999999999997	0.14961664841182915	0.16632064590542098	0.9852749108654811	0.8	7.716049E-4	0.1577477023669749	0.1484746180986277	0.34725395936923875	0.18491062035074204	0.5957915456578878	0.1781619862559942	0.0285714286	0.8959513991295107	.	.
lun_lcp3_LN_bulk_1_2_2_top72.clonotypes.IGHA	lun_lcp3_tum_bulk_1_3_1_top72.clonotypes.IGHA	72	72	5	5	4565	147	702	57	0.9999999999999999	1.0000000000000004	0.15377875136911281	0.38775510204081637	0.9802844195551129	0.29999999999999977	9.645062E-4	0.24418946625282523	0.2348531637753377	0.3048504030105066	0.16301449458288592	0.496222569225763	0.17217427413767564	0.035971223	0.5758040231381728	.	.
lun_lcp3_LN_bulk_1_2_2_top72.clonotypes.IGHA	lun_lcp3_tum_bulk_1_3_2_top72.clonotypes.IGHA	72	72	7	7	4565	97	896	31	0.9999999999999999	0.9999999999999986	0.19627601314348303	0.3195876288659794	0.9797617571048984	0.7290021257711682	0.0013503086	0.25045435840446767	0.24184850124708046	0.2581738079762421	0.13710525553359615	0.45543758865059675	0.11701803571561555	0.0510948905	0.7387900058187762	.	.
lun_lcp3_LN_bulk_1_3_1_top72.clonotypes.IGHA	lun_lcp3_LN_bulk_1_3_2_top72.clonotypes.IGHA	72	72	18	18	3935	3171	1825	1747	0.9999999999999996	1.0000000000000007	0.4637865311308767	0.5509303058971933	0.9856927970415762	0.47933909875266084	0.0034722222	0.5054839814147745	0.4980153325188487	0.25679645767689596	0.13293458605561406	0.37120787359532925	0.03399973712441702	0.1428571429	0.947205100469431	.	.
lun_lcp3_LN_bulk_1_3_1_top72.clonotypes.IGHA	lun_lcp3_norm_bulk_1_1_1_top72.clonotypes.IGHA	72	72	4	4	3935	2335	147	159	0.9999999999999996	0.9999999999999984	0.03735705209656925	0.06809421841541756	0.9619029331558153	0.6324555320336759	7.716049E-4	0.05043609089550774	0.049361379934470664	0.26234601069526414	0.15702909895492953	0.5502648512692379	0.11116331223767541	0.0285714286	0.7146147917122424	.	.
lun_lcp3_LN_bulk_1_3_1_top72.clonotypes.IGHA	lun_lcp3_norm_bulk_1_1_2_top72.clonotypes.IGHA	72	72	4	4	3935	642	399	33	0.9999999999999996	1.0000000000000009	0.10139771283354511	0.0514018691588785	0.6204340169363043	0.9486832980505138	7.716049E-4	0.0721944039942115	0.06698740512624607	0.3124102117883968	0.18151056430300586	0.5499082545838986	0.13025321653168473	0.0285714286	0.5153873308953718	.	.
lun_lcp3_LN_bulk_1_3_1_top72.clonotypes.IGHA	lun_lcp3_norm_bulk_1_2_1_top72.clonotypes.IGHA	72	72	6	6	3935	3202	544	336	0.9999999999999996	0.9999999999999981	0.13824650571791613	0.10493441599000626	0.9322473223618736	0.25714285714285723	0.0011574074	0.12044424577441876	0.11706046443886485	0.2298454283585929	0.12698692098612405	0.42556712233383637	0.12278099515312593	0.0434782609	0.853848267601191	.	.
lun_lcp3_LN_bulk_1_3_1_top72.clonotypes.IGHA	lun_lcp3_norm_bulk_1_2_2_top72.clonotypes.IGHA	72	72	6	6	3935	3231	544	310	0.9999999999999996	1.0000000000000004	0.13824650571791613	0.09594552770040235	0.883047454978247	0.37142857142857144	0.0011574074	0.11517002189737638	0.11102679929241893	0.27783905088021893	0.1532012025732352	0.4589809692810979	0.08680506019398376	0.0434782609	0.7811322875463789	.	.
lun_lcp3_LN_bulk_1_3_1_top72.clonotypes.IGHA	lun_lcp3_norm_bulk_1_3_1_top72.clonotypes.IGHA	72	72	5	5	3935	200	198	19	0.9999999999999996	1.0000000000000007	0.05031766200762389	0.095	-0.23800827732435342	0.0	9.645062E-4	0.06913883055652785	0.06172648767792317	0.1834143542285943	0.11010300174973008	0.4434758674827459	0.15116802883517266	0.035971223	0.44100173774653806	.	.
lun_lcp3_LN_bulk_1_3_1_top72.clonotypes.IGHA	lun_lcp3_norm_bulk_1_3_2_top72.clonotypes.IGHA	72	72	5	5	3935	5136	258	734	0.9999999999999996	1.0	0.06556543837357051	0.14291277258566978	-0.251939178798187	-0.3000000000000001	9.645062E-4	0.09679947615437715	0.08352853984568237	0.28750777616520357	0.15324043317998814	0.5943122224997424	0.1187860413238644	0.035971223	0.4180421899253381	.	.
lun_lcp3_LN_bulk_1_3_1_top72.clonotypes.IGHA	lun_lcp3_PBMC_bulk_1_1_1_top72.clonotypes.IGHA	72	72	1	1	3935	33892	48	850	0.9999999999999996	0.9999999999999999	0.012198221092757306	0.025079664817656083	0.0	0.0	1.929012E-4	0.017490777466368262	0.017490777466368262	0.28663920146213684	0.16016412963462875	0.5434120061611378	0.12309600983254883	0.006993007	0.7866616872394095	.	.
lun_lcp3_LN_bulk_1_3_1_top72.clonotypes.IGHA	lun_lcp3_PBMC_bulk_1_1_2_top72.clonotypes.IGHA	72	72	3	3	3935	27123	414	2387	0.9999999999999996	1.0	0.10520965692503177	0.08800648895771117	-0.7915777257192546	-0.5	5.787037E-4	0.09622438625638195	0.08685293144186323	0.2536725246477745	0.1319083347015808	0.4521648971168763	0.12218299369504519	0.0212765957	0.657574911025757	.	.
lun_lcp3_LN_bulk_1_3_1_top72.clonotypes.IGHA	lun_lcp3_tum_bulk_1_1_1_top72.clonotypes.IGHA	72	72	4	4	3935	1248	468	275	0.9999999999999996	0.9999999999999989	0.11893265565438374	0.2203525641025641	0.9444829522699013	1.0	7.716049E-4	0.16188611932148714	0.15996137007820538	0.30961067446503804	0.1679885439791205	0.4947040498763471	0.07644376769048264	0.0285714286	0.8202106651585288	.	.
lun_lcp3_LN_bulk_1_3_1_top72.clonotypes.IGHA	lun_lcp3_tum_bulk_1_1_2_top72.clonotypes.IGHA	72	72	4	4	3935	3449	468	878	0.9999999999999996	0.9999999999999999	0.11893265565438374	0.25456654102638443	0.9846875528373132	0.8	7.716049E-4	0.17400078955285958	0.17188304222736056	0.3183671137945706	0.1686412333101892	0.547967205364178	0.11743250591461273	0.0285714286	0.6824608823547612	.	.
lun_lcp3_LN_bulk_1_3_1_top72.clonotypes.IGHA	lun_lcp3_tum_bulk_1_2_1_top72.clonotypes.IGHA	72	72	2	2	3935	5924	366	717	0.9999999999999996	0.9999999999999999	0.09301143583227446	0.12103308575286968	0.0	0.0	3.858025E-4	0.10610118325959052	0.10316964720798455	0.42002633489481345	0.22798097693734	0.6114117251415032	0.17797813564041232	0.014084507	0.8891445031694175	.	.
lun_lcp3_LN_bulk_1_3_1_top72.clonotypes.IGHA	lun_lcp3_tum_bulk_1_2_2_top72.clonotypes.IGHA	72	72	2	2	3935	4335	366	694	0.9999999999999996	0.9999999999999997	0.09301143583227446	0.16009227220299885	0.0	0.0	3.858025E-4	0.12202627628200512	0.11580531306870431	0.3781435119825011	0.20393536831633258	0.5907007530702296	0.19911577239325629	0.014084507	0.7413677730423897	.	.
lun_lcp3_LN_bulk_1_3_1_top72.clonotypes.IGHA	lun_lcp3_tum_bulk_1_3_1_top72.clonotypes.IGHA	72	72	2	2	3935	147	483	51	0.9999999999999996	1.0000000000000004	0.12274459974587039	0.3469387755102041	0.0	0.0	3.858025E-4	0.20636099712959902	0.18909688836032526	0.31799914784891087	0.16953068928430035	0.5300186110378944	0.23521816959709343	0.014084507	0.43430384471179034	.	.
lun_lcp3_LN_bulk_1_3_1_top72.clonotypes.IGHA	lun_lcp3_tum_bulk_1_3_2_top72.clonotypes.IGHA	72	72	4	4	3935	97	558	27	0.9999999999999996	0.9999999999999986	0.1418043202033037	0.27835051546391754	0.7755398699701914	0.9486832980505138	7.716049E-4	0.19867386749041757	0.18508747169685089	0.19112838928457326	0.09942780074236592	0.42093900966688735	0.13527485072517959	0.0285714286	0.5737194554805268	.	.
lun_lcp3_LN_bulk_1_3_2_top72.clonotypes.IGHA	lun_lcp3_norm_bulk_1_1_1_top72.clonotypes.IGHA	72	72	1	1	3171	2335	40	86	1.0000000000000007	0.9999999999999984	0.01261431725007884	0.03683083511777302	0.0	0.0	1.929012E-4	0.02155448535133543	0.02155448535133543	0.2550725533433128	0.14381408713674532	0.5327197910704025	0.15405729924806066	0.006993007	0.613072326311518	.	.
lun_lcp3_LN_bulk_1_3_2_top72.clonotypes.IGHA	lun_lcp3_norm_bulk_1_1_2_top72.clonotypes.IGHA	72	72	4	4	3171	642	424	33	1.0000000000000007	1.0000000000000009	0.1337117628508357	0.0514018691588785	0.5730717924063461	0.6324555320336759	7.716049E-4	0.08290376673626867	0.07550316514277265	0.3213688716215792	0.1841373730949889	0.5552221039020564	0.15019919734432077	0.0285714286	0.3875311515279433	.	.
lun_lcp3_LN_bulk_1_3_2_top72.clonotypes.IGHA	lun_lcp3_norm_bulk_1_2_1_top72.clonotypes.IGHA	72	72	4	4	3171	3202	476	282	1.0000000000000007	0.9999999999999981	0.15011037527593818	0.08806995627732668	0.8410702308566831	0.2000000000000001	7.716049E-4	0.11497919023599434	0.10860545804724811	0.33479312401540745	0.1757043494556897	0.4964168018081206	0.15107791420945874	0.0285714286	0.696881915422817	.	.
lun_lcp3_LN_bulk_1_3_2_top72.clonotypes.IGHA	lun_lcp3_norm_bulk_1_2_2_top72.clonotypes.IGHA	72	72	6	6	3171	3231	537	347	1.0000000000000007	1.0000000000000004	0.1693472090823084	0.10739709068399876	0.7354352505471979	0.7142857142857143	0.0011574074	0.13486065983412202	0.12522988885567446	0.2928127753838051	0.166544781845266	0.4551986585369083	0.10594898168912883	0.0434782609	0.6306259740838162	.	.
lun_lcp3_LN_bulk_1_3_2_top72.clonotypes.IGHA	lun_lcp3_norm_bulk_1_3_1_top72.clonotypes.IGHA	72	72	3	3	3171	200	95	6	1.0000000000000007	1.0000000000000007	0.029959003468937245	0.03	0.0	0.0	5.787037E-4	0.02997949472669807	0.029849497830322293	0.26743163573988465	0.14353931746842546	0.5222432744937723	0.14451173477832774	0.0212765957	0.9822823805305105	.	.
lun_lcp3_LN_bulk_1_3_2_top72.clonotypes.IGHA	lun_lcp3_norm_bulk_1_3_2_top72.clonotypes.IGHA	72	72	5	5	3171	5136	282	563	1.0000000000000007	1.0	0.0889309366130558	0.10961838006230529	-0.3129319710465385	-0.9	9.645062E-4	0.0987343162681888	0.08152309156647453	0.3258745527189281	0.16670751262824074	0.6006610088218804	0.12240200208775562	0.035971223	0.4313126130917641	.	.
lun_lcp3_LN_bulk_1_3_2_top72.clonotypes.IGHA	lun_lcp3_PBMC_bulk_1_1_1_top72.clonotypes.IGHA	72	72	1	1	3171	33892	38	850	1.0000000000000007	0.9999999999999999	0.011983601387574897	0.025079664817656083	0.0	0.0	1.929012E-4	0.017336225255480987	0.017336225255480987	0.33224597972975006	0.1774402909509748	0.5870484969745777	0.11536156656016663	0.006993007	0.7780122948073668	.	.
lun_lcp3_LN_bulk_1_3_2_top72.clonotypes.IGHA	lun_lcp3_PBMC_bulk_1_1_2_top72.clonotypes.IGHA	72	72	4	4	3171	27123	475	2653	1.0000000000000007	1.0	0.14979501734468623	0.09781366368027136	0.011283343038003104	0.39999999999999997	7.716049E-4	0.12104544372892997	0.10831451638780648	0.2846310776003688	0.154114417904281	0.5293695051333145	0.14789623738591695	0.0285714286	0.5636285239139712	.	.
lun_lcp3_LN_bulk_1_3_2_top72.clonotypes.IGHA	lun_lcp3_tum_bulk_1_1_1_top72.clonotypes.IGHA	72	72	6	6	3171	1248	531	318	1.0000000000000007	0.9999999999999989	0.16745506149479658	0.2548076923076923	0.956308904406625	0.7826908981308054	0.0011574074	0.20656436717094218	0.2029864340088814	0.320301537385762	0.17400693813142598	0.5163734800730394	0.05486443052738204	0.0434782609	0.9237991895813624	.	.
lun_lcp3_LN_bulk_1_3_2_top72.clonotypes.IGHA	lun_lcp3_tum_bulk_1_1_2_top72.clonotypes.IGHA	72	72	5	5	3171	3449	497	1056	1.0000000000000007	0.9999999999999999	0.15673289183222958	0.30617570310234854	0.9131621864967949	0.6	9.645062E-4	0.21906118632929303	0.2110467452007543	0.27930898854517305	0.14704255985730016	0.5295097269345044	0.0707824471936737	0.035971223	0.7856728718115854	.	.
lun_lcp3_LN_bulk_1_3_2_top72.clonotypes.IGHA	lun_lcp3_tum_bulk_1_2_1_top72.clonotypes.IGHA	72	72	4	4	3171	5924	463	1040	1.0000000000000007	0.9999999999999999	0.14601072216966257	0.17555705604321406	0.80386347812543	0.8	7.716049E-4	0.16010375553012368	0.14732626499237028	0.41200074823635713	0.22898305380896083	0.6203467444683729	0.20271001508575753	0.0285714286	0.8901058259630145	.	.
lun_lcp3_LN_bulk_1_3_2_top72.clonotypes.IGHA	lun_lcp3_tum_bulk_1_2_2_top72.clonotypes.IGHA	72	72	4	4	3171	4335	463	926	1.0000000000000007	0.9999999999999997	0.14601072216966257	0.21361014994232988	0.8626650135630167	0.8	7.716049E-4	0.17660513088766558	0.1624540789281232	0.4012957844641923	0.21877051608629527	0.6061685762151339	0.2185454412267334	0.0285714286	0.8346139334407917	.	.
lun_lcp3_LN_bulk_1_3_2_top72.clonotypes.IGHA	lun_lcp3_tum_bulk_1_3_1_top72.clonotypes.IGHA	72	72	4	4	3171	147	365	52	1.0000000000000007	1.0000000000000004	0.11510564490696942	0.35374149659863946	0.9990550676848596	1.0	7.716049E-4	0.20178613207141596	0.19955564558879815	0.33377534320648816	0.171405952439724	0.5394223085800282	0.21208642029012706	0.0285714286	0.5487765790247484	.	.
lun_lcp3_LN_bulk_1_3_2_top72.clonotypes.IGHA	lun_lcp3_tum_bulk_1_3_2_top72.clonotypes.IGHA	72	72	5	5	3171	97	414	27	1.0000000000000007	0.9999999999999986	0.130558183538316	0.27835051546391754	0.9950180396692405	0.670820393249937	9.645062E-4	0.19063299212340715	0.18807848568389005	0.2284299821238884	0.11708789555870469	0.43667880925325175	0.14972195434158347	0.035971223	0.706334330708994	.	.
lun_lcp3_norm_bulk_1_1_1_top72.clonotypes.IGHA	lun_lcp3_norm_bulk_1_1_2_top72.clonotypes.IGHA	72	72	8	8	2335	642	348	111	0.9999999999999984	1.0000000000000009	0.14903640256959316	0.17289719626168223	0.08061566442419173	0.49401176002967684	0.0015432099	0.1605240671837405	0.1491342121508859	0.15019879626107246	0.11599076357546895	0.4188434242682622	0.07471836092445401	0.0588235294	0.7293184230010975	.	.
lun_lcp3_norm_bulk_1_1_1_top72.clonotypes.IGHA	lun_lcp3_norm_bulk_1_2_1_top72.clonotypes.IGHA	72	72	7	7	2335	3202	286	372	0.9999999999999984	0.9999999999999981	0.12248394004282656	0.11617738913179264	0.1457180938803906	-0.09009374626955577	0.0013503086	0.11928899515357912	0.115620043593975	0.1976802457407224	0.11022808000115443	0.4227273122509367	0.10601390025982742	0.0510948905	0.8708844084582743	.	.
lun_lcp3_norm_bulk_1_1_1_top72.clonotypes.IGHA	lun_lcp3_norm_bulk_1_2_2_top72.clonotypes.IGHA	72	72	4	4	2335	3231	156	315	0.9999999999999984	1.0000000000000004	0.06680942184154176	0.09749303621169916	-0.4228335822508229	-0.8	7.716049E-4	0.08070596869426769	0.0735801903778811	0.24975805143736696	0.15768178071066602	0.4747241159636974	0.10045764404328413	0.0285714286	0.6639751288914225	.	.
lun_lcp3_norm_bulk_1_1_1_top72.clonotypes.IGHA	lun_lcp3_norm_bulk_1_3_1_top72.clonotypes.IGHA	72	72	4	4	2335	200	194	18	0.9999999999999984	1.0000000000000007	0.08308351177730193	0.09	-0.5640285099271942	-0.737864787372622	7.716049E-4	0.08647263185515504	0.07300376193774859	0.17020182347363388	0.09030399592630127	0.45915345376230066	0.18470396638391243	0.0285714286	0.5085020723467971	.	.
lun_lcp3_norm_bulk_1_1_1_top72.clonotypes.IGHA	lun_lcp3_norm_bulk_1_3_2_top72.clonotypes.IGHA	72	72	6	6	2335	5136	260	1001	0.9999999999999984	1.0	0.1113490364025696	0.19489875389408098	0.5650586240206198	0.08571428571428616	0.0011574074	0.14731526886975252	0.14060719428914825	0.26628981702079196	0.14270761009331795	0.4422091326988374	0.10763751889984807	0.0434782609	0.7555697250281026	.	.
lun_lcp3_norm_bulk_1_1_1_top72.clonotypes.IGHA	lun_lcp3_PBMC_bulk_1_1_1_top72.clonotypes.IGHA	72	72	0	0	2335	33892	0	0	0.9999999999999984	0.9999999999999999	0.0	0.0	0.0	0.0	0.0	0.0	0.0	0.26304279260176	0.13669555994325097	0.5043630990350253	0.13225256366217233	0.0	NaN	.	.
lun_lcp3_norm_bulk_1_1_1_top72.clonotypes.IGHA	lun_lcp3_PBMC_bulk_1_1_2_top72.clonotypes.IGHA	72	72	0	0	2335	27123	0	0	0.9999999999999984	1.0	0.0	0.0	0.0	0.0	0.0	0.0	0.0	0.22630995900586745	0.13703843512426664	0.45615241084105335	0.11317639818434606	0.0	NaN	.	.
lun_lcp3_norm_bulk_1_1_1_top72.clonotypes.IGHA	lun_lcp3_tum_bulk_1_1_1_top72.clonotypes.IGHA	72	72	0	0	2335	1248	0	0	0.9999999999999984	0.9999999999999989	0.0	0.0	0.0	0.0	0.0	0.0	0.0	0.26185055319182926	0.16372827118917965	0.4886347622928763	0.16566937330110865	0.0	NaN	.	.
lun_lcp3_norm_bulk_1_1_1_top72.clonotypes.IGHA	lun_lcp3_tum_bulk_1_1_2_top72.clonotypes.IGHA	72	72	0	0	2335	3449	0	0	0.9999999999999984	0.9999999999999999	0.0	0.0	0.0	0.0	0.0	0.0	0.0	0.2687230520268563	0.17166247849903582	0.515647384420674	0.1914081202063958	0.0	NaN	.	.
lun_lcp3_norm_bulk_1_1_1_top72.clonotypes.IGHA	lun_lcp3_tum_bulk_1_2_1_top72.clonotypes.IGHA	72	72	0	0	2335	5924	0	0	0.9999999999999984	0.9999999999999999	0.0	0.0	0.0	0.0	0.0	0.0	0.0	0.3706616893071306	0.22881862507792256	0.5975151697107907	0.18500150695352416	0.0	NaN	.	.
lun_lcp3_norm_bulk_1_1_1_top72.clonotypes.IGHA	lun_lcp3_tum_bulk_1_2_2_top72.clonotypes.IGHA	72	72	0	0	2335	4335	0	0	0.9999999999999984	0.9999999999999997	0.0	0.0	0.0	0.0	0.0	0.0	0.0	0.3725760557950254	0.22122534508392583	0.608172505717763	0.19605147930944555	0.0	NaN	.	.
lun_lcp3_norm_bulk_1_1_1_top72.clonotypes.IGHA	lun_lcp3_tum_bulk_1_3_1_top72.clonotypes.IGHA	72	72	0	0	2335	147	0	0	0.9999999999999984	1.0000000000000004	0.0	0.0	0.0	0.0	0.0	0.0	0.0	0.29534289097720345	0.1542957585868913	0.5732227613685398	0.270102798763141	0.0	NaN	.	.
lun_lcp3_norm_bulk_1_1_1_top72.clonotypes.IGHA	lun_lcp3_tum_bulk_1_3_2_top72.clonotypes.IGHA	72	72	0	0	2335	97	0	0	0.9999999999999984	0.9999999999999986	0.0	0.0	0.0	0.0	0.0	0.0	0.0	0.26077103091589265	0.14505919016057495	0.5315218913857354	0.11054128339367658	0.0	NaN	.	.
lun_lcp3_norm_bulk_1_1_2_top72.clonotypes.IGHA	lun_lcp3_norm_bulk_1_2_1_top72.clonotypes.IGHA	72	72	9	9	642	3202	94	560	1.0000000000000009	0.9999999999999981	0.14641744548286603	0.17489069331667706	0.14351186826525655	0.443329313832443	0.0017361111	0.16002202521576586	0.15517443559619695	0.20554240133428145	0.13131868369452207	0.47510891275719425	0.08192425692829933	0.0666666667	0.8527046180122323	.	.
lun_lcp3_norm_bulk_1_1_2_top72.clonotypes.IGHA	lun_lcp3_norm_bulk_1_2_2_top72.clonotypes.IGHA	72	72	6	6	642	3231	65	476	1.0000000000000009	1.0000000000000004	0.10124610591900311	0.14732281027545652	0.8213249083029422	0.7537023463481829	0.0011574074	0.12213050746408152	0.12079552118723386	0.23583080046993696	0.13951576990948078	0.4620529521653721	0.04904220017058816	0.0434782609	0.9151268649037957	.	.
lun_lcp3_norm_bulk_1_1_2_top72.clonotypes.IGHA	lun_lcp3_norm_bulk_1_3_1_top72.clonotypes.IGHA	72	72	6	6	642	200	51	15	1.0000000000000009	1.0000000000000007	0.0794392523364486	0.075	0.21262162778128077	0.10776318121606472	0.0011574074	0.0771877187461428	0.07583861271173749	0.23050553851729513	0.14534226550069748	0.49396459785361885	0.15400450070464924	0.0434782609	0.9320265009998682	.	.
lun_lcp3_norm_bulk_1_1_2_top72.clonotypes.IGHA	lun_lcp3_norm_bulk_1_3_2_top72.clonotypes.IGHA	72	72	8	8	642	5136	107	886	1.0000000000000009	1.0	0.16666666666666666	0.17250778816199375	0.0044985369395213	0.45455380271766477	0.0015432099	0.16956207720772637	0.15108975376972897	0.30939582469198135	0.1726927033196881	0.5227267247078047	0.0649697325823021	0.0588235294	0.6056999407450828	.	.
lun_lcp3_norm_bulk_1_1_2_top72.clonotypes.IGHA	lun_lcp3_PBMC_bulk_1_1_1_top72.clonotypes.IGHA	72	72	0	0	642	33892	0	0	1.0000000000000009	0.9999999999999999	0.0	0.0	0.0	0.0	0.0	0.0	0.0	0.2711867051171115	0.15773979646691458	0.5609713809480432	0.10709834448925058	0.0	NaN	.	.
lun_lcp3_norm_bulk_1_1_2_top72.clonotypes.IGHA	lun_lcp3_PBMC_bulk_1_1_2_top72.clonotypes.IGHA	72	72	1	1	642	27123	10	546	1.0000000000000009	1.0	0.01557632398753894	0.02013051653578144	0.0	0.0	1.929012E-4	0.017707609878180673	0.017707609878180673	0.3248843666557396	0.1912603932437201	0.5433938357133455	0.10983839318630952	0.006993007	0.9679858554412495	.	.
lun_lcp3_norm_bulk_1_1_2_top72.clonotypes.IGHA	lun_lcp3_tum_bulk_1_1_1_top72.clonotypes.IGHA	72	72	1	1	642	1248	10	145	1.0000000000000009	0.9999999999999989	0.01557632398753894	0.11618589743589744	0.0	0.0	1.929012E-4	0.04254114691971184	0.04254114691971184	0.364430424874325	0.187427126105358	0.5785008481274566	0.11056191379778708	0.006993007	0.263393617308896	.	.
lun_lcp3_norm_bulk_1_1_2_top72.clonotypes.IGHA	lun_lcp3_tum_bulk_1_1_2_top72.clonotypes.IGHA	72	72	1	1	642	3449	10	618	1.0000000000000009	0.9999999999999999	0.01557632398753894	0.1791823717019426	0.0	0.0	1.929012E-4	0.05282994107970486	0.05282994107970486	0.3145190247749267	0.17857021702040557	0.5866528128751715	0.1411645193865011	0.006993007	0.17255602887241728	.	.
lun_lcp3_norm_bulk_1_1_2_top72.clonotypes.IGHA	lun_lcp3_tum_bulk_1_2_1_top72.clonotypes.IGHA	72	72	2	2	642	5924	16	670	1.0000000000000009	0.9999999999999999	0.024922118380062305	0.11309925725860905	0.0	0.0	3.858025E-4	0.05309117702684859	0.04684776666264792	0.4529813104990453	0.2354535040696596	0.6192649401046759	0.15382156550073633	0.014084507	0.28054412224132963	.	.
lun_lcp3_norm_bulk_1_1_2_top72.clonotypes.IGHA	lun_lcp3_tum_bulk_1_2_2_top72.clonotypes.IGHA	72	72	2	2	642	4335	16	679	1.0000000000000009	0.9999999999999997	0.024922118380062305	0.1566320645905421	0.0	0.0	3.858025E-4	0.062478819257721696	0.0550980159844798	0.44390597140317123	0.22934938327468726	0.6429396833881549	0.1475821962707445	0.014084507	0.20506153129384427	.	.
lun_lcp3_norm_bulk_1_1_2_top72.clonotypes.IGHA	lun_lcp3_tum_bulk_1_3_1_top72.clonotypes.IGHA	72	72	2	2	642	147	15	49	1.0000000000000009	1.0000000000000004	0.02336448598130841	0.33333333333333337	0.0	0.0	3.858025E-4	0.08825056370227598	0.08242286513511536	0.3360475399276563	0.20608513213168927	0.6104056625551638	0.158205728208547	0.014084507	0.10204921548967709	.	.
lun_lcp3_norm_bulk_1_1_2_top72.clonotypes.IGHA	lun_lcp3_tum_bulk_1_3_2_top72.clonotypes.IGHA	72	72	1	1	642	97	10	22	1.0000000000000009	0.9999999999999986	0.01557632398753894	0.2268041237113402	0.0	0.0	1.929012E-4	0.059437147581606724	0.059437147581606724	0.3109048847311956	0.18961719206002414	0.5350963554024615	0.0742485977688094	0.006993007	0.13671005182921395	.	.
lun_lcp3_norm_bulk_1_2_1_top72.clonotypes.IGHA	lun_lcp3_norm_bulk_1_2_2_top72.clonotypes.IGHA	72	72	11	11	3202	3231	919	805	0.9999999999999981	1.0000000000000004	0.2870081199250468	0.2491488703187868	0.49438544070201673	0.31818181818181823	0.0021219136	0.267409328280904	0.26021906846839854	0.2193267479311565	0.11995819874756013	0.3187110291365013	0.062124739122771534	0.0827067669	0.8914062864235269	.	.
lun_lcp3_norm_bulk_1_2_1_top72.clonotypes.IGHA	lun_lcp3_norm_bulk_1_3_1_top72.clonotypes.IGHA	72	72	9	9	3202	200	524	28	0.9999999999999981	1.0000000000000007	0.16364772017489068	0.14	-0.31729560709985705	-0.10312858091567385	0.0017361111	0.15136274582764644	0.13797764212791344	0.1835046311308749	0.09383190941588253	0.449670830540495	0.1099956222928917	0.0666666667	0.6365507358954221	.	.
lun_lcp3_norm_bulk_1_2_1_top72.clonotypes.IGHA	lun_lcp3_norm_bulk_1_3_2_top72.clonotypes.IGHA	72	72	10	10	3202	5136	586	1265	0.9999999999999981	1.0	0.18301061836352278	0.2463006230529595	-0.21328119536823328	-0.11515151515151514	0.0019290123	0.21231021955676804	0.19652809426515694	0.25640869189054133	0.13135203639124082	0.4935546034536849	0.0680638112208768	0.0746268657	0.6705952496154024	.	.
lun_lcp3_norm_bulk_1_2_1_top72.clonotypes.IGHA	lun_lcp3_PBMC_bulk_1_1_1_top72.clonotypes.IGHA	72	72	0	0	3202	33892	0	0	0.9999999999999981	0.9999999999999999	0.0	0.0	0.0	0.0	0.0	0.0	0.0	0.2956543331416357	0.15262316413152247	0.49413408005293297	0.09466914085156396	0.0	NaN	.	.
lun_lcp3_norm_bulk_1_2_1_top72.clonotypes.IGHA	lun_lcp3_PBMC_bulk_1_1_2_top72.clonotypes.IGHA	72	72	2	2	3202	27123	163	1568	0.9999999999999981	1.0	0.050905683947532795	0.05781071415403901	0.0	0.0	3.858025E-4	0.05424844646168838	0.049961456223046145	0.30598828026496294	0.16202214126800354	0.42156832900499625	0.09091485854360758	0.014084507	0.7392858690416009	.	.
lun_lcp3_norm_bulk_1_2_1_top72.clonotypes.IGHA	lun_lcp3_tum_bulk_1_1_1_top72.clonotypes.IGHA	72	72	2	2	3202	1248	163	232	0.9999999999999981	0.9999999999999989	0.050905683947532795	0.1858974358974359	0.0	0.0	3.858025E-4	0.09727916590129466	0.09658353142745713	0.3059211514204025	0.16680619555350776	0.49988949888801865	0.13345764996498233	0.014084507	0.5305349035225748	.	.
lun_lcp3_norm_bulk_1_2_1_top72.clonotypes.IGHA	lun_lcp3_tum_bulk_1_1_2_top72.clonotypes.IGHA	72	72	2	2	3202	3449	163	720	0.9999999999999981	0.9999999999999999	0.050905683947532795	0.2087561612061467	0.0	0.0	3.858025E-4	0.10308673612284129	0.10187458189603568	0.28400150042121214	0.15574414231336411	0.5136873709261189	0.14642180798997756	0.014084507	0.4115222866969819	.	.
lun_lcp3_norm_bulk_1_2_1_top72.clonotypes.IGHA	lun_lcp3_tum_bulk_1_2_1_top72.clonotypes.IGHA	72	72	4	4	3202	5924	256	758	0.9999999999999981	0.9999999999999999	0.07995003123048094	0.12795408507765024	0.9196362077433777	0.4	7.716049E-4	0.10114313173926222	0.09017386785370242	0.4043850601755049	0.22138334179681105	0.5668168591740067	0.14512647092136322	0.0285714286	0.6106621499273167	.	.
lun_lcp3_norm_bulk_1_2_1_top72.clonotypes.IGHA	lun_lcp3_tum_bulk_1_2_2_top72.clonotypes.IGHA	72	72	3	3	3202	4335	228	713	0.9999999999999981	0.9999999999999997	0.0712054965646471	0.16447520184544406	0.9548809206518704	0.5	5.787037E-4	0.10821986148565986	0.09523198322442654	0.3854165258242003	0.20774432608158203	0.524524548548292	0.13118662357740823	0.0212765957	0.46719502618168435	.	.
lun_lcp3_norm_bulk_1_2_1_top72.clonotypes.IGHA	lun_lcp3_tum_bulk_1_3_1_top72.clonotypes.IGHA	72	72	2	2	3202	147	148	48	0.9999999999999981	1.0000000000000004	0.0462211118051218	0.326530612244898	0.0	0.0	3.858025E-4	0.12285197571209958	0.11920044224999175	0.31133679013324467	0.16154546082845253	0.5692917467284483	0.16463829789030682	0.014084507	0.23790637579910778	.	.
lun_lcp3_norm_bulk_1_2_1_top72.clonotypes.IGHA	lun_lcp3_tum_bulk_1_3_2_top72.clonotypes.IGHA	72	72	1	1	3202	97	120	22	0.9999999999999981	0.9999999999999986	0.037476577139287946	0.2268041237113402	0.0	0.0	1.929012E-4	0.09219458898317541	0.09219458898317541	0.3141715968344875	0.1629129033068494	0.4890134621464713	0.09892711922104794	0.006993007	0.3216919622983346	.	.
lun_lcp3_norm_bulk_1_2_2_top72.clonotypes.IGHA	lun_lcp3_norm_bulk_1_3_1_top72.clonotypes.IGHA	72	72	4	4	3231	200	176	8	1.0000000000000004	1.0000000000000007	0.05447229959764778	0.04	0.0	0.0	7.716049E-4	0.04667860306292286	0.04643924977942839	0.15818838988248723	0.0975812486358672	0.3836913921847566	0.11385201457510304	0.0285714286	0.9284373313128069	.	.
lun_lcp3_norm_bulk_1_2_2_top72.clonotypes.IGHA	lun_lcp3_norm_bulk_1_3_2_top72.clonotypes.IGHA	72	72	8	8	3231	5136	546	838	1.0000000000000004	1.0	0.1689879294336119	0.16316199376947038	0.12087598603807424	0.33333333333333326	0.0015432099	0.1660494127943929	0.15124270777826504	0.16388365109437011	0.0953867761483516	0.41323407728454664	0.06452999635695662	0.0588235294	0.6686517601234853	.	.
lun_lcp3_norm_bulk_1_2_2_top72.clonotypes.IGHA	lun_lcp3_PBMC_bulk_1_1_1_top72.clonotypes.IGHA	72	72	1	1	3231	33892	45	480	1.0000000000000004	0.9999999999999999	0.013927576601671309	0.014162634249970494	0.0	0.0	1.929012E-4	0.014044613679198077	0.014044613679198077	0.13576120211672926	0.0847996142430026	0.37324508194459194	0.0753528627323391	0.006993007	0.9998599644305955	.	.
lun_lcp3_norm_bulk_1_2_2_top72.clonotypes.IGHA	lun_lcp3_PBMC_bulk_1_1_2_top72.clonotypes.IGHA	72	72	3	3	3231	27123	184	1803	1.0000000000000004	1.0	0.05694831321572269	0.06647494746156399	-0.19567855338974002	-0.5	5.787037E-4	0.06152752334557158	0.05741900738692339	0.16486688517247555	0.0882296655161736	0.32180066691686277	0.07247191359540166	0.0212765957	0.7557393989048126	.	.
lun_lcp3_norm_bulk_1_2_2_top72.clonotypes.IGHA	lun_lcp3_tum_bulk_1_1_1_top72.clonotypes.IGHA	72	72	2	2	3231	1248	139	232	1.0000000000000004	0.9999999999999989	0.043020736614051376	0.1858974358974359	0.0	0.0	3.858025E-4	0.08942843298957602	0.08904328267563903	0.28627737455712193	0.15106874586951222	0.43836629362959995	0.06898931883539296	0.014084507	0.45478917931635426	.	.
lun_lcp3_norm_bulk_1_2_2_top72.clonotypes.IGHA	lun_lcp3_tum_bulk_1_1_2_top72.clonotypes.IGHA	72	72	3	3	3231	3449	210	741	1.0000000000000004	0.9999999999999999	0.06499535747446611	0.2148448825746593	0.7786166813640703	0.5	5.787037E-4	0.1181690312412676	0.10479782744872299	0.34836466625155765	0.1912538056900607	0.5428970814649635	0.11092530592884188	0.0212765957	0.346323808234002	.	.
lun_lcp3_norm_bulk_1_2_2_top72.clonotypes.IGHA	lun_lcp3_tum_bulk_1_2_1_top72.clonotypes.IGHA	72	72	5	5	3231	5924	292	805	1.0000000000000004	0.9999999999999999	0.09037449705973383	0.13588791357191088	0.8706220210328494	0.5	9.645062E-4	0.1108187793000718	0.09604242369481852	0.32414854261873094	0.17080681508168988	0.45824151494888055	0.11047089163677766	0.035971223	0.5317923478422906	.	.
lun_lcp3_norm_bulk_1_2_2_top72.clonotypes.IGHA	lun_lcp3_tum_bulk_1_2_2_top72.clonotypes.IGHA	72	72	5	5	3231	4335	292	750	1.0000000000000004	0.9999999999999997	0.09037449705973383	0.17301038062283738	0.8570366945208756	0.5	9.645062E-4	0.12504289717893635	0.1026986415726086	0.44449463023819163	0.23110572289958806	0.5469112381356813	0.11288307809490275	0.035971223	0.3943521461026061	.	.
lun_lcp3_norm_bulk_1_2_2_top72.clonotypes.IGHA	lun_lcp3_tum_bulk_1_3_1_top72.clonotypes.IGHA	72	72	1	1	3231	147	99	46	1.0000000000000004	1.0000000000000004	0.03064066852367688	0.3129251700680272	0.0	0.0	1.929012E-4	0.09791954048487787	0.09791954048487787	0.37074092096410516	0.2088449283896695	0.5469979280333357	0.13363488184940225	0.006993007	0.1939740683151956	.	.
lun_lcp3_norm_bulk_1_2_2_top72.clonotypes.IGHA	lun_lcp3_tum_bulk_1_3_2_top72.clonotypes.IGHA	72	72	1	1	3231	97	99	22	1.0000000000000004	0.9999999999999986	0.03064066852367688	0.2268041237113402	0.0	0.0	1.929012E-4	0.08336324114645602	0.08336324114645602	0.34988854170378364	0.19251712273664837	0.49760421483791906	0.05156693021448107	0.006993007	0.2653519592024125	.	.
lun_lcp3_norm_bulk_1_3_1_top72.clonotypes.IGHA	lun_lcp3_norm_bulk_1_3_2_top72.clonotypes.IGHA	72	72	16	16	200	5136	73	2213	1.0000000000000007	1.0	0.365	0.43088006230529596	0.37715040465739924	0.19341135662589817	0.0030864198	0.3965743596621358	0.3672759738163926	0.1876732940768645	0.09697281970869784	0.367641246902306	0.05983307952980206	0.125	0.7611926495145052	.	.
lun_lcp3_norm_bulk_1_3_1_top72.clonotypes.IGHA	lun_lcp3_PBMC_bulk_1_1_1_top72.clonotypes.IGHA	72	72	1	1	200	33892	2	440	1.0000000000000007	0.9999999999999999	0.01	0.01298241472913962	0.0	0.0	1.929012E-4	0.011394039989898061	0.011394039989898061	0.16325559474628465	0.08417547202011626	0.42795129082026323	0.05120007182648229	0.006993007	0.9668775780313688	.	.
lun_lcp3_norm_bulk_1_3_1_top72.clonotypes.IGHA	lun_lcp3_PBMC_bulk_1_1_2_top72.clonotypes.IGHA	72	72	0	0	200	27123	0	0	1.0000000000000007	1.0	0.0	0.0	0.0	0.0	0.0	0.0	0.0	0.21043859409208548	0.12139981662645113	0.4606587380920448	0.11600890233623333	0.0	NaN	.	.
lun_lcp3_norm_bulk_1_3_1_top72.clonotypes.IGHA	lun_lcp3_tum_bulk_1_1_1_top72.clonotypes.IGHA	72	72	0	0	200	1248	0	0	1.0000000000000007	0.9999999999999989	0.0	0.0	0.0	0.0	0.0	0.0	0.0	0.24666142336795913	0.1420423972029027	0.5648248040127326	0.15048866368302488	0.0	NaN	.	.
lun_lcp3_norm_bulk_1_3_1_top72.clonotypes.IGHA	lun_lcp3_tum_bulk_1_1_2_top72.clonotypes.IGHA	72	72	0	0	200	3449	0	0	1.0000000000000007	0.9999999999999999	0.0	0.0	0.0	0.0	0.0	0.0	0.0	0.29291091058592	0.16660555811992467	0.6128780113726292	0.17174587831769322	0.0	NaN	.	.
lun_lcp3_norm_bulk_1_3_1_top72.clonotypes.IGHA	lun_lcp3_tum_bulk_1_2_1_top72.clonotypes.IGHA	72	72	1	1	200	5924	2	19	1.0000000000000007	0.9999999999999999	0.01	0.0032072923700202567	0.0	0.0	1.929012E-4	0.0056632961868687895	0.0056632961868687895	0.3462503638929911	0.19966268700122045	0.5797630262409808	0.15849186208722107	0.006993007	0.5816280044613735	.	.
lun_lcp3_norm_bulk_1_3_1_top72.clonotypes.IGHA	lun_lcp3_tum_bulk_1_2_2_top72.clonotypes.IGHA	72	72	1	1	200	4335	2	19	1.0000000000000007	0.9999999999999997	0.01	0.004382929642445213	0.0	0.0	1.929012E-4	0.006620369810248679	0.006620369810248679	0.4025092771867711	0.22183504106669372	0.6202467283370915	0.17199878350818765	0.006993007	0.7353287452474028	.	.
lun_lcp3_norm_bulk_1_3_1_top72.clonotypes.IGHA	lun_lcp3_tum_bulk_1_3_1_top72.clonotypes.IGHA	72	72	0	0	200	147	0	0	1.0000000000000007	1.0000000000000004	0.0	0.0	0.0	0.0	0.0	0.0	0.0	0.3639966753803424	0.1871511607581095	0.6382566163279473	0.2232558680787209	0.0	NaN	.	.
lun_lcp3_norm_bulk_1_3_1_top72.clonotypes.IGHA	lun_lcp3_tum_bulk_1_3_2_top72.clonotypes.IGHA	72	72	0	0	200	97	0	0	1.0000000000000007	0.9999999999999986	0.0	0.0	0.0	0.0	0.0	0.0	0.0	0.2866720160224489	0.1523617534628194	0.5685247469340994	0.1923557473978347	0.0	NaN	.	.
lun_lcp3_norm_bulk_1_3_2_top72.clonotypes.IGHA	lun_lcp3_PBMC_bulk_1_1_1_top72.clonotypes.IGHA	72	72	0	0	5136	33892	0	0	1.0	0.9999999999999999	0.0	0.0	0.0	0.0	0.0	0.0	0.0	0.26727802215718693	0.13714260299746536	0.5998450433617167	0.08036192010216928	0.0	NaN	.	.
lun_lcp3_norm_bulk_1_3_2_top72.clonotypes.IGHA	lun_lcp3_PBMC_bulk_1_1_2_top72.clonotypes.IGHA	72	72	2	2	5136	27123	109	1346	1.0	1.0	0.021222741433021806	0.04962577885927073	0.0	0.0	3.858025E-4	0.03245296709305056	0.029798881606229122	0.23280968024769597	0.12683232721669768	0.5227326137511733	0.06748108671552852	0.014084507	0.503364250361695	.	.
lun_lcp3_norm_bulk_1_3_2_top72.clonotypes.IGHA	lun_lcp3_tum_bulk_1_1_1_top72.clonotypes.IGHA	72	72	1	1	5136	1248	40	87	1.0	0.9999999999999989	0.00778816199376947	0.06971153846153846	0.0	0.0	1.929012E-4	0.02330074579006759	0.02330074579006759	0.21063506089850495	0.11471360035660598	0.5408234280877359	0.13804967379668084	0.006993007	0.22068523831472545	.	.
lun_lcp3_norm_bulk_1_3_2_top72.clonotypes.IGHA	lun_lcp3_tum_bulk_1_1_2_top72.clonotypes.IGHA	72	72	2	2	5136	3449	116	123	1.0	0.9999999999999999	0.022585669781931463	0.03566251087271673	0.0	0.0	3.858025E-4	0.028380657042530223	0.02466846876596495	0.313822443120134	0.1681185172031556	0.6560892041051872	0.16080503313905756	0.014084507	0.5379375289626754	.	.
lun_lcp3_norm_bulk_1_3_2_top72.clonotypes.IGHA	lun_lcp3_tum_bulk_1_2_1_top72.clonotypes.IGHA	72	72	2	2	5136	5924	116	118	1.0	0.9999999999999999	0.022585669781931463	0.019918973666441592	0.0	0.0	3.858025E-4	0.021210454064570103	0.02071192464592206	0.32023449533697745	0.17812041354251196	0.5007756947598065	0.14599730290887022	0.014084507	0.9012502542255219	.	.
lun_lcp3_norm_bulk_1_3_2_top72.clonotypes.IGHA	lun_lcp3_tum_bulk_1_2_2_top72.clonotypes.IGHA	72	72	2	2	5136	4335	116	54	1.0	0.9999999999999997	0.022585669781931463	0.01245674740484429	0.0	0.0	3.858025E-4	0.016773311642092174	0.01607816336717138	0.4227203229612203	0.22415772836791856	0.6364885190995981	0.15279469610333532	0.014084507	0.7138285736330997	.	.
lun_lcp3_norm_bulk_1_3_2_top72.clonotypes.IGHA	lun_lcp3_tum_bulk_1_3_1_top72.clonotypes.IGHA	72	72	0	0	5136	147	0	0	1.0	1.0000000000000004	0.0	0.0	0.0	0.0	0.0	0.0	0.0	0.3478238588578656	0.17881687290792578	0.6902012233521455	0.138403111158973	0.0	NaN	.	.
lun_lcp3_norm_bulk_1_3_2_top72.clonotypes.IGHA	lun_lcp3_tum_bulk_1_3_2_top72.clonotypes.IGHA	72	72	1	1	5136	97	60	1	1.0	0.9999999999999986	0.011682242990654205	0.010309278350515464	0.0	0.0	1.929012E-4	0.010974310673067918	0.010974310673067918	0.38792875760960543	0.20024642932289252	0.6303767491064713	0.08681282416852819	0.006993007	0.9922348706648281	.	.
lun_lcp3_PBMC_bulk_1_1_1_top72.clonotypes.IGHA	lun_lcp3_PBMC_bulk_1_1_2_top72.clonotypes.IGHA	72	72	10	10	33892	27123	5865	4062	0.9999999999999999	1.0	0.17304968724182698	0.14976219444751687	0.11577952723382125	0.18787878787878817	0.0019290123	0.16098540589069704	0.15409466797292193	0.18998085065767562	0.10906215503314634	0.3949005224087268	0.07441580505780024	0.0746268657	0.8137137069905362	.	.
lun_lcp3_PBMC_bulk_1_1_1_top72.clonotypes.IGHA	lun_lcp3_tum_bulk_1_1_1_top72.clonotypes.IGHA	72	72	1	1	33892	1248	417	11	0.9999999999999999	0.9999999999999989	0.012303788504661867	0.008814102564102564	0.0	0.0	1.929012E-4	0.01041378191662932	0.01041378191662932	0.3830210786326522	0.2067666910072368	0.5659917776190689	0.09832684877233856	0.006993007	0.9468379880544724	.	.
lun_lcp3_PBMC_bulk_1_1_1_top72.clonotypes.IGHA	lun_lcp3_tum_bulk_1_1_2_top72.clonotypes.IGHA	72	72	1	1	33892	3449	417	70	0.9999999999999999	0.9999999999999999	0.012303788504661867	0.02029573789504204	0.0	0.0	1.929012E-4	0.01580235636247482	0.01580235636247482	0.42008745517249785	0.2339423242680573	0.6051483845816532	0.1416240182634575	0.006993007	0.8866124024308133	.	.
lun_lcp3_PBMC_bulk_1_1_1_top72.clonotypes.IGHA	lun_lcp3_tum_bulk_1_2_1_top72.clonotypes.IGHA	72	72	0	0	33892	5924	0	0	0.9999999999999999	0.9999999999999999	0.0	0.0	0.0	0.0	0.0	0.0	0.0	0.41037594239785663	0.22626096720742347	0.616084989537835	0.14901895336436488	0.0	NaN	.	.
lun_lcp3_PBMC_bulk_1_1_1_top72.clonotypes.IGHA	lun_lcp3_tum_bulk_1_2_2_top72.clonotypes.IGHA	72	72	0	0	33892	4335	0	0	0.9999999999999999	0.9999999999999997	0.0	0.0	0.0	0.0	0.0	0.0	0.0	0.47993857017100855	0.2546643504435893	0.6366078861384639	0.1593594057936586	0.0	NaN	.	.
lun_lcp3_PBMC_bulk_1_1_1_top72.clonotypes.IGHA	lun_lcp3_tum_bulk_1_3_1_top72.clonotypes.IGHA	72	72	0	0	33892	147	0	0	0.9999999999999999	1.0000000000000004	0.0	0.0	0.0	0.0	0.0	0.0	0.0	0.4426566356591236	0.22983046391321535	0.6656885090558996	0.23015638642254474	0.0	NaN	.	.
lun_lcp3_PBMC_bulk_1_1_1_top72.clonotypes.IGHA	lun_lcp3_tum_bulk_1_3_2_top72.clonotypes.IGHA	72	72	0	0	33892	97	0	0	0.9999999999999999	0.9999999999999986	0.0	0.0	0.0	0.0	0.0	0.0	0.0	0.36766379806783067	0.19492434416022936	0.5588485185174482	0.15220978631710555	0.0	NaN	.	.
lun_lcp3_PBMC_bulk_1_1_2_top72.clonotypes.IGHA	lun_lcp3_tum_bulk_1_1_1_top72.clonotypes.IGHA	72	72	3	3	27123	1248	1834	268	1.0	0.9999999999999989	0.0676178888765992	0.21474358974358976	0.33156120735772615	0.5	5.787037E-4	0.12050107131575245	0.11643337628015869	0.2930305348707487	0.16090761479772048	0.46914464336349615	0.13909406098756139	0.0212765957	0.49720365581174725	.	.
lun_lcp3_PBMC_bulk_1_1_2_top72.clonotypes.IGHA	lun_lcp3_tum_bulk_1_1_2_top72.clonotypes.IGHA	72	72	3	3	27123	3449	1834	918	1.0	0.9999999999999999	0.0676178888765992	0.2661641055378371	-0.31873294809551395	-0.5	5.787037E-4	0.13415459332872987	0.11716823671439502	0.3476862236766779	0.1906927031788692	0.5320590694992521	0.1960120695277458	0.0212765957	0.2766854127033791	.	.
lun_lcp3_PBMC_bulk_1_1_2_top72.clonotypes.IGHA	lun_lcp3_tum_bulk_1_2_1_top72.clonotypes.IGHA	72	72	4	4	27123	5924	2564	1047	1.0	0.9999999999999999	0.09453231574678317	0.17673869007427415	-0.5424247002946798	-0.6000000000000001	7.716049E-4	0.129257563240122	0.10082512064926831	0.3474764934338555	0.19124837569857908	0.5195650492746104	0.15626996605142973	0.0285714286	0.37184372144054006	.	.
lun_lcp3_PBMC_bulk_1_1_2_top72.clonotypes.IGHA	lun_lcp3_tum_bulk_1_2_2_top72.clonotypes.IGHA	72	72	4	4	27123	4335	2564	920	1.0	0.9999999999999997	0.09453231574678317	0.2122260668973472	-0.44875878211391057	-0.6000000000000001	7.716049E-4	0.14164117185916653	0.10348778593744376	0.3912903210692829	0.21021330941763958	0.5264233229584333	0.18238144673701462	0.0285714286	0.2771424137608026	.	.
lun_lcp3_PBMC_bulk_1_1_2_top72.clonotypes.IGHA	lun_lcp3_tum_bulk_1_3_1_top72.clonotypes.IGHA	72	72	3	3	27123	147	1291	51	1.0	1.0000000000000004	0.047597979574530845	0.3469387755102041	0.6404818461373794	0.5	5.787037E-4	0.12850519347616826	0.1066650721522174	0.34846700440920353	0.18728064979104264	0.5404959064087516	0.21204491303961723	0.0212765957	0.13436895229918625	.	.
lun_lcp3_PBMC_bulk_1_1_2_top72.clonotypes.IGHA	lun_lcp3_tum_bulk_1_3_2_top72.clonotypes.IGHA	72	72	2	2	27123	97	812	24	1.0	0.9999999999999986	0.029937691258341628	0.24742268041237114	0.0	0.0	3.858025E-4	0.08606546239053676	0.08178989535745666	0.27863009897253843	0.1469610605909679	0.4746388921018923	0.10573738455390433	0.014084507	0.18209656742359503	.	.
lun_lcp3_tum_bulk_1_1_1_top72.clonotypes.IGHA	lun_lcp3_tum_bulk_1_1_2_top72.clonotypes.IGHA	72	72	46	46	1248	3449	1084	3011	0.9999999999999989	0.9999999999999999	0.8685897435897432	0.8730066685995941	0.8527340181016686	0.7702619983024366	0.0088734568	0.8707954056097548	0.8401461795542204	0.1283967555893023	0.07379495728663951	0.18366505380067966	0.03384108914551476	0.4693877551	0.8945686280889178	.	.
lun_lcp3_tum_bulk_1_1_1_top72.clonotypes.IGHA	lun_lcp3_tum_bulk_1_2_1_top72.clonotypes.IGHA	72	72	17	17	1248	5924	562	2973	0.9999999999999989	0.9999999999999999	0.4503205128205128	0.5018568534773801	0.6751029936008962	0.2858897857577577	0.0032793209875	0.47539082408101097	0.41114204002023275	0.18752469951227643	0.09692716041484123	0.3603222805250429	0.16176108620489946	0.1338582677	0.7948099960858839	.	.
lun_lcp3_tum_bulk_1_1_1_top72.clonotypes.IGHA	lun_lcp3_tum_bulk_1_2_2_top72.clonotypes.IGHA	72	72	18	18	1248	4335	697	2194	0.9999999999999989	0.9999999999999997	0.5584935897435896	0.5061130334486736	0.5713001995659275	0.1571872608849549	0.0034722222	0.5316586168461556	0.44599141013319643	0.283401566763348	0.1443093896784312	0.4426766527536188	0.15930528166860972	0.1428571429	0.720547739164294	.	.
lun_lcp3_tum_bulk_1_1_1_top72.clonotypes.IGHA	lun_lcp3_tum_bulk_1_3_1_top72.clonotypes.IGHA	72	72	6	6	1248	147	319	57	0.9999999999999989	1.0000000000000004	0.2556089743589744	0.38775510204081637	0.7961479031350719	0.5217939320872036	0.0011574074	0.31482325824994656	0.28021035548198664	0.2615657904194291	0.15505942504630188	0.4947048116679512	0.16283725213338646	0.0434782609	0.6391604866519657	.	.
lun_lcp3_tum_bulk_1_1_1_top72.clonotypes.IGHA	lun_lcp3_tum_bulk_1_3_2_top72.clonotypes.IGHA	72	72	6	6	1248	97	215	28	0.9999999999999989	0.9999999999999986	0.17227564102564105	0.288659793814433	0.9877247700264721	0.8451542547285166	0.0011574074	0.2230001143894568	0.22016381515001968	0.274028456442227	0.1562768563647724	0.43326740225574295	0.11900303214816535	0.0434782609	0.8150549518396522	.	.
lun_lcp3_tum_bulk_1_1_2_top72.clonotypes.IGHA	lun_lcp3_tum_bulk_1_2_1_top72.clonotypes.IGHA	72	72	19	19	3449	5924	1566	3185	0.9999999999999999	0.9999999999999999	0.454044650623369	0.5376434841323431	0.5794411067408581	0.2080773409500734	0.0036651235	0.4940790907464113	0.42320302082053	0.2791670807521928	0.1544870068340412	0.4457559971053932	0.17029191681301803	0.152	0.7112003782713808	.	.
lun_lcp3_tum_bulk_1_1_2_top72.clonotypes.IGHA	lun_lcp3_tum_bulk_1_2_2_top72.clonotypes.IGHA	72	72	20	20	3449	4335	1936	2372	0.9999999999999999	0.9999999999999997	0.5613221223543057	0.5471741637831604	0.6153088961017584	0.13248025025608645	0.0038580247	0.5542029979278406	0.46583677625700154	0.23485347487692748	0.13145393392227417	0.3756613212116656	0.15621620323091426	0.1612903226	0.7346735218376613	.	.
lun_lcp3_tum_bulk_1_1_2_top72.clonotypes.IGHA	lun_lcp3_tum_bulk_1_3_1_top72.clonotypes.IGHA	72	72	7	7	3449	147	1001	56	0.9999999999999999	1.0000000000000004	0.2902290518991012	0.380952380952381	0.973225737133618	0.9063269671749657	0.0013503086	0.33251082439901825	0.32247183976389593	0.1834618935056279	0.1102144710280325	0.4323691523325532	0.14942773210981267	0.0510948905	0.8599858833482976	.	.
lun_lcp3_tum_bulk_1_1_2_top72.clonotypes.IGHA	lun_lcp3_tum_bulk_1_3_2_top72.clonotypes.IGHA	72	72	6	6	3449	97	936	28	0.9999999999999999	0.9999999999999986	0.2713830095679907	0.28865979381443296	0.9704330846296967	0.8451542547285166	0.0011574074	0.27988812691258713	0.27351365963399565	0.20845288275883705	0.11653585347584847	0.3944563170526984	0.1355984546222565	0.0434782609	0.9584466221129977	.	.
lun_lcp3_tum_bulk_1_2_1_top72.clonotypes.IGHA	lun_lcp3_tum_bulk_1_2_2_top72.clonotypes.IGHA	72	72	51	51	5924	4335	5525	4094	0.9999999999999999	0.9999999999999997	0.9326468602295748	0.944405997693195	0.9552432109964109	0.8167780085814171	0.0098379629625	0.9385080119692838	0.9218639947930265	0.1651656497528075	0.083684672947872	0.19310119932222164	0.009917677775714572	0.5483870968	0.9618876746597117	.	.
lun_lcp3_tum_bulk_1_2_1_top72.clonotypes.IGHA	lun_lcp3_tum_bulk_1_3_1_top72.clonotypes.IGHA	72	72	7	7	5924	147	1907	57	0.9999999999999999	1.0000000000000004	0.32191087103308574	0.3877551020408163	0.5650189680877228	0.5239368319955837	0.0013503086	0.35330239547090847	0.2959610506292073	0.3210568410702372	0.19557844402464006	0.5741814982756765	0.23190904074606927	0.0510948905	0.5809395039594111	.	.
lun_lcp3_tum_bulk_1_2_1_top72.clonotypes.IGHA	lun_lcp3_tum_bulk_1_3_2_top72.clonotypes.IGHA	72	72	8	8	5924	97	1384	31	0.9999999999999999	0.9999999999999986	0.23362592842673868	0.31958762886597936	0.9117143600167509	0.5773502691896257	0.0015432099	0.27324706129712434	0.25721569910525655	0.32627006123014557	0.18894244279322905	0.453075792233953	0.16192296709716236	0.0588235294	0.7792773608846423	.	.
lun_lcp3_tum_bulk_1_2_2_top72.clonotypes.IGHA	lun_lcp3_tum_bulk_1_3_1_top72.clonotypes.IGHA	72	72	5	5	4335	147	1525	54	0.9999999999999997	1.0000000000000004	0.3517877739331027	0.3673469387755102	0.7181476391223395	0.8720815992723809	9.645062E-4	0.35948318716315025	0.3145708294398113	0.28938425054977296	0.17338660539703224	0.5061892456856008	0.21201638488399108	0.035971223	0.723673765216106	.	.
lun_lcp3_tum_bulk_1_2_2_top72.clonotypes.IGHA	lun_lcp3_tum_bulk_1_3_2_top72.clonotypes.IGHA	72	72	9	9	4335	97	1116	32	0.9999999999999997	0.9999999999999986	0.257439446366782	0.32989690721649484	0.960120448656311	0.5201040312104037	0.0017361111	0.2914249082558457	0.2790362501981754	0.2956487382488156	0.169038823754909	0.4459771928466531	0.16029729191275338	0.0666666667	0.9124010231972279	.	.
lun_lcp3_tum_bulk_1_3_1_top72.clonotypes.IGHA	lun_lcp3_tum_bulk_1_3_2_top72.clonotypes.IGHA	72	72	9	9	147	97	67	33	1.0000000000000004	0.9999999999999986	0.45578231292517013	0.3402061855670103	0.9972628097828102	0.824326432001403	0.0017361111	0.39377653831733245	0.3907479284396411	0.19747170722736693	0.10160018862085567	0.42389528800405385	0.0639111691590799	0.0666666667	0.9489194367898838	.	.
