1_sample_id	2_sample_id	div1	div2	div12	div21	count1	count2	count12	count21	freq1	freq2	freq12	freq21	R	Rs	D	F	F2	vJSD	vjJSD	vj2JSD	sJSD	Jaccard	MorisitaHorn	1_metadata_blank	2_metadata_blank
lun_lcp3_LN_bulk_1_1_1_top175.clonotypes.IGH	lun_lcp3_LN_bulk_1_1_2_top175.clonotypes.IGH	175	175	29	29	12058	6346	3114	1794	0.9999999999999999	1.0000000000000018	0.2582517830485984	0.2826977623699969	0.5209064230639195	0.5264974758565847	9.469388E-4	0.2701984478043881	0.2587287059637623	0.08941703620977937	0.048658232789983324	0.2590122198340321	0.028954609548206944	0.0903426791	0.8429870779071572	.	.
lun_lcp3_LN_bulk_1_1_1_top175.clonotypes.IGH	lun_lcp3_LN_bulk_1_2_1_top175.clonotypes.IGH	175	175	16	16	12058	11749	1852	3074	0.9999999999999999	1.0	0.15359097694476698	0.26163928845008083	0.6824675469097473	0.5534268267616703	5.22449E-4	0.20046304876505697	0.18261239720529773	0.07694101156190723	0.043793893075952516	0.25114776603223016	0.0536860322229633	0.0479041916	0.5107284623482637	.	.
lun_lcp3_LN_bulk_1_1_1_top175.clonotypes.IGH	lun_lcp3_LN_bulk_1_2_2_top175.clonotypes.IGH	175	175	13	13	12058	7856	1677	1786	0.9999999999999999	0.9999999999999991	0.1390777906783878	0.22734215885947046	0.6766758500203236	0.6749336905302881	4.24489796E-4	0.1778151995253224	0.16081872797321126	0.10319530734936465	0.056537199098264296	0.30811679138051584	0.05107026223918724	0.0385756677	0.5148142380884637	.	.
lun_lcp3_LN_bulk_1_1_1_top175.clonotypes.IGH	lun_lcp3_LN_bulk_1_3_1_top175.clonotypes.IGH	175	175	32	32	12058	7794	3330	2665	0.9999999999999999	0.9999999999999991	0.27616520152595786	0.34192968950474734	0.5473660618047291	0.5508070432868672	0.001044898	0.3072931525592244	0.2887208835856026	0.11836948487388065	0.06777257498779357	0.27282531173577135	0.028713153746760086	0.1006289308	0.6629457436862042	.	.
lun_lcp3_LN_bulk_1_1_1_top175.clonotypes.IGH	lun_lcp3_LN_bulk_1_3_2_top175.clonotypes.IGH	175	175	27	27	12058	5704	2683	2171	0.9999999999999999	1.0	0.22250787858683027	0.38061009817671815	0.6582886439392435	0.5775401136930044	8.816327E-4	0.29101330813903814	0.27316481233301654	0.14335119669106175	0.07535158178929596	0.28563102073199403	0.06150340735527485	0.0835913313	0.5129825162889955	.	.
lun_lcp3_LN_bulk_1_1_1_top175.clonotypes.IGH	lun_lcp3_norm_bulk_1_1_1_top175.clonotypes.IGH	175	175	9	9	12058	4696	800	429	0.9999999999999999	0.9999999999999993	0.06634599436059048	0.09135434412265758	-0.3175494642381196	0.11666666666666639	2.938776E-4	0.07785239109993528	0.06750954240164685	0.13507961859511858	0.08346469193382712	0.3102923963598047	0.0444978600207688	0.0263929619	0.4627495983239073	.	.
lun_lcp3_LN_bulk_1_1_1_top175.clonotypes.IGH	lun_lcp3_norm_bulk_1_1_2_top175.clonotypes.IGH	175	175	9	9	12058	1192	1171	103	0.9999999999999999	1.000000000000001	0.09711394924531432	0.08640939597315436	-0.10996267888615316	0.0	2.938776E-4	0.0916054457707356	0.08265631315887358	0.10211078063310956	0.06262713913665725	0.30565771590427243	0.058128465561269556	0.0263929619	0.6859661680375179	.	.
lun_lcp3_LN_bulk_1_1_1_top175.clonotypes.IGH	lun_lcp3_norm_bulk_1_2_1_top175.clonotypes.IGH	175	175	10	10	12058	7980	1396	582	0.9999999999999999	0.9999999999999996	0.11577376015923038	0.07293233082706767	0.5826885613729971	0.4498501023232478	3.26530612E-4	0.09188933657953231	0.0884623289472762	0.10374294157196816	0.059049889174341806	0.2933233330542841	0.059896293362563975	0.0294117647	0.7884137337716706	.	.
lun_lcp3_LN_bulk_1_1_1_top175.clonotypes.IGH	lun_lcp3_norm_bulk_1_2_2_top175.clonotypes.IGH	175	175	8	8	12058	8870	909	422	0.9999999999999999	1.0000000000000002	0.07538563609222093	0.04757609921082301	0.7027819749784258	0.28743030285918225	2.612245E-4	0.05988784936691668	0.05736603534421621	0.11132301052704571	0.06926106982932076	0.34700891611303664	0.049599270708427075	0.0233918129	0.731942537449789	.	.
lun_lcp3_LN_bulk_1_1_1_top175.clonotypes.IGH	lun_lcp3_norm_bulk_1_3_1_top175.clonotypes.IGH	175	175	9	9	12058	357	837	17	0.9999999999999999	0.9999999999999986	0.0694144965997678	0.047619047619047616	-0.40122776799544996	-0.554655800675418	2.938776E-4	0.05749306235570133	0.05339254551458253	0.10310952826716435	0.058606639107032524	0.33393904476018604	0.08420938572219769	0.0263929619	0.7009396830912847	.	.
lun_lcp3_LN_bulk_1_1_1_top175.clonotypes.IGH	lun_lcp3_norm_bulk_1_3_2_top175.clonotypes.IGH	175	175	10	10	12058	11470	915	1098	0.9999999999999999	1.0000000000000002	0.07588323104992535	0.0957279860505667	0.14434365651254316	0.503030303030303	3.26530612E-4	0.08522997643680998	0.07689429043586671	0.167433098093293	0.10509692402458568	0.38860726250103583	0.07045426566953535	0.0294117647	0.6187407305610031	.	.
lun_lcp3_LN_bulk_1_1_1_top175.clonotypes.IGH	lun_lcp3_PBMC_bulk_1_1_1_top175.clonotypes.IGH	175	175	1	1	12058	69120	48	850	0.9999999999999999	1.0000000000000002	0.003980759661635429	0.012297453703703705	0.0	0.0	3.26531E-5	0.00699665689058231	0.00699665689058231	0.1192073070932332	0.06645457544989049	0.3345960455379082	0.08666520917125681	0.0028653295	0.5860069409625893	.	.
lun_lcp3_LN_bulk_1_1_1_top175.clonotypes.IGH	lun_lcp3_PBMC_bulk_1_1_2_top175.clonotypes.IGH	175	175	3	3	12058	51509	562	2387	0.9999999999999999	0.9999999999999997	0.046608061038314816	0.04634141606321225	-0.5079140279955087	-0.5	9.79592E-5	0.04647454731867906	0.042692113692981745	0.13704730340786891	0.07170319969066129	0.31694268215846755	0.05951555791267607	0.0086455331	0.7720775315970654	.	.
lun_lcp3_LN_bulk_1_1_1_top175.clonotypes.IGH	lun_lcp3_tum_bulk_1_1_1_top175.clonotypes.IGH	175	175	7	7	12058	2714	892	691	0.9999999999999999	0.9999999999999992	0.0739757837120584	0.2546057479734709	0.005395705510959883	0.1428571428571426	2.285714E-4	0.1372394248892509	0.10756782274318785	0.20839230287976415	0.11046416655863048	0.4352662347365063	0.10726853079688307	0.0204081633	0.19933909214670117	.	.
lun_lcp3_LN_bulk_1_1_1_top175.clonotypes.IGH	lun_lcp3_tum_bulk_1_1_2_top175.clonotypes.IGH	175	175	8	8	12058	6741	913	1813	0.9999999999999999	1.0000000000000002	0.07571736606402388	0.26895119418483904	0.2933752918704135	0.526955555241834	2.612245E-4	0.14270345484062336	0.11170905167033458	0.22526897867203388	0.11541717804680914	0.4262609192362836	0.11752450007257247	0.0233918129	0.23148874440073303	.	.
lun_lcp3_LN_bulk_1_1_1_top175.clonotypes.IGH	lun_lcp3_tum_bulk_1_2_1_top175.clonotypes.IGH	175	175	5	5	12058	9804	693	778	0.9999999999999999	1.0000000000000002	0.0574722176148615	0.07935536515707874	0.8778380604436826	0.9	1.632653E-4	0.067533168259859	0.06149679879994639	0.227985552280747	0.12431635143810206	0.4614915825936004	0.08618609922133905	0.0144927536	0.6815065822726334	.	.
lun_lcp3_LN_bulk_1_1_1_top175.clonotypes.IGH	lun_lcp3_tum_bulk_1_2_2_top175.clonotypes.IGH	175	175	4	4	12058	6564	606	719	0.9999999999999999	0.9999999999999996	0.05025709072814729	0.10953686776355881	0.8508771810570629	1.0	1.306122E-4	0.07419571619217816	0.06587900312692548	0.2375931959237877	0.13116920106669794	0.44170047779188193	0.10361841540045953	0.0115606936	0.490086924623742	.	.
lun_lcp3_LN_bulk_1_1_1_top175.clonotypes.IGH	lun_lcp3_tum_bulk_1_3_1_top175.clonotypes.IGH	175	175	5	5	12058	269	537	58	0.9999999999999999	1.000000000000002	0.044534748714546366	0.21561338289962825	0.9950507800753502	1.0	1.632653E-4	0.09799126403373014	0.09503449999891485	0.21393155081417817	0.11400020256295698	0.4301979609938876	0.11946113682602108	0.0144927536	0.30682532588594796	.	.
lun_lcp3_LN_bulk_1_1_1_top175.clonotypes.IGH	lun_lcp3_tum_bulk_1_3_2_top175.clonotypes.IGH	175	175	5	5	12058	212	570	31	0.9999999999999999	1.0000000000000056	0.047271520981920716	0.14622641509433962	0.9788666422271287	0.6155870112510924	1.632653E-4	0.08314051388608999	0.0805456823883555	0.16495522943635077	0.09326876152389485	0.3502013085394619	0.046432627121589465	0.0144927536	0.48264219157102783	.	.
lun_lcp3_LN_bulk_1_1_2_top175.clonotypes.IGH	lun_lcp3_LN_bulk_1_2_1_top175.clonotypes.IGH	175	175	14	14	6346	11749	965	2918	1.0000000000000018	1.0	0.15206429246769618	0.24836156268618606	0.7361837149917939	0.10329670329670337	4.571429E-4	0.19433714340302077	0.17165483452623326	0.07786682495966715	0.04279470518487451	0.23969959428461796	0.04769282922023176	0.0416666667	0.5639493436105598	.	.
lun_lcp3_LN_bulk_1_1_2_top175.clonotypes.IGH	lun_lcp3_LN_bulk_1_2_2_top175.clonotypes.IGH	175	175	13	13	6346	7856	896	1762	1.0000000000000018	0.9999999999999991	0.14119130160731166	0.22428716904276985	0.922968356848452	0.6243093922651933	4.24489796E-4	0.177953357178132	0.16670509877929127	0.12481066236012937	0.06495258824913604	0.2856709192827993	0.03666756245529258	0.0385756677	0.6329904631523834	.	.
lun_lcp3_LN_bulk_1_1_2_top175.clonotypes.IGH	lun_lcp3_LN_bulk_1_3_1_top175.clonotypes.IGH	175	175	39	39	6346	7794	2163	3039	1.0000000000000018	0.9999999999999991	0.340844626536401	0.3899153194765204	0.7397218462538443	0.4558391666505174	0.001273469388	0.3645552652860689	0.34803369952867674	0.08665641407212235	0.047112976693444865	0.21730442076455975	0.013957596435019669	0.1254019293	0.7815651794998694	.	.
lun_lcp3_LN_bulk_1_1_2_top175.clonotypes.IGH	lun_lcp3_LN_bulk_1_3_2_top175.clonotypes.IGH	175	175	30	30	6346	5704	1836	2195	1.0000000000000018	1.0	0.28931610463283963	0.38481767180925686	0.7702960643826628	0.42231876730741175	9.795918E-4	0.33366742394446103	0.3141902208098405	0.1082312031741178	0.059260405076717565	0.28144163820764895	0.03170685116536894	0.09375	0.6394647273556127	.	.
lun_lcp3_LN_bulk_1_1_2_top175.clonotypes.IGH	lun_lcp3_norm_bulk_1_1_1_top175.clonotypes.IGH	175	175	3	3	6346	4696	172	167	1.0000000000000018	0.9999999999999993	0.027103687362117868	0.035562180579216354	0.96982227769154	1.0	9.79592E-5	0.031046195005737173	0.030996670303499098	0.11826943436037742	0.07547267566010568	0.30904282661363397	0.04271547639777416	0.0086455331	0.9510036431721335	.	.
lun_lcp3_LN_bulk_1_1_2_top175.clonotypes.IGH	lun_lcp3_norm_bulk_1_1_2_top175.clonotypes.IGH	175	175	8	8	6346	1192	500	54	1.0000000000000018	1.000000000000001	0.07878978884336589	0.04530201342281879	0.0603117462533095	-0.08486251286955225	2.612245E-4	0.05974392079335955	0.05560995474252482	0.10334457755253017	0.06100365189704103	0.31787497831828737	0.038369317382586594	0.0233918129	0.6839737653655095	.	.
lun_lcp3_LN_bulk_1_1_2_top175.clonotypes.IGH	lun_lcp3_norm_bulk_1_2_1_top175.clonotypes.IGH	175	175	10	10	6346	7980	600	586	1.0000000000000018	0.9999999999999996	0.09454774661203907	0.07343358395989974	0.46408209420039037	0.30909090909090897	3.26530612E-4	0.08332454553764153	0.07950264885973324	0.1249263133418193	0.07257327465682228	0.31246947850402446	0.05274547879756089	0.0294117647	0.8100099656948364	.	.
lun_lcp3_LN_bulk_1_1_2_top175.clonotypes.IGH	lun_lcp3_norm_bulk_1_2_2_top175.clonotypes.IGH	175	175	8	8	6346	8870	487	522	1.0000000000000018	1.0000000000000002	0.07674125433343838	0.0588500563697858	0.348913905230113	0.49999999999999983	2.612245E-4	0.06720288046959681	0.06464104407945938	0.1531956288951559	0.09062356909491572	0.33383365082816535	0.037969381024432945	0.0233918129	0.8292805780340488	.	.
lun_lcp3_LN_bulk_1_1_2_top175.clonotypes.IGH	lun_lcp3_norm_bulk_1_3_1_top175.clonotypes.IGH	175	175	9	9	6346	357	451	27	1.0000000000000018	0.9999999999999986	0.07106838953671604	0.07563025210084034	-0.2831675841773876	-0.50709255283711	2.938776E-4	0.07331384737593954	0.06119649954435527	0.07982133277034624	0.0506779757133494	0.3201740121364689	0.053414488491211776	0.0263929619	0.43247613121308176	.	.
lun_lcp3_LN_bulk_1_1_2_top175.clonotypes.IGH	lun_lcp3_norm_bulk_1_3_2_top175.clonotypes.IGH	175	175	9	9	6346	11470	427	1140	1.0000000000000018	1.0000000000000002	0.06728647967223447	0.09938971229293811	0.1387745028608853	0.10041928905068688	2.938776E-4	0.08177764887686619	0.07248012512938887	0.16552915905609936	0.09165523156630978	0.37599982280618316	0.06558241971139923	0.0263929619	0.6021732118568225	.	.
lun_lcp3_LN_bulk_1_1_2_top175.clonotypes.IGH	lun_lcp3_PBMC_bulk_1_1_1_top175.clonotypes.IGH	175	175	2	2	6346	69120	70	1339	1.0000000000000018	1.0000000000000002	0.011030570438071225	0.019372106481481483	0.0	0.0	6.53061E-5	0.01461798156647482	0.014617676669821559	0.1467968102851628	0.08211121945583681	0.3392266668308245	0.08046916397078537	0.0057471264	0.8585769020771696	.	.
lun_lcp3_LN_bulk_1_1_2_top175.clonotypes.IGH	lun_lcp3_PBMC_bulk_1_1_2_top175.clonotypes.IGH	175	175	4	4	6346	51509	288	2571	1.0000000000000018	0.9999999999999997	0.04538291837377875	0.04991360733075773	0.43331837792944194	0.39999999999999997	1.306122E-4	0.04759438167717512	0.045923765877227504	0.12705182587150363	0.06541716769820796	0.3220159863937022	0.057544580092861904	0.0115606936	0.8764437247581743	.	.
lun_lcp3_LN_bulk_1_1_2_top175.clonotypes.IGH	lun_lcp3_tum_bulk_1_1_1_top175.clonotypes.IGH	175	175	10	10	6346	2714	482	721	1.0000000000000018	0.9999999999999992	0.07595335644500473	0.26565954310980106	0.18956802047729818	0.4634146341463414	3.26530612E-4	0.14204835082054215	0.11290682749419506	0.2151051529760129	0.11174492603297742	0.4148659836413358	0.08286511485246378	0.0294117647	0.1839842463099627	.	.
lun_lcp3_LN_bulk_1_1_2_top175.clonotypes.IGH	lun_lcp3_tum_bulk_1_1_2_top175.clonotypes.IGH	175	175	10	10	6346	6741	494	1906	1.0000000000000018	1.0000000000000002	0.07784431137724551	0.28274736685951646	0.2981337017475154	0.26829268292682934	3.26530612E-4	0.14835859957180936	0.11656260391333319	0.22377041778835213	0.11411094174020493	0.40953860469291586	0.09725774492719691	0.0294117647	0.2006715101021272	.	.
lun_lcp3_LN_bulk_1_1_2_top175.clonotypes.IGH	lun_lcp3_tum_bulk_1_2_1_top175.clonotypes.IGH	175	175	8	8	6346	9804	426	931	1.0000000000000018	1.0000000000000002	0.06712890009454775	0.09496124031007752	0.7202439812872995	0.6428571428571428	2.612245E-4	0.07984136530414253	0.06983895617942473	0.20915125966880738	0.10992292177619914	0.4272234798535057	0.07528910826277273	0.0233918129	0.5519695186991678	.	.
lun_lcp3_LN_bulk_1_1_2_top175.clonotypes.IGH	lun_lcp3_tum_bulk_1_2_2_top175.clonotypes.IGH	175	175	7	7	6346	6564	357	775	1.0000000000000018	0.9999999999999996	0.056255909234163244	0.11806825106642291	0.788764763498317	0.7207499701564473	2.285714E-4	0.08149869210870249	0.06925842330960846	0.2565557917180872	0.13440440057645814	0.44651829750590677	0.0929026424428406	0.0204081633	0.382905804153228	.	.
lun_lcp3_LN_bulk_1_1_2_top175.clonotypes.IGH	lun_lcp3_tum_bulk_1_3_1_top175.clonotypes.IGH	175	175	3	3	6346	269	232	55	1.0000000000000018	1.000000000000002	0.036558462023321775	0.20446096654275092	0.8972234615872094	1.0	9.79592E-5	0.08645680123972216	0.08131833044541929	0.1782153837906376	0.09898453460636307	0.3988310838943812	0.10039477933586907	0.0086455331	0.23811777109602428	.	.
lun_lcp3_LN_bulk_1_1_2_top175.clonotypes.IGH	lun_lcp3_tum_bulk_1_3_2_top175.clonotypes.IGH	175	175	6	6	6346	212	373	32	1.0000000000000018	1.0000000000000056	0.05877718247715096	0.1509433962264151	0.8004496987388205	0.3946648814672956	1.959184E-4	0.09419144092602522	0.08507292718505886	0.16128449842757	0.09120953586321778	0.3612843890008541	0.04947234591273851	0.0174418605	0.3929520172956527	.	.
lun_lcp3_LN_bulk_1_2_1_top175.clonotypes.IGH	lun_lcp3_LN_bulk_1_2_2_top175.clonotypes.IGH	175	175	18	18	11749	7856	2875	2058	1.0	0.9999999999999991	0.24470167673844584	0.2619653767820774	0.9880354909305388	0.5348837923580751	5.877551E-4	0.25318642725468726	0.24875204051190603	0.07215212544231756	0.03669587984132601	0.25776883644660886	0.028735507266811858	0.0542168675	0.9872778049001321	.	.
lun_lcp3_LN_bulk_1_2_1_top175.clonotypes.IGH	lun_lcp3_LN_bulk_1_3_1_top175.clonotypes.IGH	175	175	21	21	11749	7794	3273	1707	1.0	0.9999999999999991	0.27857690016171593	0.21901462663587373	0.9706789713980206	0.20091027308192452	6.857143E-4	0.24700691443418601	0.24031152330025635	0.134040276149891	0.06862006264532851	0.3114460522911826	0.031831004414626524	0.0638297872	0.9106787174276858	.	.
lun_lcp3_LN_bulk_1_2_1_top175.clonotypes.IGH	lun_lcp3_LN_bulk_1_3_2_top175.clonotypes.IGH	175	175	19	19	11749	5704	3161	1550	1.0	1.0	0.26904417397225294	0.27173913043478265	0.9705346955792745	0.2190942388364217	6.204082E-4	0.27038829465005393	0.2625052330458976	0.14112811578721493	0.0727979393676252	0.32859841588192423	0.021466805592850677	0.0574018127	0.9778234330406064	.	.
lun_lcp3_LN_bulk_1_2_1_top175.clonotypes.IGH	lun_lcp3_norm_bulk_1_1_1_top175.clonotypes.IGH	175	175	1	1	11749	4696	54	26	1.0	0.9999999999999993	0.0045961358413482	0.005536626916524702	0.0	0.0	3.26531E-5	0.005044510819813191	0.005044510819813191	0.09418337277144274	0.05690984152555283	0.3067289702170034	0.08334079632931451	0.0028653295	0.9829172338538038	.	.
lun_lcp3_LN_bulk_1_2_1_top175.clonotypes.IGH	lun_lcp3_norm_bulk_1_1_2_top175.clonotypes.IGH	175	175	4	4	11749	1192	1161	40	1.0	1.000000000000001	0.09881692058898628	0.03355704697986577	0.11797269844475629	0.2000000000000001	1.306122E-4	0.0575847553316872	0.04996941445389624	0.11164210218841024	0.06628033384275489	0.3116929607194798	0.09653614990301461	0.0115606936	0.3307527768006479	.	.
lun_lcp3_LN_bulk_1_2_1_top175.clonotypes.IGH	lun_lcp3_norm_bulk_1_2_1_top175.clonotypes.IGH	175	175	5	5	11749	7980	1203	347	1.0	0.9999999999999996	0.10239169291003489	0.04348370927318296	0.8440035863571048	0.29999999999999977	1.632653E-4	0.06672608640171387	0.061044003242837444	0.12404452561295931	0.06602499360735535	0.3186036738400832	0.06266314210112865	0.0144927536	0.47626906588621826	.	.
lun_lcp3_LN_bulk_1_2_1_top175.clonotypes.IGH	lun_lcp3_norm_bulk_1_2_2_top175.clonotypes.IGH	175	175	9	9	11749	8870	1215	681	1.0	1.0000000000000002	0.1034130564303345	0.07677564825253663	0.2423040973321488	0.21666666666666679	2.938776E-4	0.08910445805466236	0.07505476093312108	0.10552409691561218	0.06605536352611355	0.31947740983088535	0.06722695577686516	0.0263929619	0.40297620206793855	.	.
lun_lcp3_LN_bulk_1_2_1_top175.clonotypes.IGH	lun_lcp3_norm_bulk_1_3_1_top175.clonotypes.IGH	175	175	5	5	11749	357	471	7	1.0	0.9999999999999986	0.0400885181717593	0.0196078431372549	0.6195950971238258	0.5773502691896258	1.632653E-4	0.028036572114237664	0.025940434519294994	0.08943354832312812	0.048291402317611996	0.3214050257406365	0.046127575106371235	0.0144927536	0.4831473924298746	.	.
lun_lcp3_LN_bulk_1_2_1_top175.clonotypes.IGH	lun_lcp3_norm_bulk_1_3_2_top175.clonotypes.IGH	175	175	5	5	11749	11470	478	367	1.0	1.0000000000000002	0.040684313558600735	0.031996512641673934	0.7440877107415366	0.7000000000000001	1.632653E-4	0.036079857997165045	0.034136112750404866	0.1380971536848951	0.08092158736291807	0.3375211588286002	0.07816749962347232	0.0144927536	0.7452837507617088	.	.
lun_lcp3_LN_bulk_1_2_1_top175.clonotypes.IGH	lun_lcp3_PBMC_bulk_1_1_1_top175.clonotypes.IGH	175	175	2	2	11749	69120	110	644	1.0	1.0000000000000002	0.009362498936079666	0.00931712962962963	0.0	0.0	6.53061E-5	0.009339786734434773	0.009339155030738854	0.12810672310135973	0.07415645577425656	0.3209632033355485	0.07039672909059376	0.0057471264	0.9997865044101266	.	.
lun_lcp3_LN_bulk_1_2_1_top175.clonotypes.IGH	lun_lcp3_PBMC_bulk_1_1_2_top175.clonotypes.IGH	175	175	3	3	11749	51509	897	1240	1.0	0.9999999999999997	0.07634692314239509	0.024073462889980392	0.7660470845039864	0.5	9.79592E-5	0.04287114205421443	0.03765852262569872	0.15856979702333612	0.08126511103674475	0.37644381088281054	0.07392860678033071	0.0086455331	0.334302737318237	.	.
lun_lcp3_LN_bulk_1_2_1_top175.clonotypes.IGH	lun_lcp3_tum_bulk_1_1_1_top175.clonotypes.IGH	175	175	11	11	11749	2714	1505	780	1.0	0.9999999999999992	0.12809600817090816	0.28739867354458365	0.23488472020612522	0.07289312761251261	3.591837E-4	0.19187137054463116	0.1519199419885377	0.1816050865924109	0.09604173519683963	0.3725798972611534	0.1091810443132265	0.0324483776	0.33130476459159725	.	.
lun_lcp3_LN_bulk_1_2_1_top175.clonotypes.IGH	lun_lcp3_tum_bulk_1_1_2_top175.clonotypes.IGH	175	175	13	13	11749	6741	1557	2183	1.0	1.0000000000000002	0.1325219167588731	0.3238391929980715	0.5272811091850215	0.7362637362637363	4.24489796E-4	0.20716126707893798	0.17982987364465958	0.2153007849050853	0.11059674607871103	0.4232195952629651	0.10740436320476465	0.0385756677	0.45575190756796813	.	.
lun_lcp3_LN_bulk_1_2_1_top175.clonotypes.IGH	lun_lcp3_tum_bulk_1_2_1_top175.clonotypes.IGH	175	175	13	13	11749	9804	1531	2175	1.0	1.0000000000000002	0.13030896246489065	0.22184822521419828	0.5719358804248523	0.28571428571428575	4.24489796E-4	0.17002591582561635	0.1447691632566645	0.15585594537573857	0.08421811303797919	0.3854784915526103	0.09713642187297762	0.0385756677	0.6325360270572481	.	.
lun_lcp3_LN_bulk_1_2_1_top175.clonotypes.IGH	lun_lcp3_tum_bulk_1_2_2_top175.clonotypes.IGH	175	175	14	14	11749	6564	1601	1652	1.0	0.9999999999999996	0.13626691633330498	0.25167580743449114	0.7236824937092114	0.022099784804392442	4.571429E-4	0.18518932527225423	0.15817798636318475	0.19118487193187247	0.10477332060133734	0.40481024959027895	0.1026673479445965	0.0416666667	0.6423289580528208	.	.
lun_lcp3_LN_bulk_1_2_1_top175.clonotypes.IGH	lun_lcp3_tum_bulk_1_3_1_top175.clonotypes.IGH	175	175	13	13	11749	269	1599	71	1.0	1.000000000000002	0.1360966890799217	0.2639405204460966	0.9889131487826871	0.2654484327753142	4.24489796E-4	0.18952949888274684	0.18266833132646887	0.15162415285523392	0.07794077940260308	0.36606044270988125	0.0717862827961969	0.0385756677	0.6702284760803559	.	.
lun_lcp3_LN_bulk_1_2_1_top175.clonotypes.IGH	lun_lcp3_tum_bulk_1_3_2_top175.clonotypes.IGH	175	175	12	12	11749	212	1567	39	1.0	1.0000000000000056	0.13337305302578945	0.1839622641509434	0.9836348836807028	0.22813438985148743	3.918367E-4	0.15663846529938955	0.15283727048679557	0.12538458088735985	0.0663457512977073	0.35040779035935943	0.03987979137031712	0.0355029586	0.8936239193913942	.	.
lun_lcp3_LN_bulk_1_2_2_top175.clonotypes.IGH	lun_lcp3_LN_bulk_1_3_1_top175.clonotypes.IGH	175	175	19	19	7856	7794	2095	1905	0.9999999999999991	0.9999999999999991	0.2666751527494909	0.24441878367975364	0.911505912182665	0.26251107571338433	6.204082E-4	0.2553045563099943	0.2440734190409559	0.12432311824922153	0.06311771746853509	0.3055458954178107	0.03117171307069035	0.0574018127	0.9112077924472697	.	.
lun_lcp3_LN_bulk_1_2_2_top175.clonotypes.IGH	lun_lcp3_LN_bulk_1_3_2_top175.clonotypes.IGH	175	175	16	16	7856	5704	1932	1452	0.9999999999999991	1.0	0.24592668024439918	0.25455820476858343	0.9770545499637064	0.34541571293227125	5.22449E-4	0.25020522422146124	0.24426800581604668	0.18457667752510606	0.0936103431657435	0.3708014290933436	0.03595027755328279	0.0479041916	0.9799359387102126	.	.
lun_lcp3_LN_bulk_1_2_2_top175.clonotypes.IGH	lun_lcp3_norm_bulk_1_1_1_top175.clonotypes.IGH	175	175	1	1	7856	4696	35	16	0.9999999999999991	0.9999999999999993	0.004455193482688391	0.0034071550255536627	0.0	0.0	3.26531E-5	0.0038960922556268702	0.0038960922556268702	0.1501955761368405	0.08353389633521636	0.35172876903529954	0.06974887528947715	0.0028653295	0.9650834871795614	.	.
lun_lcp3_LN_bulk_1_2_2_top175.clonotypes.IGH	lun_lcp3_norm_bulk_1_1_2_top175.clonotypes.IGH	175	175	3	3	7856	1192	562	25	0.9999999999999991	1.000000000000001	0.0715376782077393	0.020973154362416105	0.1559262084130054	-0.5	9.79592E-5	0.038734619757779566	0.03261115020149045	0.16530077446783312	0.09384501586831988	0.35503104567727095	0.06803484889009313	0.0086455331	0.299896970189899	.	.
lun_lcp3_LN_bulk_1_2_2_top175.clonotypes.IGH	lun_lcp3_norm_bulk_1_2_1_top175.clonotypes.IGH	175	175	7	7	7856	7980	716	381	0.9999999999999991	0.9999999999999996	0.09114052953156822	0.04774436090225564	0.7853302738594304	0.3214285714285714	2.285714E-4	0.06596549351576081	0.06024679812172084	0.1357589054800019	0.07328297990926448	0.33236043075653804	0.060649778131476026	0.0204081633	0.5223016622423745	.	.
lun_lcp3_LN_bulk_1_2_2_top175.clonotypes.IGH	lun_lcp3_norm_bulk_1_2_2_top175.clonotypes.IGH	175	175	9	9	7856	8870	862	583	0.9999999999999991	1.0000000000000002	0.10972505091649695	0.0657271702367531	0.27306998536079996	0.19999999999999993	2.938776E-4	0.08492300689933793	0.07478506766459962	0.10646119962162635	0.0665344397732069	0.3127168397603889	0.05753142952976019	0.0263929619	0.45071427024535465	.	.
lun_lcp3_LN_bulk_1_2_2_top175.clonotypes.IGH	lun_lcp3_norm_bulk_1_3_1_top175.clonotypes.IGH	175	175	2	2	7856	357	98	3	0.9999999999999991	0.9999999999999986	0.012474541751527495	0.008403361344537815	0.0	0.0	6.53061E-5	0.010238558587301692	0.010210249682241167	0.1316230063978298	0.07112256869031466	0.37241637399523486	0.04452958508672494	0.0057471264	0.9034771848819616	.	.
lun_lcp3_LN_bulk_1_2_2_top175.clonotypes.IGH	lun_lcp3_norm_bulk_1_3_2_top175.clonotypes.IGH	175	175	4	4	7856	11470	244	208	0.9999999999999991	1.0000000000000002	0.031059063136456212	0.018134263295553617	-0.2929145651456061	-0.31622776601683794	1.306122E-4	0.02373253523392982	0.022430450090562055	0.16876212762532444	0.09439220216547071	0.39645634834008364	0.090612734773844	0.0115606936	0.6895042199184513	.	.
lun_lcp3_LN_bulk_1_2_2_top175.clonotypes.IGH	lun_lcp3_PBMC_bulk_1_1_1_top175.clonotypes.IGH	175	175	1	1	7856	69120	39	375	0.9999999999999991	1.0000000000000002	0.004964358452138493	0.005425347222222222	0.0	0.0	3.26531E-5	0.005189736827472563	0.005189736827472563	0.15442821770939957	0.08721085669993466	0.3442755301064754	0.05990984970235046	0.0028653295	0.9960703845437406	.	.
lun_lcp3_LN_bulk_1_2_2_top175.clonotypes.IGH	lun_lcp3_PBMC_bulk_1_1_2_top175.clonotypes.IGH	175	175	3	3	7856	51509	565	1732	0.9999999999999991	0.9999999999999997	0.07191955193482688	0.033625191714069386	0.08461221861734682	0.5	9.79592E-5	0.04917630244130321	0.04301261921635607	0.13407266678021548	0.06848242967332155	0.3476641215390154	0.043366618680654855	0.0086455331	0.4326305489035214	.	.
lun_lcp3_LN_bulk_1_2_2_top175.clonotypes.IGH	lun_lcp3_tum_bulk_1_1_1_top175.clonotypes.IGH	175	175	8	8	7856	2714	778	283	0.9999999999999991	0.9999999999999992	0.09903258655804481	0.104274134119381	0.902081129582387	0.5878895848481795	2.612245E-4	0.10161957101337701	0.09749515007159763	0.19194189215034588	0.1017469829480315	0.4389695733262409	0.11162796031071068	0.0233918129	0.9338990498719216	.	.
lun_lcp3_LN_bulk_1_2_2_top175.clonotypes.IGH	lun_lcp3_tum_bulk_1_1_2_top175.clonotypes.IGH	175	175	9	9	7856	6741	838	854	0.9999999999999991	1.0000000000000002	0.10667006109979633	0.12668743509865005	0.9850810254216229	0.32352941176470584	2.938776E-4	0.11624868361641556	0.11070259392565972	0.22943344237922886	0.11805260003657493	0.4610108584902987	0.10135200129011401	0.0263929619	0.8880997342897056	.	.
lun_lcp3_LN_bulk_1_2_2_top175.clonotypes.IGH	lun_lcp3_tum_bulk_1_2_1_top175.clonotypes.IGH	175	175	8	8	7856	9804	896	869	0.9999999999999991	1.0000000000000002	0.11405295315682282	0.08863729090167279	0.9789790822122069	0.7349397590361446	2.612245E-4	0.10054523751603635	0.09605971687732463	0.1935545533995627	0.10303134015575377	0.46034510722184707	0.07541399806859256	0.0233918129	0.9584291267765886	.	.
lun_lcp3_LN_bulk_1_2_2_top175.clonotypes.IGH	lun_lcp3_tum_bulk_1_2_2_top175.clonotypes.IGH	175	175	6	6	7856	6564	732	751	0.9999999999999991	0.9999999999999996	0.09317718940936864	0.11441194393662402	0.9768639007881565	0.7142857142857143	1.959184E-4	0.10325010106957223	0.09726507320792886	0.2206356419153091	0.11853553092453151	0.46500073839402334	0.0780115070892798	0.0174418605	0.8488393587574716	.	.
lun_lcp3_LN_bulk_1_2_2_top175.clonotypes.IGH	lun_lcp3_tum_bulk_1_3_1_top175.clonotypes.IGH	175	175	7	7	7856	269	782	60	0.9999999999999991	1.000000000000002	0.0995417515274949	0.22304832713754646	0.9813382692457687	0.3091420111676559	2.285714E-4	0.14900544003005076	0.14299270528377994	0.1888596582343233	0.09755885797013009	0.4103220950976301	0.07637824047776999	0.0204081633	0.6061521612216586	.	.
lun_lcp3_LN_bulk_1_2_2_top175.clonotypes.IGH	lun_lcp3_tum_bulk_1_3_2_top175.clonotypes.IGH	175	175	9	9	7856	212	982	33	0.9999999999999991	1.0000000000000056	0.125	0.15566037735849056	0.9783590283409248	0.732709181802739	2.938776E-4	0.1394903121002004	0.13485619297235693	0.143603943747853	0.07569880016410459	0.3350429047055552	0.03439731700607674	0.0263929619	0.8468862490588795	.	.
lun_lcp3_LN_bulk_1_3_1_top175.clonotypes.IGH	lun_lcp3_LN_bulk_1_3_2_top175.clonotypes.IGH	175	175	38	38	7794	5704	3124	2518	0.9999999999999991	1.0	0.40082114447010525	0.441444600280505	0.8898811234031827	0.5651388280633788	0.0012408163	0.4206427580555502	0.40402738469490657	0.14274823150740842	0.07488369684032872	0.2877990226017511	0.020911321114479377	0.1217948718	0.8858425764329702	.	.
lun_lcp3_LN_bulk_1_3_1_top175.clonotypes.IGH	lun_lcp3_norm_bulk_1_1_1_top175.clonotypes.IGH	175	175	6	6	7794	4696	231	214	0.9999999999999991	0.9999999999999993	0.029638183217859892	0.04557069846678024	0.5696021445595549	-0.057977103565244735	1.959184E-4	0.03675095523281374	0.035800981119006606	0.2017378231125441	0.11022783490006327	0.3983083976095988	0.04795592594301085	0.0174418605	0.7670434988397049	.	.
lun_lcp3_LN_bulk_1_3_1_top175.clonotypes.IGH	lun_lcp3_norm_bulk_1_1_2_top175.clonotypes.IGH	175	175	8	8	7794	1192	608	55	0.9999999999999991	1.000000000000001	0.07800872465999487	0.04614093959731543	0.28061635396539547	0.3152036192297668	2.612245E-4	0.0599949652270958	0.0548965461478228	0.14292955431167767	0.08312099513982667	0.3709360740898064	0.056499837228184045	0.0233918129	0.5597569914165026	.	.
lun_lcp3_LN_bulk_1_3_1_top175.clonotypes.IGH	lun_lcp3_norm_bulk_1_2_1_top175.clonotypes.IGH	175	175	11	11	7794	7980	738	626	0.9999999999999991	0.9999999999999996	0.09468822170900694	0.07844611528822056	0.5930197573783944	0.26940920133656177	3.591837E-4	0.08618539990405188	0.0813226560858842	0.15029697644788484	0.08041067486455362	0.3161695743670534	0.05726727462983464	0.0324483776	0.7583678351631492	.	.
lun_lcp3_LN_bulk_1_3_1_top175.clonotypes.IGH	lun_lcp3_norm_bulk_1_2_2_top175.clonotypes.IGH	175	175	16	16	7794	8870	965	1020	0.9999999999999991	1.0000000000000002	0.12381318963305109	0.11499436302142053	0.28230274876905503	0.13146290748870076	5.22449E-4	0.11932233183902777	0.11015060311140797	0.18063783401599512	0.10137338623425593	0.3396008630796285	0.04324080353349315	0.0479041916	0.6919106635669308	.	.
lun_lcp3_LN_bulk_1_3_1_top175.clonotypes.IGH	lun_lcp3_norm_bulk_1_3_1_top175.clonotypes.IGH	175	175	11	11	7794	357	444	28	0.9999999999999991	0.9999999999999986	0.056966897613548874	0.0784313725490196	-0.25885695583574636	-0.391292790435615	3.591837E-4	0.06684303979989321	0.059400885730673744	0.12809847968349916	0.07072767900756721	0.3447797671895965	0.05985417545883882	0.0324483776	0.48289572218381527	.	.
lun_lcp3_LN_bulk_1_3_1_top175.clonotypes.IGH	lun_lcp3_norm_bulk_1_3_2_top175.clonotypes.IGH	175	175	10	10	7794	11470	660	1048	0.9999999999999991	1.0000000000000002	0.08468052347959969	0.09136878814298169	-0.12004854444058288	0.2796365500928297	3.26530612E-4	0.08796110964309357	0.07184664421882997	0.16443737507137404	0.08905815417450451	0.3674963704240673	0.07018969442674416	0.0294117647	0.4124284405797815	.	.
lun_lcp3_LN_bulk_1_3_1_top175.clonotypes.IGH	lun_lcp3_PBMC_bulk_1_1_1_top175.clonotypes.IGH	175	175	1	1	7794	69120	48	850	0.9999999999999991	1.0000000000000002	0.006158583525789068	0.012297453703703705	0.0	0.0	3.26531E-5	0.008702579835243305	0.008702579835243305	0.16429866352593636	0.09694175277348523	0.3721151009841841	0.08495961736864992	0.0028653295	0.8007685563050326	.	.
lun_lcp3_LN_bulk_1_3_1_top175.clonotypes.IGH	lun_lcp3_PBMC_bulk_1_1_2_top175.clonotypes.IGH	175	175	4	4	7794	51509	438	2653	0.9999999999999991	0.9999999999999997	0.056197074672825253	0.05150556213477256	0.015436614250648642	0.39999999999999997	1.306122E-4	0.05380020372966681	0.048769768256103276	0.1605936938050227	0.08444964205402601	0.3336867074619358	0.06691611513200756	0.0115606936	0.6697308603872475	.	.
lun_lcp3_LN_bulk_1_3_1_top175.clonotypes.IGH	lun_lcp3_tum_bulk_1_1_1_top175.clonotypes.IGH	175	175	7	7	7794	2714	815	722	0.9999999999999991	0.9999999999999992	0.10456761611496024	0.2660280029476787	-0.10430895599938289	-0.1071428571428568	2.285714E-4	0.1667870321339833	0.12556256372297886	0.23787373536507875	0.12525587040297206	0.41124839047601536	0.08615175445119258	0.0204081633	0.24494596427385024	.	.
lun_lcp3_LN_bulk_1_3_1_top175.clonotypes.IGH	lun_lcp3_tum_bulk_1_1_2_top175.clonotypes.IGH	175	175	9	9	7794	6741	883	2049	0.9999999999999991	1.0000000000000002	0.11329227610982809	0.30396083667111706	0.16382118088346978	0.10000000000000012	2.938776E-4	0.18557051229847524	0.14093574926306535	0.22304751213033014	0.1160639410722514	0.4049701566913965	0.09574810683231232	0.0263929619	0.2914151775162285	.	.
lun_lcp3_LN_bulk_1_3_1_top175.clonotypes.IGH	lun_lcp3_tum_bulk_1_2_1_top175.clonotypes.IGH	175	175	7	7	7794	9804	792	1113	0.9999999999999991	1.0000000000000002	0.10161662817551963	0.1135250917992656	0.44773486486545194	-0.12613124477737825	2.285714E-4	0.1074059450959662	0.08588375038871542	0.23322240946503062	0.12102981861262078	0.42546121774086365	0.06368133963467536	0.0204081633	0.6350269984655367	.	.
lun_lcp3_LN_bulk_1_3_1_top175.clonotypes.IGH	lun_lcp3_tum_bulk_1_2_2_top175.clonotypes.IGH	175	175	5	5	7794	6564	485	942	0.9999999999999991	0.9999999999999996	0.06222735437516038	0.14351005484460694	0.8700979917933498	0.30000000000000004	1.632653E-4	0.09450000549848692	0.08486012108097943	0.24480844184863831	0.12813149559400452	0.4448925232028936	0.07927543703075467	0.0144927536	0.5787089654649976	.	.
lun_lcp3_LN_bulk_1_3_1_top175.clonotypes.IGH	lun_lcp3_tum_bulk_1_3_1_top175.clonotypes.IGH	175	175	5	5	7794	269	646	60	0.9999999999999991	1.000000000000002	0.08288426995124454	0.22304832713754646	0.6414524147571365	0.7181848464596079	1.632653E-4	0.13596763496745062	0.12272432105417258	0.20777869339276642	0.10901374514023117	0.41228895636247875	0.09079502577144957	0.0144927536	0.4114515504429567	.	.
lun_lcp3_LN_bulk_1_3_1_top175.clonotypes.IGH	lun_lcp3_tum_bulk_1_3_2_top175.clonotypes.IGH	175	175	8	8	7794	212	789	35	0.9999999999999991	1.0000000000000056	0.10123171670515782	0.16509433962264153	0.6906363047180567	0.49466263219604506	2.612245E-4	0.129277930902008	0.118943001506183	0.15511512754775506	0.08109114715488047	0.33908172833918576	0.042243487061001894	0.0233918129	0.6140504927458482	.	.
lun_lcp3_LN_bulk_1_3_2_top175.clonotypes.IGH	lun_lcp3_norm_bulk_1_1_1_top175.clonotypes.IGH	175	175	6	6	5704	4696	258	304	1.0	0.9999999999999993	0.04523141654978961	0.06473594548551959	0.06329285183910778	0.3142857142857142	1.959184E-4	0.05411190734025191	0.049110873312555425	0.15460299272651282	0.0830589897926836	0.3751309248401792	0.06126756710085318	0.0174418605	0.6261405700626277	.	.
lun_lcp3_LN_bulk_1_3_2_top175.clonotypes.IGH	lun_lcp3_norm_bulk_1_1_2_top175.clonotypes.IGH	175	175	9	9	5704	1192	665	61	1.0	1.000000000000001	0.11658485273492286	0.0511744966442953	0.3922221566823914	0.35598333940092547	2.938776E-4	0.07724099400615564	0.06983517698256947	0.14328567512611298	0.08481296140436745	0.38402198577873753	0.07714238057907975	0.0263929619	0.4275332616284588	.	.
lun_lcp3_LN_bulk_1_3_2_top175.clonotypes.IGH	lun_lcp3_norm_bulk_1_2_1_top175.clonotypes.IGH	175	175	9	9	5704	7980	682	536	1.0	0.9999999999999996	0.11956521739130435	0.06716791979949875	0.6681782571244662	0.2333333333333333	2.938776E-4	0.08961555072948425	0.0825652232071731	0.17371704472598673	0.09187453743179838	0.35675179181556244	0.07699971655190199	0.0263929619	0.5726050049814911	.	.
lun_lcp3_LN_bulk_1_3_2_top175.clonotypes.IGH	lun_lcp3_norm_bulk_1_2_2_top175.clonotypes.IGH	175	175	14	14	5704	8870	826	891	1.0	1.0000000000000002	0.14481065918653574	0.10045095828635851	0.16112175380829616	0.24202434887430663	4.571429E-4	0.12060833091195144	0.10636182758812218	0.20093005444733408	0.11373187123071936	0.3928958509430944	0.06705228931603141	0.0416666667	0.49858078514160964	.	.
lun_lcp3_LN_bulk_1_3_2_top175.clonotypes.IGH	lun_lcp3_norm_bulk_1_3_1_top175.clonotypes.IGH	175	175	9	9	5704	357	375	14	1.0	0.9999999999999986	0.06574333800841514	0.0392156862745098	-0.4401752478392366	-0.1732050807568878	2.938776E-4	0.05077568431815631	0.047105271040561884	0.10840364570541892	0.05828745964948915	0.3582433291744456	0.05777548397198345	0.0263929619	0.6163060534532218	.	.
lun_lcp3_LN_bulk_1_3_2_top175.clonotypes.IGH	lun_lcp3_norm_bulk_1_3_2_top175.clonotypes.IGH	175	175	10	10	5704	11470	443	1019	1.0	1.0000000000000002	0.07766479663394109	0.08884045335658239	0.021501271981758097	0.5393939393939393	3.26530612E-4	0.08306488874853261	0.07309183969990339	0.2050715607595261	0.11843915141791712	0.4366328054445112	0.08421677383907218	0.0294117647	0.5511834177723743	.	.
lun_lcp3_LN_bulk_1_3_2_top175.clonotypes.IGH	lun_lcp3_PBMC_bulk_1_1_1_top175.clonotypes.IGH	175	175	1	1	5704	69120	38	850	1.0	1.0000000000000002	0.006661991584852735	0.012297453703703705	0.0	0.0	3.26531E-5	0.009051272456908486	0.009051272456908486	0.14186756386303004	0.08020861067665346	0.37300565058585106	0.07150865569234326	0.0028653295	0.8376437065744338	.	.
lun_lcp3_LN_bulk_1_3_2_top175.clonotypes.IGH	lun_lcp3_PBMC_bulk_1_1_2_top175.clonotypes.IGH	175	175	4	4	5704	51509	475	2653	1.0	0.9999999999999997	0.08327489481065918	0.05150556213477256	0.011283343038003272	0.39999999999999997	1.306122E-4	0.0654913755309587	0.058603334827650524	0.15524688992527527	0.08008652128690541	0.3861457728337388	0.07663511536815054	0.0115606936	0.546048851332275	.	.
lun_lcp3_LN_bulk_1_3_2_top175.clonotypes.IGH	lun_lcp3_tum_bulk_1_1_1_top175.clonotypes.IGH	175	175	9	9	5704	2714	657	751	1.0	0.9999999999999992	0.11518232819074334	0.2767133382461312	0.3485301738357806	0.6780635036208105	2.938776E-4	0.17852867148058335	0.1561003579116069	0.25629759059626706	0.1360674245390804	0.43463009229417565	0.0779035528414002	0.0263929619	0.3771343849450456	.	.
lun_lcp3_LN_bulk_1_3_2_top175.clonotypes.IGH	lun_lcp3_tum_bulk_1_1_2_top175.clonotypes.IGH	175	175	13	13	5704	6741	748	2079	1.0	1.0000000000000002	0.13113604488078542	0.308411214953271	0.5973149686721764	0.5931040124654408	4.24489796E-4	0.20110650642346137	0.1746530483851239	0.2266372012761455	0.11865165323994462	0.4156248836555605	0.07994171552531598	0.0385756677	0.4427038512446405	.	.
lun_lcp3_LN_bulk_1_3_2_top175.clonotypes.IGH	lun_lcp3_tum_bulk_1_2_1_top175.clonotypes.IGH	175	175	10	10	5704	9804	660	1200	1.0	1.0000000000000002	0.11570827489481067	0.12239902080783353	0.8432787574354699	0.3597627856582713	3.26530612E-4	0.11900663656489269	0.1079043383252478	0.25367498406964945	0.13635200261137254	0.49555329140358295	0.09150321202136456	0.0294117647	0.8634167289388743	.	.
lun_lcp3_LN_bulk_1_3_2_top175.clonotypes.IGH	lun_lcp3_tum_bulk_1_2_2_top175.clonotypes.IGH	175	175	8	8	5704	6564	602	1023	1.0	0.9999999999999996	0.10553997194950912	0.15585009140767822	0.8745856996858404	0.216883211720346	2.612245E-4	0.12825137143709142	0.11557249605405336	0.25713662284854555	0.14027375282679086	0.480661521384301	0.1049159495441097	0.0233918129	0.761756836278649	.	.
lun_lcp3_LN_bulk_1_3_2_top175.clonotypes.IGH	lun_lcp3_tum_bulk_1_3_1_top175.clonotypes.IGH	175	175	8	8	5704	269	513	64	1.0	1.000000000000002	0.08993688639551192	0.2379182156133829	0.9879018051102977	0.9385577506005929	2.612245E-4	0.1462792655472529	0.14317135951986792	0.180248393844503	0.09229050051487464	0.40226261422297716	0.09328867435426151	0.0233918129	0.5628537974965341	.	.
lun_lcp3_LN_bulk_1_3_2_top175.clonotypes.IGH	lun_lcp3_tum_bulk_1_3_2_top175.clonotypes.IGH	175	175	10	10	5704	212	669	37	1.0	1.0000000000000056	0.11728611500701262	0.17452830188679247	0.9436931878335937	0.5958345086734057	3.26530612E-4	0.1430725217750528	0.13716081836066188	0.1549635510666997	0.08135737315221696	0.367523832107052	0.050875758046299256	0.0294117647	0.7970921473744256	.	.
lun_lcp3_norm_bulk_1_1_1_top175.clonotypes.IGH	lun_lcp3_norm_bulk_1_1_2_top175.clonotypes.IGH	175	175	23	23	4696	1192	969	270	0.9999999999999993	1.000000000000001	0.2063458262350937	0.22651006711409397	0.5867154541002642	0.5838047760623298	7.51020408E-4	0.21619298543020365	0.2003077237171943	0.10078827178382281	0.06678728927106993	0.2953308320815613	0.032135728468701844	0.0703363914	0.781642488058145	.	.
lun_lcp3_norm_bulk_1_1_1_top175.clonotypes.IGH	lun_lcp3_norm_bulk_1_2_1_top175.clonotypes.IGH	175	175	20	20	4696	7980	884	2342	0.9999999999999993	0.9999999999999996	0.1882453151618399	0.29348370927318296	0.634149688911776	0.19524191459783388	6.530612E-4	0.23504666206308084	0.20436798394276595	0.15947038346456857	0.09216283247789338	0.30472572763505373	0.07096739920040854	0.0606060606	0.48774885367989673	.	.
lun_lcp3_norm_bulk_1_1_1_top175.clonotypes.IGH	lun_lcp3_norm_bulk_1_2_2_top175.clonotypes.IGH	175	175	15	15	4696	8870	558	1909	0.9999999999999993	1.0000000000000002	0.118824531516184	0.21521984216459975	0.8767584330010262	0.057245172098811636	4.897959E-4	0.15991684376011062	0.1500010334049849	0.18129419132656785	0.1066124900181924	0.34211784336124074	0.08159005859493512	0.0447761194	0.6850222729350317	.	.
lun_lcp3_norm_bulk_1_1_1_top175.clonotypes.IGH	lun_lcp3_norm_bulk_1_3_1_top175.clonotypes.IGH	175	175	14	14	4696	357	757	53	0.9999999999999993	0.9999999999999986	0.16120102214650764	0.1484593837535014	0.5571792094978646	0.464607822204093	4.571429E-4	0.15469907694716556	0.13596131104979203	0.10513230123907584	0.059862742438271686	0.33640576930047217	0.07723348939267123	0.0416666667	0.7033727506208792	.	.
lun_lcp3_norm_bulk_1_1_1_top175.clonotypes.IGH	lun_lcp3_norm_bulk_1_3_2_top175.clonotypes.IGH	175	175	19	19	4696	11470	867	1987	0.9999999999999993	1.0000000000000002	0.18462521294718912	0.17323452484742805	0.4364627933151667	0.30285717211517327	6.204082E-4	0.17883920442610318	0.16063582533363457	0.23044817996041447	0.132608039877384	0.372552157095754	0.06896143754576595	0.0574018127	0.6963669948291803	.	.
lun_lcp3_norm_bulk_1_1_1_top175.clonotypes.IGH	lun_lcp3_PBMC_bulk_1_1_1_top175.clonotypes.IGH	175	175	0	0	4696	69120	0	0	0.9999999999999993	1.0000000000000002	0.0	0.0	0.0	0.0	0.0	0.0	0.0	0.17836692479013586	0.10432603137632346	0.3588824000730272	0.06689360575466605	0.0	NaN	.	.
lun_lcp3_norm_bulk_1_1_1_top175.clonotypes.IGH	lun_lcp3_PBMC_bulk_1_1_2_top175.clonotypes.IGH	175	175	0	0	4696	51509	0	0	0.9999999999999993	0.9999999999999997	0.0	0.0	0.0	0.0	0.0	0.0	0.0	0.19485165893250175	0.10839790378514827	0.3692440949303912	0.07903042017671497	0.0	NaN	.	.
lun_lcp3_norm_bulk_1_1_1_top175.clonotypes.IGH	lun_lcp3_tum_bulk_1_1_1_top175.clonotypes.IGH	175	175	1	1	4696	2714	31	5	0.9999999999999993	0.9999999999999992	0.006601362862010221	0.0018422991893883567	0.0	0.0	3.26531E-5	0.0034873608143608874	0.0034873608143608874	0.24321695858580694	0.1361296703651316	0.4413785474775171	0.12239007577465934	0.0028653295	0.5178263837320057	.	.
lun_lcp3_norm_bulk_1_1_1_top175.clonotypes.IGH	lun_lcp3_tum_bulk_1_1_2_top175.clonotypes.IGH	175	175	1	1	4696	6741	11	10	0.9999999999999993	1.0000000000000002	0.002342419080068143	0.001483459427384661	0.0	0.0	3.26531E-5	0.0018641039850858085	0.0018641039850858085	0.2323341307200171	0.1351775020490236	0.44549475376260317	0.11833542791230772	0.0028653295	0.9040254827846707	.	.
lun_lcp3_norm_bulk_1_1_1_top175.clonotypes.IGH	lun_lcp3_tum_bulk_1_2_1_top175.clonotypes.IGH	175	175	0	0	4696	9804	0	0	0.9999999999999993	1.0000000000000002	0.0	0.0	0.0	0.0	0.0	0.0	0.0	0.28120902657212155	0.15510468857595056	0.5189127116476736	0.10426423110888318	0.0	NaN	.	.
lun_lcp3_norm_bulk_1_1_1_top175.clonotypes.IGH	lun_lcp3_tum_bulk_1_2_2_top175.clonotypes.IGH	175	175	0	0	4696	6564	0	0	0.9999999999999993	0.9999999999999996	0.0	0.0	0.0	0.0	0.0	0.0	0.0	0.27397093831193925	0.15359992732198569	0.5118648291855938	0.11813006659941316	0.0	NaN	.	.
lun_lcp3_norm_bulk_1_1_1_top175.clonotypes.IGH	lun_lcp3_tum_bulk_1_3_1_top175.clonotypes.IGH	175	175	0	0	4696	269	0	0	0.9999999999999993	1.000000000000002	0.0	0.0	0.0	0.0	0.0	0.0	0.0	0.1924696938677916	0.10487631532752563	0.4747797865712283	0.15361724727798837	0.0	NaN	.	.
lun_lcp3_norm_bulk_1_1_1_top175.clonotypes.IGH	lun_lcp3_tum_bulk_1_3_2_top175.clonotypes.IGH	175	175	1	1	4696	212	18	1	0.9999999999999993	1.0000000000000056	0.0038330494037478705	0.0047169811320754715	0.0	0.0	3.26531E-5	0.0042521079144104326	0.0042521079144104326	0.17327633923652852	0.09382735888452158	0.4381448023844915	0.06458410417226342	0.0028653295	0.9788497774856756	.	.
lun_lcp3_norm_bulk_1_1_2_top175.clonotypes.IGH	lun_lcp3_norm_bulk_1_2_1_top175.clonotypes.IGH	175	175	20	20	1192	7980	218	986	1.000000000000001	0.9999999999999996	0.1828859060402684	0.1235588972431078	0.13280451211704078	0.34993047798359084	6.530612E-4	0.150323587209866	0.14008310015275469	0.15128726401032883	0.08952802897695335	0.3389473460944995	0.06029586737788527	0.0606060606	0.6668649245505427	.	.
lun_lcp3_norm_bulk_1_1_2_top175.clonotypes.IGH	lun_lcp3_norm_bulk_1_2_2_top175.clonotypes.IGH	175	175	17	17	1192	8870	155	1040	1.000000000000001	1.0000000000000002	0.13003355704697983	0.11724915445321309	0.08375130752986744	0.05948247672706131	5.55102E-4	0.12347600825383866	0.11106046599505177	0.12711535852411643	0.07266858631499538	0.30381964067680534	0.06617323899558426	0.0510510511	0.6511527011409125	.	.
lun_lcp3_norm_bulk_1_1_2_top175.clonotypes.IGH	lun_lcp3_norm_bulk_1_3_1_top175.clonotypes.IGH	175	175	15	15	1192	357	193	26	1.000000000000001	0.9999999999999986	0.16191275167785238	0.07282913165266106	-0.11557453104794281	-0.1280975321769102	4.897959E-4	0.10859081502682871	0.0968350938188181	0.1032841641433744	0.06082665481857771	0.31404357473601285	0.06869797159728805	0.0447761194	0.42647689876978506	.	.
lun_lcp3_norm_bulk_1_1_2_top175.clonotypes.IGH	lun_lcp3_norm_bulk_1_3_2_top175.clonotypes.IGH	175	175	17	17	1192	11470	219	1373	1.000000000000001	1.0000000000000002	0.18372483221476507	0.11970357454228424	-0.013144366856766485	0.03834279307637006	5.55102E-4	0.1482987496518052	0.12716845860704565	0.1734190837991079	0.09778444534268418	0.35645093857557864	0.05230530221000944	0.0510510511	0.49623342399094494	.	.
lun_lcp3_norm_bulk_1_1_2_top175.clonotypes.IGH	lun_lcp3_PBMC_bulk_1_1_1_top175.clonotypes.IGH	175	175	1	1	1192	69120	4	850	1.000000000000001	1.0000000000000002	0.003355704697986577	0.012297453703703705	0.0	0.0	3.26531E-5	0.006423910270761179	0.006423910270761179	0.1259502923608211	0.07104447784439223	0.35244560506184314	0.0718491147741209	0.0028653295	0.5079340293515444	.	.
lun_lcp3_norm_bulk_1_1_2_top175.clonotypes.IGH	lun_lcp3_PBMC_bulk_1_1_2_top175.clonotypes.IGH	175	175	3	3	1192	51509	17	2387	1.000000000000001	0.9999999999999997	0.014261744966442953	0.04634141606321225	-0.9534126768238632	-1.0	9.79592E-5	0.025708159352185365	0.023801169955187988	0.16916534892984303	0.09383395192400207	0.3777056110947014	0.08055511293298918	0.0086455331	0.4539763353557386	.	.
lun_lcp3_norm_bulk_1_1_2_top175.clonotypes.IGH	lun_lcp3_tum_bulk_1_1_1_top175.clonotypes.IGH	175	175	3	3	1192	2714	16	239	1.000000000000001	0.9999999999999992	0.013422818791946308	0.08806190125276345	0.818035034237269	0.8660254037844386	9.79592E-5	0.03438079322805269	0.03245186241738399	0.2614984322706243	0.13223458000520033	0.4609365912228504	0.1288837698168136	0.0086455331	0.26667184128721416	.	.
lun_lcp3_norm_bulk_1_1_2_top175.clonotypes.IGH	lun_lcp3_tum_bulk_1_1_2_top175.clonotypes.IGH	175	175	5	5	1192	6741	27	767	1.000000000000001	1.0000000000000002	0.022651006711409398	0.11378133808040349	0.8418564141568227	0.10526315789473656	1.632653E-4	0.05076673962834684	0.042275797414548316	0.24770955709618012	0.13444065302946964	0.46186053200203026	0.1485100706311195	0.0144927536	0.18799509341027532	.	.
lun_lcp3_norm_bulk_1_1_2_top175.clonotypes.IGH	lun_lcp3_tum_bulk_1_2_1_top175.clonotypes.IGH	175	175	5	5	1192	9804	25	801	1.000000000000001	1.0000000000000002	0.020973154362416105	0.0817013463892289	0.8875465119056306	0.4472135954999579	1.632653E-4	0.0413948662208072	0.036321980762784964	0.2685312148903968	0.13823034204503068	0.48403320530416755	0.09135480737042895	0.0144927536	0.2609012272187463	.	.
lun_lcp3_norm_bulk_1_1_2_top175.clonotypes.IGH	lun_lcp3_tum_bulk_1_2_2_top175.clonotypes.IGH	175	175	4	4	1192	6564	22	733	1.000000000000001	0.9999999999999996	0.018456375838926176	0.11166971358927483	0.8992659089661363	0.31622776601683794	1.306122E-4	0.04539843834130088	0.03924038802241608	0.25806780846920224	0.13494523127275743	0.4863160137280144	0.100435876431175	0.0115606936	0.17125857731478372	.	.
lun_lcp3_norm_bulk_1_1_2_top175.clonotypes.IGH	lun_lcp3_tum_bulk_1_3_1_top175.clonotypes.IGH	175	175	2	2	1192	269	15	49	1.000000000000001	1.000000000000002	0.012583892617449664	0.1821561338289963	0.0	0.0	6.53061E-5	0.04787727255926218	0.04471565748296126	0.20006012990109787	0.11774883086851844	0.4280015034992732	0.11918785910704854	0.0057471264	0.10058694313120844	.	.
lun_lcp3_norm_bulk_1_1_2_top175.clonotypes.IGH	lun_lcp3_tum_bulk_1_3_2_top175.clonotypes.IGH	175	175	2	2	1192	212	17	23	1.000000000000001	1.0000000000000056	0.014261744966442953	0.10849056603773585	0.0	0.0	6.53061E-5	0.03933528675496374	0.03476877274816835	0.1349958721445597	0.08402083335619687	0.39317255067290535	0.07352379902234799	0.0057471264	0.16488219029770204	.	.
lun_lcp3_norm_bulk_1_2_1_top175.clonotypes.IGH	lun_lcp3_norm_bulk_1_2_2_top175.clonotypes.IGH	175	175	37	37	7980	8870	3466	3776	0.9999999999999996	1.0000000000000002	0.4343358395989974	0.4257046223224352	0.8903374234857747	0.3898707152176492	0.0012081633	0.429998575064603	0.4047876229617138	0.13014403664294616	0.07229274225506191	0.23533169652358316	0.020806033085903005	0.1182108626	0.867341556758154	.	.
lun_lcp3_norm_bulk_1_2_1_top175.clonotypes.IGH	lun_lcp3_norm_bulk_1_3_1_top175.clonotypes.IGH	175	175	18	18	7980	357	2145	66	0.9999999999999996	0.9999999999999986	0.26879699248120303	0.18487394957983191	0.8993000988241795	0.14504405710851392	5.877551E-4	0.22292052762179707	0.20811006396347118	0.09354635627805391	0.04944486380039743	0.27929676252472085	0.055500507402757415	0.0542168675	0.7111368397363944	.	.
lun_lcp3_norm_bulk_1_2_1_top175.clonotypes.IGH	lun_lcp3_norm_bulk_1_3_2_top175.clonotypes.IGH	175	175	21	21	7980	11470	2150	2609	0.9999999999999996	1.0000000000000002	0.2694235588972431	0.22746294681778553	0.4660468297508058	0.4271785146287084	6.857143E-4	0.24755580512058714	0.20799135318537657	0.17136205603174934	0.10570420232086841	0.3499017364746297	0.07890654905904682	0.0638297872	0.4008957337152817	.	.
lun_lcp3_norm_bulk_1_2_1_top175.clonotypes.IGH	lun_lcp3_PBMC_bulk_1_1_1_top175.clonotypes.IGH	175	175	0	0	7980	69120	0	0	0.9999999999999996	1.0000000000000002	0.0	0.0	0.0	0.0	0.0	0.0	0.0	0.21489010469353273	0.12512595179918828	0.3900903031363809	0.09930934217566809	0.0	NaN	.	.
lun_lcp3_norm_bulk_1_2_1_top175.clonotypes.IGH	lun_lcp3_PBMC_bulk_1_1_2_top175.clonotypes.IGH	175	175	2	2	7980	51509	163	1568	0.9999999999999996	0.9999999999999997	0.020426065162907268	0.03044128210603972	0.0	0.0	6.53061E-5	0.024935829882729195	0.022965272820321913	0.21830460486146253	0.11805910590123399	0.3590453560444931	0.10185170217648494	0.0057471264	0.6997205644565028	.	.
lun_lcp3_norm_bulk_1_2_1_top175.clonotypes.IGH	lun_lcp3_tum_bulk_1_1_1_top175.clonotypes.IGH	175	175	3	3	7980	2714	187	239	0.9999999999999996	0.9999999999999992	0.02343358395989975	0.08806190125276345	0.911108540954395	1.0	9.79592E-5	0.04542692986186755	0.0440359413106801	0.2599155592758017	0.13834959525679014	0.44713094756884253	0.12161425038703488	0.0086455331	0.46951542521570255	.	.
lun_lcp3_norm_bulk_1_2_1_top175.clonotypes.IGH	lun_lcp3_tum_bulk_1_1_2_top175.clonotypes.IGH	175	175	8	8	7980	6741	435	799	0.9999999999999996	1.0000000000000002	0.054511278195488726	0.11852840824803441	0.772180676824587	0.45509797952703857	2.612245E-4	0.08038118583398147	0.06487220709387478	0.2481613893046488	0.12923185721883473	0.4411090450748226	0.11579583998552456	0.0233918129	0.3307596393053389	.	.
lun_lcp3_norm_bulk_1_2_1_top175.clonotypes.IGH	lun_lcp3_tum_bulk_1_2_1_top175.clonotypes.IGH	175	175	8	8	7980	9804	415	906	0.9999999999999996	1.0000000000000002	0.05200501253132832	0.09241126070991432	0.7768778408595847	0.35758232480456303	2.612245E-4	0.0693242293231951	0.06017445303284865	0.30373141812472887	0.15974648770433023	0.4867781906161593	0.07556868454424133	0.0233918129	0.4495737425250746	.	.
lun_lcp3_norm_bulk_1_2_1_top175.clonotypes.IGH	lun_lcp3_tum_bulk_1_2_2_top175.clonotypes.IGH	175	175	7	7	7980	6564	387	782	0.9999999999999996	0.9999999999999996	0.04849624060150376	0.11913467397928093	0.8002022915346307	0.5422692542049051	2.285714E-4	0.07601041911002016	0.06302681461940939	0.3278070022077941	0.17445999071848023	0.5014478520123434	0.07288585135523384	0.0204081633	0.30459196603561206	.	.
lun_lcp3_norm_bulk_1_2_1_top175.clonotypes.IGH	lun_lcp3_tum_bulk_1_3_1_top175.clonotypes.IGH	175	175	2	2	7980	269	148	48	0.9999999999999996	1.000000000000002	0.018546365914786967	0.17843866171003717	0.0	0.0	6.53061E-5	0.05752728668570451	0.05581740118244328	0.26323582710801	0.13514449156735459	0.4503692152304319	0.051819323457737376	0.0057471264	0.17589198486815288	.	.
lun_lcp3_norm_bulk_1_2_1_top175.clonotypes.IGH	lun_lcp3_tum_bulk_1_3_2_top175.clonotypes.IGH	175	175	2	2	7980	212	141	23	0.9999999999999996	1.0000000000000056	0.017669172932330827	0.10849056603773585	0.0	0.0	6.53061E-5	0.04378285706583357	0.04302645230014334	0.18355555179149238	0.09537314760279288	0.38256779524452905	0.03790236999385189	0.0057471264	0.28535574494638033	.	.
lun_lcp3_norm_bulk_1_2_2_top175.clonotypes.IGH	lun_lcp3_norm_bulk_1_3_1_top175.clonotypes.IGH	175	175	15	15	8870	357	1769	46	1.0000000000000002	0.9999999999999986	0.19943630214205185	0.12885154061624646	0.9701067672734469	0.30337988725827614	4.897959E-4	0.1603049431109677	0.15544118501845858	0.12744526385296354	0.07268595932028632	0.27123436527182027	0.07704793130131762	0.0447761194	0.8949994632639403	.	.
lun_lcp3_norm_bulk_1_2_2_top175.clonotypes.IGH	lun_lcp3_norm_bulk_1_3_2_top175.clonotypes.IGH	175	175	25	25	8870	11470	2375	2392	1.0000000000000002	1.0000000000000002	0.2677564825253664	0.20854402789886664	0.5018828648539551	0.4934565415583316	8.163265E-4	0.23630280438850573	0.21140789365335705	0.14275596724268835	0.08716228690663225	0.3130709969781527	0.0928958145262436	0.0769230769	0.571398176652465	.	.
lun_lcp3_norm_bulk_1_2_2_top175.clonotypes.IGH	lun_lcp3_PBMC_bulk_1_1_1_top175.clonotypes.IGH	175	175	2	2	8870	69120	90	744	1.0000000000000002	1.0000000000000002	0.010146561443066516	0.010763888888888889	0.0	0.0	6.53061E-5	0.010450667920159556	0.010337524849058491	0.13003359603951126	0.08627365325405244	0.32650533877932164	0.11591966256522038	0.0057471264	0.9556097023411032	.	.
lun_lcp3_norm_bulk_1_2_2_top175.clonotypes.IGH	lun_lcp3_PBMC_bulk_1_1_2_top175.clonotypes.IGH	175	175	4	4	8870	51509	210	2127	1.0000000000000002	0.9999999999999997	0.023675310033821874	0.04129375448950669	0.06698288944396406	-0.0	1.306122E-4	0.031267274265589486	0.029441139354896593	0.14517659132009503	0.08909345626639772	0.29596252753202995	0.11810388053259921	0.0115606936	0.6688593986306399	.	.
lun_lcp3_norm_bulk_1_2_2_top175.clonotypes.IGH	lun_lcp3_tum_bulk_1_1_1_top175.clonotypes.IGH	175	175	6	6	8870	2714	366	304	1.0000000000000002	0.9999999999999992	0.04126268320180383	0.11201179071481208	0.3492189367192622	0.2571428571428573	1.959184E-4	0.06798460881061273	0.05904334789660778	0.24087280491213459	0.12782906207542227	0.4328981046170584	0.09826501862407692	0.0174418605	0.3936721205641665	.	.
lun_lcp3_norm_bulk_1_2_2_top175.clonotypes.IGH	lun_lcp3_tum_bulk_1_1_2_top175.clonotypes.IGH	175	175	8	8	8870	6741	542	881	1.0000000000000002	1.0000000000000002	0.061104847801578356	0.13069277555258865	0.2323293298104088	0.22754898976351928	2.612245E-4	0.08936421072726358	0.06776421249431175	0.2910635649282007	0.1575786916333776	0.48740748922924426	0.105702720048855	0.0233918129	0.25974560171715494	.	.
lun_lcp3_norm_bulk_1_2_2_top175.clonotypes.IGH	lun_lcp3_tum_bulk_1_2_1_top175.clonotypes.IGH	175	175	8	8	8870	9804	573	889	1.0000000000000002	1.0000000000000002	0.06459977452085683	0.09067727458180334	0.2799311391097859	0.29940656547831473	2.612245E-4	0.07653581836075393	0.06096417968624087	0.2777497794803402	0.1433380466405921	0.44273790195053814	0.08321988971478256	0.0233918129	0.35658259136380344	.	.
lun_lcp3_norm_bulk_1_2_2_top175.clonotypes.IGH	lun_lcp3_tum_bulk_1_2_2_top175.clonotypes.IGH	175	175	7	7	8870	6564	531	807	1.0000000000000002	0.9999999999999996	0.05986471251409245	0.12294332723948811	0.2598724385451029	0.48650622985560177	2.285714E-4	0.08579024968327081	0.06517419766482967	0.29046371934500337	0.1496945725983392	0.46985266307572404	0.08613301961562225	0.0204081633	0.24094621624464566	.	.
lun_lcp3_norm_bulk_1_2_2_top175.clonotypes.IGH	lun_lcp3_tum_bulk_1_3_1_top175.clonotypes.IGH	175	175	2	2	8870	269	135	47	1.0000000000000002	1.000000000000002	0.015219842164599776	0.17472118959107807	0.0	0.0	6.53061E-5	0.051567712072452095	0.047571942618319055	0.2302687230858652	0.13226463188294124	0.4051095184158722	0.06880308729433408	0.0057471264	0.1308765254950764	.	.
lun_lcp3_norm_bulk_1_2_2_top175.clonotypes.IGH	lun_lcp3_tum_bulk_1_3_2_top175.clonotypes.IGH	175	175	2	2	8870	212	137	23	1.0000000000000002	1.0000000000000056	0.015445321307779031	0.10849056603773585	0.0	0.0	6.53061E-5	0.04093496856375548	0.03852825374553642	0.1509916526486794	0.08768807203702134	0.39786680355132514	0.0499907727058002	0.0057471264	0.2155539136671651	.	.
lun_lcp3_norm_bulk_1_3_1_top175.clonotypes.IGH	lun_lcp3_norm_bulk_1_3_2_top175.clonotypes.IGH	175	175	35	35	357	11470	130	5198	0.9999999999999986	1.0000000000000002	0.36414565826330525	0.45318221447253704	0.23089388904353825	0.3661466562186782	0.0011428571	0.4062318744292776	0.3502734818006779	0.13195424023884994	0.08497210109816965	0.2825915770469141	0.04614425720813139	0.1111111111	0.4317658002481093	.	.
lun_lcp3_norm_bulk_1_3_1_top175.clonotypes.IGH	lun_lcp3_PBMC_bulk_1_1_1_top175.clonotypes.IGH	175	175	1	1	357	69120	2	440	0.9999999999999986	1.0000000000000002	0.0056022408963585435	0.00636574074074074	0.0	0.0	3.26531E-5	0.005971801496482741	0.005971801496482741	0.1484122651501352	0.08470648820245223	0.3508261760794084	0.04439609491826733	0.0028653295	0.9918933363152156	.	.
lun_lcp3_norm_bulk_1_3_1_top175.clonotypes.IGH	lun_lcp3_PBMC_bulk_1_1_2_top175.clonotypes.IGH	175	175	1	1	357	51509	1	398	0.9999999999999986	0.9999999999999997	0.0028011204481792717	0.007726805024364674	0.0	0.0	3.26531E-5	0.004652280253041752	0.004652280253041752	0.1547275442844947	0.08396963146149108	0.32326885126068555	0.06227507263528197	0.0028653295	0.6408224518312235	.	.
lun_lcp3_norm_bulk_1_3_1_top175.clonotypes.IGH	lun_lcp3_tum_bulk_1_1_1_top175.clonotypes.IGH	175	175	3	3	357	2714	4	33	0.9999999999999986	0.9999999999999992	0.011204481792717087	0.012159174649963155	0.9986254289035239	0.8660254037844386	9.79592E-5	0.011672071409136398	0.0114990413728948	0.20725374384775214	0.10981104675735062	0.4012508381910924	0.13293533240240824	0.0086455331	0.9377437568871569	.	.
lun_lcp3_norm_bulk_1_3_1_top175.clonotypes.IGH	lun_lcp3_tum_bulk_1_1_2_top175.clonotypes.IGH	175	175	4	4	357	6741	6	60	0.9999999999999986	1.0000000000000002	0.01680672268907563	0.008900756564307966	0.2672612419124245	0.0	1.306122E-4	0.012230803215622985	0.012021962550578375	0.21221079706271515	0.11375307784519575	0.4277871870732722	0.13603773609710026	0.0115606936	0.7684186198145854	.	.
lun_lcp3_norm_bulk_1_3_1_top175.clonotypes.IGH	lun_lcp3_tum_bulk_1_2_1_top175.clonotypes.IGH	175	175	7	7	357	9804	12	232	0.9999999999999986	1.0000000000000002	0.03361344537815126	0.023663810689514488	0.25445740520092713	-0.07977240352174672	2.285714E-4	0.02820323045416796	0.026723350147874757	0.22073008093777438	0.11843359317183366	0.42297293464528185	0.07611156763704155	0.0204081633	0.7991147312870917	.	.
lun_lcp3_norm_bulk_1_3_1_top175.clonotypes.IGH	lun_lcp3_tum_bulk_1_2_2_top175.clonotypes.IGH	175	175	5	5	357	6564	8	119	0.9999999999999986	0.9999999999999996	0.022408963585434174	0.018129189518586226	0.7281934362759955	0.5773502691896258	1.632653E-4	0.020155801838563348	0.019940681642432925	0.2552651288555286	0.13937560317840084	0.44843421509670595	0.08398798505960822	0.0144927536	0.9499362914600474	.	.
lun_lcp3_norm_bulk_1_3_1_top175.clonotypes.IGH	lun_lcp3_tum_bulk_1_3_1_top175.clonotypes.IGH	175	175	2	2	357	269	3	2	0.9999999999999986	1.000000000000002	0.008403361344537815	0.007434944237918215	0.0	0.0	6.53061E-5	0.007904335709451876	0.007790501890253407	0.21893935757408062	0.1125680138445988	0.4281192353582549	0.08055990616157817	0.0057471264	0.9343200860057433	.	.
lun_lcp3_norm_bulk_1_3_1_top175.clonotypes.IGH	lun_lcp3_tum_bulk_1_3_2_top175.clonotypes.IGH	175	175	0	0	357	212	0	0	0.9999999999999986	1.0000000000000056	0.0	0.0	0.0	0.0	0.0	0.0	0.0	0.17076391699381624	0.08991202079981549	0.3895610551205136	0.048398124557602826	0.0	NaN	.	.
lun_lcp3_norm_bulk_1_3_2_top175.clonotypes.IGH	lun_lcp3_PBMC_bulk_1_1_1_top175.clonotypes.IGH	175	175	0	0	11470	69120	0	0	1.0000000000000002	1.0000000000000002	0.0	0.0	0.0	0.0	0.0	0.0	0.0	0.17609384870882483	0.10831431324729457	0.36424765914590096	0.07860662615068971	0.0	NaN	.	.
lun_lcp3_norm_bulk_1_3_2_top175.clonotypes.IGH	lun_lcp3_PBMC_bulk_1_1_2_top175.clonotypes.IGH	175	175	2	2	11470	51509	109	1346	1.0000000000000002	0.9999999999999997	0.00950305143853531	0.0261313556854142	0.0	0.0	6.53061E-5	0.01575841417266196	0.014469651322995138	0.20336413283625715	0.11390316351420972	0.3892204229985358	0.10372863318822376	0.0057471264	0.44449922642358475	.	.
lun_lcp3_norm_bulk_1_3_2_top175.clonotypes.IGH	lun_lcp3_tum_bulk_1_1_1_top175.clonotypes.IGH	175	175	7	7	11470	2714	430	155	1.0000000000000002	0.9999999999999992	0.03748910200523104	0.05711127487103906	-0.3756815113244803	-0.5091750772173156	2.285714E-4	0.046271485920479916	0.03656061192438237	0.23437230490026278	0.12631240733530852	0.4353394175171521	0.16072846298744467	0.0204081633	0.32781174600845575	.	.
lun_lcp3_norm_bulk_1_3_2_top175.clonotypes.IGH	lun_lcp3_tum_bulk_1_1_2_top175.clonotypes.IGH	175	175	7	7	11470	6741	374	281	1.0000000000000002	1.0000000000000002	0.03260680034873584	0.04168520990950898	-0.4241797992361233	-0.30631873731649	2.285714E-4	0.03686761881400132	0.032965096599558354	0.2872618900339699	0.1587089084287691	0.4976787972585317	0.17774859296779527	0.0204081633	0.6207587591233026	.	.
lun_lcp3_norm_bulk_1_3_2_top175.clonotypes.IGH	lun_lcp3_tum_bulk_1_2_1_top175.clonotypes.IGH	175	175	7	7	11470	9804	401	225	1.0000000000000002	1.0000000000000002	0.034960767218831734	0.022949816401468787	-0.2296788396283764	-0.14285714285714307	2.285714E-4	0.028325663080088288	0.026336095024135944	0.2650811283565158	0.13765722520879722	0.44197682294513013	0.11730275271019744	0.0204081633	0.7303507860721963	.	.
lun_lcp3_norm_bulk_1_3_2_top175.clonotypes.IGH	lun_lcp3_tum_bulk_1_2_2_top175.clonotypes.IGH	175	175	5	5	11470	6564	256	134	1.0000000000000002	0.9999999999999996	0.02231909328683522	0.02041438147471054	-0.6472949647180194	-0.6668859288553501	1.632653E-4	0.02134550267684285	0.020465446313796147	0.30511294176503034	0.15701957317853996	0.49901151519772746	0.13318291791371714	0.0144927536	0.8406866853269114	.	.
lun_lcp3_norm_bulk_1_3_2_top175.clonotypes.IGH	lun_lcp3_tum_bulk_1_3_1_top175.clonotypes.IGH	175	175	1	1	11470	269	58	5	1.0000000000000002	1.000000000000002	0.005056669572798605	0.01858736059479554	0.0	0.0	3.26531E-5	0.009694851249933564	0.009694851249933564	0.26834358843392736	0.15596558884404196	0.509492566141569	0.11636207804690146	0.0028653295	0.50660362684598	.	.
lun_lcp3_norm_bulk_1_3_2_top175.clonotypes.IGH	lun_lcp3_tum_bulk_1_3_2_top175.clonotypes.IGH	175	175	3	3	11470	212	151	5	1.0000000000000002	1.0000000000000056	0.013164777680906712	0.023584905660377357	0.4413294949606682	0.0	9.79592E-5	0.01762072755717045	0.017110375825762452	0.2322377493018971	0.13215998868333567	0.41205264562624017	0.08021989597473973	0.0086455331	0.7177563085413712	.	.
lun_lcp3_PBMC_bulk_1_1_1_top175.clonotypes.IGH	lun_lcp3_PBMC_bulk_1_1_2_top175.clonotypes.IGH	175	175	16	16	69120	51509	12804	7751	1.0000000000000002	0.9999999999999997	0.18524305555555556	0.15047855714535324	0.8467319808400383	0.14411764705882352	5.22449E-4	0.1669584011698618	0.1602409011874063	0.11089791467521642	0.05995529195298463	0.2520162264496601	0.049945075482417875	0.0479041916	0.872863745680196	.	.
lun_lcp3_PBMC_bulk_1_1_1_top175.clonotypes.IGH	lun_lcp3_tum_bulk_1_1_1_top175.clonotypes.IGH	175	175	1	1	69120	2714	417	11	1.0000000000000002	0.9999999999999992	0.006032986111111111	0.0040530582166543845	0.0	0.0	3.26531E-5	0.0049449008006835354	0.0049449008006835354	0.250423643183148	0.1322638936855406	0.42343155531807536	0.14305754051806055	0.0028653295	0.925789424264842	.	.
lun_lcp3_PBMC_bulk_1_1_1_top175.clonotypes.IGH	lun_lcp3_tum_bulk_1_1_2_top175.clonotypes.IGH	175	175	2	2	69120	6741	644	86	1.0000000000000002	1.0000000000000002	0.00931712962962963	0.012757751075508085	0.0	0.0	6.53061E-5	0.010902551102978405	0.010395330725716068	0.30762631199436813	0.16573857145998314	0.4613817400408072	0.14831002248187486	0.0057471264	0.8169485599919931	.	.
lun_lcp3_PBMC_bulk_1_1_1_top175.clonotypes.IGH	lun_lcp3_tum_bulk_1_2_1_top175.clonotypes.IGH	175	175	1	1	69120	9804	264	17	1.0000000000000002	1.0000000000000002	0.0038194444444444443	0.001733986128110975	0.0	0.0	3.26531E-5	0.0025734925070334275	0.0025734925070334275	0.28543798095936257	0.1565489388167284	0.47067337176561846	0.08278928159478043	0.0028653295	0.7528178422232146	.	.
lun_lcp3_PBMC_bulk_1_1_1_top175.clonotypes.IGH	lun_lcp3_tum_bulk_1_2_2_top175.clonotypes.IGH	175	175	1	1	69120	6564	264	17	1.0000000000000002	0.9999999999999996	0.0038194444444444443	0.0025898842169408895	0.0	0.0	3.26531E-5	0.0031451421087367783	0.0031451421087367783	0.2924743198566551	0.16315544724190006	0.4730033123558662	0.09001617298300799	0.0028653295	0.9290081345959369	.	.
lun_lcp3_PBMC_bulk_1_1_1_top175.clonotypes.IGH	lun_lcp3_tum_bulk_1_3_1_top175.clonotypes.IGH	175	175	0	0	69120	269	0	0	1.0000000000000002	1.000000000000002	0.0	0.0	0.0	0.0	0.0	0.0	0.0	0.24806329796652865	0.13804779783977952	0.4496236533130186	0.13076750769215445	0.0	NaN	.	.
lun_lcp3_PBMC_bulk_1_1_1_top175.clonotypes.IGH	lun_lcp3_tum_bulk_1_3_2_top175.clonotypes.IGH	175	175	0	0	69120	212	0	0	1.0000000000000002	1.0000000000000056	0.0	0.0	0.0	0.0	0.0	0.0	0.0	0.20104462660536404	0.11859984756697928	0.3848432261186594	0.05757898704594542	0.0	NaN	.	.
lun_lcp3_PBMC_bulk_1_1_2_top175.clonotypes.IGH	lun_lcp3_tum_bulk_1_1_1_top175.clonotypes.IGH	175	175	6	6	51509	2714	2544	337	0.9999999999999997	0.9999999999999992	0.04938942709041138	0.12417096536477523	0.547009914125393	0.4285714285714285	1.959184E-4	0.07831176693594369	0.07270657773550825	0.22244367516460709	0.11599562584058924	0.4203482930409985	0.12339010766149008	0.0174418605	0.5359304734561217	.	.
lun_lcp3_PBMC_bulk_1_1_2_top175.clonotypes.IGH	lun_lcp3_tum_bulk_1_1_2_top175.clonotypes.IGH	175	175	6	6	51509	6741	2544	1036	0.9999999999999997	1.0000000000000002	0.04938942709041138	0.15368639667705086	0.20699786079137183	0.37142857142857144	1.959184E-4	0.08712337851271176	0.07422570809428183	0.25390008551225585	0.13066903954423037	0.41949180370138256	0.1265474588814277	0.0174418605	0.28825959532857526	.	.
lun_lcp3_PBMC_bulk_1_1_2_top175.clonotypes.IGH	lun_lcp3_tum_bulk_1_2_1_top175.clonotypes.IGH	175	175	7	7	51509	9804	3274	1383	0.9999999999999997	1.0000000000000002	0.06356170766273855	0.14106487148102814	-0.1427474421196434	0.2142857142857142	2.285714E-4	0.09469067600645217	0.07332760502362502	0.24818277578178388	0.13201723562727383	0.44140904367433104	0.06652729222383061	0.0204081633	0.32334118184889615	.	.
lun_lcp3_PBMC_bulk_1_1_2_top175.clonotypes.IGH	lun_lcp3_tum_bulk_1_2_2_top175.clonotypes.IGH	175	175	7	7	51509	6564	3274	1160	0.9999999999999997	0.9999999999999996	0.06356170766273855	0.17672151127361363	-0.09107778779098029	-0.0714285714285713	2.285714E-4	0.1059845320661972	0.07791252716294798	0.25718944827649715	0.13890642856360153	0.43986820365041923	0.0813483834272033	0.0204081633	0.22926472254913505	.	.
lun_lcp3_PBMC_bulk_1_1_2_top175.clonotypes.IGH	lun_lcp3_tum_bulk_1_3_1_top175.clonotypes.IGH	175	175	4	4	51509	269	1689	52	0.9999999999999997	1.000000000000002	0.032790386146110385	0.1933085501858736	0.6401229692892513	0.316227766016838	1.306122E-4	0.07961571456653237	0.06257741398020222	0.17597081912758736	0.09338100465061308	0.3759487498981045	0.11314742213992902	0.0115606936	0.13116091675829913	.	.
lun_lcp3_PBMC_bulk_1_1_2_top175.clonotypes.IGH	lun_lcp3_tum_bulk_1_3_2_top175.clonotypes.IGH	175	175	2	2	51509	212	812	24	0.9999999999999997	1.0000000000000056	0.015764235376341997	0.11320754716981132	0.0	0.0	6.53061E-5	0.042244886317319465	0.040146241422635114	0.15233268427911478	0.08423224837520231	0.33912487431254656	0.04736151829342777	0.0057471264	0.2089167952332538	.	.
lun_lcp3_tum_bulk_1_1_1_top175.clonotypes.IGH	lun_lcp3_tum_bulk_1_1_2_top175.clonotypes.IGH	175	175	109	109	2714	6741	2324	5844	0.9999999999999992	1.0000000000000002	0.8563006632277076	0.8669336893635958	0.9338792867677755	0.6596078194954716	0.0035591837	0.86160077366289	0.8350616451730583	0.07760612970832702	0.04330775004133198	0.14046735420650733	0.01809116953507465	0.4522821577	0.9458418483196801	.	.
lun_lcp3_tum_bulk_1_1_1_top175.clonotypes.IGH	lun_lcp3_tum_bulk_1_2_1_top175.clonotypes.IGH	175	175	40	40	2714	9804	1311	4271	0.9999999999999992	1.0000000000000002	0.48305084745762683	0.4356385148918809	0.2253013102173575	0.33262783235998755	0.0013061224	0.45873255149782544	0.3495417108253802	0.1842807630714029	0.09394497619863618	0.3772281791431408	0.12162265774307453	0.1290322581	0.3907744146932572	.	.
lun_lcp3_tum_bulk_1_1_1_top175.clonotypes.IGH	lun_lcp3_tum_bulk_1_2_2_top175.clonotypes.IGH	175	175	41	41	2714	6564	1443	3029	0.9999999999999992	0.9999999999999996	0.5316875460574795	0.46145642900670314	0.24796705002878	0.4711855554634672	0.0013387755	0.4953288163947475	0.3740995340924091	0.2503869082839274	0.12882216316788137	0.41844680501607956	0.13421553583902776	0.1326860841	0.40733965953952594	.	.
lun_lcp3_tum_bulk_1_1_1_top175.clonotypes.IGH	lun_lcp3_tum_bulk_1_3_1_top175.clonotypes.IGH	175	175	11	11	2714	269	794	71	0.9999999999999992	1.000000000000002	0.29255711127487105	0.2639405204460966	0.24355416226522464	0.45904786564412986	3.591837E-4	0.2778806870045057	0.21376745106362066	0.20820267387477356	0.11565106561196484	0.40293387818658655	0.13496518454885637	0.0324483776	0.42746046984385344	.	.
lun_lcp3_tum_bulk_1_1_1_top175.clonotypes.IGH	lun_lcp3_tum_bulk_1_3_2_top175.clonotypes.IGH	175	175	13	13	2714	212	678	40	0.9999999999999992	1.0000000000000056	0.24981577008106118	0.18867924528301888	0.380078360036236	0.5692201435664866	4.24489796E-4	0.21710608227014458	0.18139524838394522	0.2099037172683308	0.11610793009908499	0.40645209995067344	0.08345834937620457	0.0385756677	0.4755619828611676	.	.
lun_lcp3_tum_bulk_1_1_2_top175.clonotypes.IGH	lun_lcp3_tum_bulk_1_2_1_top175.clonotypes.IGH	175	175	42	42	6741	9804	3285	4330	1.0000000000000002	1.0000000000000002	0.4873164218958612	0.4416564667482661	0.28323629199129735	0.49021855731140257	0.0013714286	0.46392504683723795	0.354672569927724	0.216599611391275	0.11434361362161041	0.3887150939296423	0.12260949246283606	0.1363636364	0.4195303841569197	.	.
lun_lcp3_tum_bulk_1_1_2_top175.clonotypes.IGH	lun_lcp3_tum_bulk_1_2_2_top175.clonotypes.IGH	175	175	39	39	6741	6564	3613	3153	1.0000000000000002	0.9999999999999996	0.535973891114078	0.4803473491773308	0.3268991895210819	0.4316477591694715	0.001273469388	0.5073988941896767	0.3865287163182956	0.1958992357152923	0.10592290732499934	0.3424181539761983	0.12738319907661838	0.1254019293	0.4745278815415318	.	.
lun_lcp3_tum_bulk_1_1_2_top175.clonotypes.IGH	lun_lcp3_tum_bulk_1_3_1_top175.clonotypes.IGH	175	175	15	15	6741	269	2262	77	1.0000000000000002	1.000000000000002	0.3355585224744103	0.28624535315985133	0.5208691833477481	0.28245080026207015	4.897959E-4	0.3099226803115343	0.25691403533736684	0.16296951324061282	0.08836603607986332	0.3731542213770981	0.12357926197684727	0.0447761194	0.6201480965742818	.	.
lun_lcp3_tum_bulk_1_1_2_top175.clonotypes.IGH	lun_lcp3_tum_bulk_1_3_2_top175.clonotypes.IGH	175	175	16	16	6741	212	2176	44	1.0000000000000002	1.0000000000000056	0.32280077139890223	0.20754716981132076	0.6025546640820839	0.2968911972067551	5.22449E-4	0.25883660196493324	0.2271745422221479	0.17814216307964115	0.09784656439625364	0.3814338618884359	0.06865342949593585	0.0479041916	0.6276961016725552	.	.
lun_lcp3_tum_bulk_1_2_1_top175.clonotypes.IGH	lun_lcp3_tum_bulk_1_2_2_top175.clonotypes.IGH	175	175	126	126	9804	6564	8850	6050	1.0000000000000002	0.9999999999999996	0.9026927784577728	0.9216940889701397	0.9511458200362952	0.7701170851011492	0.0041142857	0.9121439568733442	0.8943982130725381	0.10335422125549788	0.05224970488353276	0.1517321829469786	0.0046745899557732035	0.5625	0.9491452939665733	.	.
lun_lcp3_tum_bulk_1_2_1_top175.clonotypes.IGH	lun_lcp3_tum_bulk_1_3_1_top175.clonotypes.IGH	175	175	15	15	9804	269	2125	74	1.0000000000000002	1.000000000000002	0.21674826601387187	0.275092936802974	0.6014434859364539	0.13429497212670435	4.897959E-4	0.24418418672122943	0.20455320978023553	0.22329669011159312	0.12496445485375164	0.48936012176448646	0.07091057033986595	0.0447761194	0.6063437119337185	.	.
lun_lcp3_tum_bulk_1_2_1_top175.clonotypes.IGH	lun_lcp3_tum_bulk_1_3_2_top175.clonotypes.IGH	175	175	16	16	9804	212	1638	44	1.0000000000000002	1.0000000000000056	0.16707466340269278	0.20754716981132076	0.879501118139906	0.20599496742918785	5.22449E-4	0.186214590020245	0.171479605635466	0.20045047034755423	0.11003960074948252	0.4015961514548327	0.0380294449194552	0.0479041916	0.8583668038957397	.	.
lun_lcp3_tum_bulk_1_2_2_top175.clonotypes.IGH	lun_lcp3_tum_bulk_1_3_1_top175.clonotypes.IGH	175	175	14	14	6564	269	1642	68	0.9999999999999996	1.000000000000002	0.25015234613040827	0.2527881040892193	0.7479140275633714	0.5421554209092356	4.571429E-4	0.25146677178461585	0.21931414600818305	0.18979518417717633	0.11207341771678535	0.4375659510823435	0.06057072560386196	0.0416666667	0.7673980811101602	.	.
lun_lcp3_tum_bulk_1_2_2_top175.clonotypes.IGH	lun_lcp3_tum_bulk_1_3_2_top175.clonotypes.IGH	175	175	17	17	6564	212	1305	44	0.9999999999999996	1.0000000000000056	0.19881170018281535	0.20754716981132076	0.9348264070459003	0.20185326860910832	5.55102E-4	0.20313248311956453	0.18690191721566465	0.19390974493949314	0.10924792297892494	0.3833041644556876	0.03864563688253221	0.0510510511	0.9480557104911014	.	.
lun_lcp3_tum_bulk_1_3_1_top175.clonotypes.IGH	lun_lcp3_tum_bulk_1_3_2_top175.clonotypes.IGH	175	175	23	23	269	212	88	54	1.000000000000002	1.0000000000000056	0.3271375464684015	0.25471698113207547	0.9870798927127544	0.6000233977676134	7.51020408E-4	0.2886650104383718	0.2814848887545797	0.11277513792095657	0.05945296924716445	0.30085096497788094	0.04131886393487756	0.0703363914	0.8864314745622877	.	.
