1_sample_id	2_sample_id	div1	div2	div12	div21	count1	count2	count12	count21	freq1	freq2	freq12	freq21	R	Rs	D	F	F2	vJSD	vjJSD	vj2JSD	sJSD	Jaccard	MorisitaHorn	1_metadata_blank	2_metadata_blank
lun_lcp3_LN_bulk_1_1_1_top45.clonotypes.IGHG	lun_lcp3_LN_bulk_1_1_2_top45.clonotypes.IGHG	45	45	6	6	2352	1118	437	339	0.9999999999999998	1.0000000000000007	0.18579931972789113	0.30322003577817536	0.8857555814286432	0.7142857142857142	0.002962963	0.23735643318741498	0.23456456366208753	0.19825384913125255	0.12027571761301746	0.473927574146647	0.11333739437450177	0.0714285714	0.8301727907888234	.	.
lun_lcp3_LN_bulk_1_1_1_top45.clonotypes.IGHG	lun_lcp3_LN_bulk_1_2_1_top45.clonotypes.IGHG	45	45	4	4	2352	2360	186	286	0.9999999999999998	1.0	0.07908163265306123	0.1211864406779661	0.18591973521948627	0.39999999999999997	0.0019753086	0.09789597327891945	0.09652129946566186	0.2394050706774074	0.13099520375591023	0.49777122646037497	0.09609761437774911	0.0465116279	0.8631951529328787	.	.
lun_lcp3_LN_bulk_1_1_1_top45.clonotypes.IGHG	lun_lcp3_LN_bulk_1_2_2_top45.clonotypes.IGHG	45	45	3	3	2352	1451	233	106	0.9999999999999998	1.0000000000000004	0.09906462585034015	0.07305306685044796	-0.34465165549924087	-0.5	0.0014814815	0.08507041045369132	0.08140469736098961	0.35617136756900036	0.19339364439258805	0.5786689830627414	0.2574962979886235	0.0344827586	0.795610319151275	.	.
lun_lcp3_LN_bulk_1_1_1_top45.clonotypes.IGHG	lun_lcp3_LN_bulk_1_3_1_top45.clonotypes.IGHG	45	45	10	10	2352	1369	769	418	0.9999999999999998	1.0	0.3269557823129252	0.3053323593864134	0.23649261775227234	0.23100410659842463	0.0049382716	0.3159591436066316	0.29826702801500127	0.2578869521918251	0.14792708655983502	0.4867437235507323	0.08138563781590646	0.125	0.797523311547532	.	.
lun_lcp3_LN_bulk_1_1_1_top45.clonotypes.IGHG	lun_lcp3_LN_bulk_1_3_2_top45.clonotypes.IGHG	45	45	10	10	2352	1040	617	353	0.9999999999999998	0.9999999999999998	0.26232993197278914	0.33942307692307694	0.5050068697956366	0.3890595479552413	0.0049382716	0.2983971056817166	0.2879466422097853	0.2012190781114919	0.10730584290881656	0.36916670627979614	0.14508213151507027	0.125	0.8340404987845171	.	.
lun_lcp3_LN_bulk_1_1_1_top45.clonotypes.IGHG	lun_lcp3_norm_bulk_1_1_1_top45.clonotypes.IGHG	45	45	3	3	2352	686	196	46	0.9999999999999998	1.0000000000000009	0.08333333333333333	0.06705539358600582	0.991711306887601	1.0	0.0014814815	0.07475258835318337	0.07432937138633441	0.3379615593977604	0.2026747190325777	0.5629664827746165	0.3004818890349724	0.0344827586	0.9761248894246413	.	.
lun_lcp3_LN_bulk_1_1_1_top45.clonotypes.IGHG	lun_lcp3_norm_bulk_1_1_2_top45.clonotypes.IGHG	45	45	1	1	2352	206	103	3	0.9999999999999998	0.9999999999999998	0.04379251700680272	0.014563106796116505	0.0	0.0	4.9382716E-4	0.02525381361380527	0.02525381361380527	0.3398582955295138	0.20099911318607555	0.6002170749651422	0.20156584487083573	0.0112359551	0.5988680188545923	.	.
lun_lcp3_LN_bulk_1_1_1_top45.clonotypes.IGHG	lun_lcp3_norm_bulk_1_2_1_top45.clonotypes.IGHG	45	45	2	2	2352	1354	99	79	0.9999999999999998	1.0000000000000004	0.04209183673469388	0.058345642540620385	0.0	0.0	9.8765432E-4	0.04955678823330466	0.048392836383699456	0.3358456933388361	0.18603205111169835	0.6697735118189022	0.07044738854662771	0.0227272727	0.8495861514918918	.	.
lun_lcp3_LN_bulk_1_1_1_top45.clonotypes.IGHG	lun_lcp3_norm_bulk_1_2_2_top45.clonotypes.IGHG	45	45	2	2	2352	2943	102	112	0.9999999999999998	1.0000000000000002	0.04336734693877552	0.03805640502888209	0.0	0.0	9.8765432E-4	0.04062518086273698	0.040558932190257024	0.4119187436543665	0.24558924300992646	0.6705437588668354	0.05937519309601475	0.0227272727	0.9847809575641567	.	.
lun_lcp3_LN_bulk_1_1_1_top45.clonotypes.IGHG	lun_lcp3_norm_bulk_1_3_1_top45.clonotypes.IGHG	45	45	2	2	2352	57	87	3	0.9999999999999998	1.0000000000000016	0.036989795918367346	0.05263157894736842	0.0	0.0	9.8765432E-4	0.044122912008667296	0.04409409386875047	0.3494993033112282	0.2038192787247451	0.5604950245401524	0.14313853805367285	0.0227272727	0.9328540062787639	.	.
lun_lcp3_LN_bulk_1_1_1_top45.clonotypes.IGHG	lun_lcp3_norm_bulk_1_3_2_top45.clonotypes.IGHG	45	45	5	5	2352	3683	258	307	0.9999999999999998	0.9999999999999999	0.10969387755102039	0.0833559598153679	0.3418950742498394	0.8	0.0024691358	0.09562237420779064	0.0920208112333046	0.45310064230604474	0.3273473917131878	0.6956483077873534	0.22219276298023544	0.0588235294	0.8410842898194903	.	.
lun_lcp3_LN_bulk_1_1_1_top45.clonotypes.IGHG	lun_lcp3_PBMC_bulk_1_1_1_top45.clonotypes.IGHG	45	45	0	0	2352	13584	0	0	0.9999999999999998	1.0000000000000002	0.0	0.0	0.0	0.0	0.0	0.0	0.0	0.32197266532383173	0.1867922959282628	0.6250366219663382	0.2807234282879622	0.0	NaN	.	.
lun_lcp3_LN_bulk_1_1_1_top45.clonotypes.IGHG	lun_lcp3_PBMC_bulk_1_1_2_top45.clonotypes.IGHG	45	45	1	1	2352	9268	32	398	0.9999999999999998	1.0	0.013605442176870748	0.042943461372464395	0.0	0.0	4.9382716E-4	0.02417156967550405	0.02417156967550405	0.3176536260977227	0.1723885508800801	0.5095507222054916	0.22845314986409704	0.0112359551	0.5758433788136837	.	.
lun_lcp3_LN_bulk_1_1_1_top45.clonotypes.IGHG	lun_lcp3_tum_bulk_1_1_1_top45.clonotypes.IGHG	45	45	2	2	2352	1016	115	410	0.9999999999999998	0.999999999999999	0.04889455782312925	0.4035433070866142	0.0	0.0	9.8765432E-4	0.14046733272360254	0.1072455266123423	0.41256755619112856	0.21621734306400991	0.6181159542028205	0.2530094027377148	0.0227272727	0.10995349173065634	.	.
lun_lcp3_LN_bulk_1_1_1_top45.clonotypes.IGHG	lun_lcp3_tum_bulk_1_1_2_top45.clonotypes.IGHG	45	45	3	3	2352	2190	124	956	0.9999999999999998	0.999999999999999	0.052721088435374146	0.4365296803652968	0.8311944676000554	0.5	0.0014814815	0.1517047127916744	0.11357318602646149	0.514486833043839	0.2654794692738357	0.6906318925686386	0.28769403084421485	0.0344827586	0.10122015012722398	.	.
lun_lcp3_LN_bulk_1_1_1_top45.clonotypes.IGHG	lun_lcp3_tum_bulk_1_2_1_top45.clonotypes.IGHG	45	45	1	1	2352	2622	50	31	0.9999999999999998	0.9999999999999994	0.021258503401360544	0.011823035850495805	0.0	0.0	4.9382716E-4	0.0158537077001619	0.0158537077001619	0.37858121572477316	0.21813934372228694	0.7233405488795546	0.13444862271599756	0.0112359551	0.8495406073615817	.	.
lun_lcp3_LN_bulk_1_1_1_top45.clonotypes.IGHG	lun_lcp3_tum_bulk_1_2_2_top45.clonotypes.IGHG	45	45	1	1	2352	1425	50	15	0.9999999999999998	1.0	0.021258503401360544	0.010526315789473684	0.0	0.0	4.9382716E-4	0.014959068153274838	0.014959068153274838	0.3633826067090699	0.21541200616484457	0.6518353202199298	0.11274979022337202	0.0112359551	0.7953185267785001	.	.
lun_lcp3_LN_bulk_1_1_1_top45.clonotypes.IGHG	lun_lcp3_tum_bulk_1_3_1_top45.clonotypes.IGHG	45	45	2	2	2352	54	94	6	0.9999999999999998	0.9999999999999989	0.039965986394557826	0.1111111111111111	0.0	0.0	9.8765432E-4	0.06663831596724867	0.06600495865361428	0.3989278971437313	0.23835885120893147	0.651720372284605	0.1927308307603029	0.0227272727	0.5920090800082503	.	.
lun_lcp3_LN_bulk_1_1_1_top45.clonotypes.IGHG	lun_lcp3_tum_bulk_1_3_2_top45.clonotypes.IGHG	45	45	1	1	2352	55	50	4	0.9999999999999998	1.0000000000000002	0.021258503401360544	0.07272727272727272	0.0	0.0	4.9382716E-4	0.03932013446879859	0.03932013446879859	0.3558897516745409	0.1943766213300994	0.5746952022270917	0.25920759699565965	0.0112359551	0.538590648665737	.	.
lun_lcp3_LN_bulk_1_1_2_top45.clonotypes.IGHG	lun_lcp3_LN_bulk_1_2_1_top45.clonotypes.IGHG	45	45	3	3	1118	2360	106	244	1.0000000000000007	1.0	0.09481216457960645	0.10338983050847457	0.9407182669546028	1.0	0.0014814815	0.09900814929099072	0.09872080581687286	0.3383545999842945	0.1973089214860743	0.576898206034927	0.1534932590545571	0.0344827586	0.9865377409023869	.	.
lun_lcp3_LN_bulk_1_1_2_top45.clonotypes.IGHG	lun_lcp3_LN_bulk_1_2_2_top45.clonotypes.IGHG	45	45	2	2	1118	1451	92	59	1.0000000000000007	1.0000000000000004	0.08228980322003578	0.04066161268090972	0.0	0.0	9.8765432E-4	0.05784493155084006	0.056716187835557395	0.535303119592575	0.320288558652126	0.7198426956371524	0.21294938531847388	0.0227272727	0.7009646314997223	.	.
lun_lcp3_LN_bulk_1_1_2_top45.clonotypes.IGHG	lun_lcp3_LN_bulk_1_3_1_top45.clonotypes.IGHG	45	45	12	12	1118	1369	361	544	1.0000000000000007	1.0	0.32289803220035773	0.3973703433162892	0.9359818156607415	0.8637289899219995	0.0059259259	0.3582039948292179	0.355328281632056	0.20089083402259367	0.11037641101522759	0.5023277829076971	0.08298073409220103	0.1538461538	0.9439333631109174	.	.
lun_lcp3_LN_bulk_1_1_2_top45.clonotypes.IGHG	lun_lcp3_LN_bulk_1_3_2_top45.clonotypes.IGHG	45	45	9	9	1118	1040	312	322	1.0000000000000007	0.9999999999999998	0.27906976744186046	0.3096153846153846	0.6627104794863591	0.6848739495798319	0.0044444444	0.29394607223271	0.2863510409471151	0.18820263060400977	0.10766857071639467	0.43612992090274383	0.1014918486073138	0.1111111111	0.8960711061544806	.	.
lun_lcp3_LN_bulk_1_1_2_top45.clonotypes.IGHG	lun_lcp3_norm_bulk_1_1_1_top45.clonotypes.IGHG	45	45	0	0	1118	686	0	0	1.0000000000000007	1.0000000000000009	0.0	0.0	0.0	0.0	0.0	0.0	0.0	0.39516841587521684	0.21300787700899051	0.6747842009614978	0.23766361983538176	0.0	NaN	.	.
lun_lcp3_LN_bulk_1_1_2_top45.clonotypes.IGHG	lun_lcp3_norm_bulk_1_1_2_top45.clonotypes.IGHG	45	45	1	1	1118	206	17	3	1.0000000000000007	0.9999999999999998	0.01520572450805009	0.014563106796116505	0.0	0.0	4.9382716E-4	0.014880947211890094	0.014880947211890094	0.3619210509827465	0.19141112663987142	0.6435052471795116	0.14720869010255008	0.0112359551	0.9990684429081047	.	.
lun_lcp3_LN_bulk_1_1_2_top45.clonotypes.IGHG	lun_lcp3_norm_bulk_1_2_1_top45.clonotypes.IGHG	45	45	4	4	1118	1354	137	152	1.0000000000000007	1.0000000000000004	0.12254025044722719	0.11225997045790251	-0.5453802149387287	-0.316227766016838	0.0019753086	0.1172875308594639	0.0980954000183633	0.3916300948101474	0.19695596216441982	0.7381538604582348	0.07212508869820546	0.0465116279	0.5009267880295019	.	.
lun_lcp3_LN_bulk_1_1_2_top45.clonotypes.IGHG	lun_lcp3_norm_bulk_1_2_2_top45.clonotypes.IGHG	45	45	3	3	1118	2943	93	220	1.0000000000000007	1.0000000000000002	0.08318425760286224	0.0747536527353041	0.9838931977884701	0.8660254037844386	0.0014814815	0.07885637010342565	0.07860079604746556	0.4933327376695563	0.2565956378312757	0.6841704601855968	0.1407301417188107	0.0344827586	0.9793151501765383	.	.
lun_lcp3_LN_bulk_1_1_2_top45.clonotypes.IGHG	lun_lcp3_norm_bulk_1_3_1_top45.clonotypes.IGHG	45	45	1	1	1118	57	18	2	1.0000000000000007	1.0000000000000016	0.016100178890876567	0.03508771929824561	0.0	0.0	4.9382716E-4	0.023768015431975306	0.023768015431975306	0.23496887236112315	0.14625955699815962	0.5586474895826893	0.09428699438073954	0.0112359551	0.7580948428153458	.	.
lun_lcp3_LN_bulk_1_1_2_top45.clonotypes.IGHG	lun_lcp3_norm_bulk_1_3_2_top45.clonotypes.IGHG	45	45	2	2	1118	3683	40	81	1.0000000000000007	0.9999999999999999	0.03577817531305903	0.021992940537605213	0.0	0.0	9.8765432E-4	0.028051154739228153	0.028007697819778847	0.4546168865844554	0.3222926083771536	0.7407784063297989	0.19143851764578698	0.0227272727	0.889246831616355	.	.
lun_lcp3_LN_bulk_1_1_2_top45.clonotypes.IGHG	lun_lcp3_PBMC_bulk_1_1_1_top45.clonotypes.IGHG	45	45	0	0	1118	13584	0	0	1.0000000000000007	1.0000000000000002	0.0	0.0	0.0	0.0	0.0	0.0	0.0	0.403369321771129	0.26817545805175225	0.6081890989538544	0.21368049028084488	0.0	NaN	.	.
lun_lcp3_LN_bulk_1_1_2_top45.clonotypes.IGHG	lun_lcp3_PBMC_bulk_1_1_2_top45.clonotypes.IGHG	45	45	0	0	1118	9268	0	0	1.0000000000000007	1.0	0.0	0.0	0.0	0.0	0.0	0.0	0.0	0.3429739866322628	0.20672392639336776	0.6359168027876885	0.23292932675154857	0.0	NaN	.	.
lun_lcp3_LN_bulk_1_1_2_top45.clonotypes.IGHG	lun_lcp3_tum_bulk_1_1_1_top45.clonotypes.IGHG	45	45	1	1	1118	1016	34	401	1.0000000000000007	0.999999999999999	0.03041144901610018	0.39468503937007876	0.0	0.0	4.9382716E-4	0.10955794791899236	0.10955794791899236	0.48526699529684586	0.2681007781742807	0.6280611960368373	0.2094760870882162	0.0112359551	0.1531953656204676	.	.
lun_lcp3_LN_bulk_1_1_2_top45.clonotypes.IGHG	lun_lcp3_tum_bulk_1_1_2_top45.clonotypes.IGHG	45	45	1	1	1118	2190	34	932	1.0000000000000007	0.999999999999999	0.03041144901610018	0.42557077625570777	0.0	0.0	4.9382716E-4	0.11376389570000947	0.11376389570000947	0.5485422048099159	0.2987928537056828	0.6687939507832307	0.2534135671167419	0.0112359551	0.1421946291795855	.	.
lun_lcp3_LN_bulk_1_1_2_top45.clonotypes.IGHG	lun_lcp3_tum_bulk_1_2_1_top45.clonotypes.IGHG	45	45	1	1	1118	2622	34	31	1.0000000000000007	0.9999999999999994	0.03041144901610018	0.011823035850495805	0.0	0.0	4.9382716E-4	0.0189619527470901	0.0189619527470901	0.4364669252228562	0.2717776139694221	0.6633341670477688	0.15184191183947646	0.0112359551	0.6754499440139695	.	.
lun_lcp3_LN_bulk_1_1_2_top45.clonotypes.IGHG	lun_lcp3_tum_bulk_1_2_2_top45.clonotypes.IGHG	45	45	1	1	1118	1425	34	15	1.0000000000000007	1.0	0.03041144901610018	0.010526315789473684	0.0	0.0	4.9382716E-4	0.017891912026358425	0.017891912026358425	0.3487053610391663	0.22976261846424093	0.6399230744631861	0.1513617562533965	0.0112359551	0.6181964223718512	.	.
lun_lcp3_LN_bulk_1_1_2_top45.clonotypes.IGHG	lun_lcp3_tum_bulk_1_3_1_top45.clonotypes.IGHG	45	45	2	2	1118	54	49	5	1.0000000000000007	0.9999999999999989	0.04382826475849732	0.09259259259259259	0.0	0.0	9.8765432E-4	0.06370378844954062	0.06322521584769093	0.34491075276913113	0.2004752367726812	0.5966704595461936	0.14177452417188588	0.0227272727	0.7213387211687556	.	.
lun_lcp3_LN_bulk_1_1_2_top45.clonotypes.IGHG	lun_lcp3_tum_bulk_1_3_2_top45.clonotypes.IGHG	45	45	1	1	1118	55	34	4	1.0000000000000007	1.0000000000000002	0.03041144901610018	0.07272727272727272	0.0	0.0	4.9382716E-4	0.04702915847243567	0.04702915847243567	0.2896322813345359	0.16197758345744354	0.600251273078827	0.12231425806269301	0.0112359551	0.7118447796625117	.	.
lun_lcp3_LN_bulk_1_2_1_top45.clonotypes.IGHG	lun_lcp3_LN_bulk_1_2_2_top45.clonotypes.IGHG	45	45	3	3	2360	1451	154	86	1.0	1.0000000000000004	0.06525423728813559	0.05926946933149552	-0.690080771650435	-0.5	0.0014814815	0.06218990284362313	0.061543091909754676	0.31529847612944517	0.1762929400050709	0.6282819718209607	0.1306099333426955	0.0344827586	0.9538660181182371	.	.
lun_lcp3_LN_bulk_1_2_1_top45.clonotypes.IGHG	lun_lcp3_LN_bulk_1_3_1_top45.clonotypes.IGHG	45	45	5	5	2360	1369	372	240	1.0	1.0	0.15762711864406778	0.17531044558071585	0.8973740338084838	1.0	0.0024691358	0.16623381246032914	0.16422752753669267	0.3460439315085819	0.18873876104528597	0.534681657626685	0.07655979380506558	0.0588235294	0.9305411153809747	.	.
lun_lcp3_LN_bulk_1_2_1_top45.clonotypes.IGHG	lun_lcp3_LN_bulk_1_3_2_top45.clonotypes.IGHG	45	45	7	7	2360	1040	464	195	1.0	0.9999999999999998	0.19661016949152546	0.1875	0.5432196049154655	0.6847124716486248	0.0034567901	0.19200105931911163	0.18677650978577187	0.3746110575118947	0.1964227329780278	0.5720363597697986	0.11103925516467913	0.0843373494	0.8762662016673337	.	.
lun_lcp3_LN_bulk_1_2_1_top45.clonotypes.IGHG	lun_lcp3_norm_bulk_1_1_1_top45.clonotypes.IGHG	45	45	0	0	2360	686	0	0	1.0	1.0000000000000009	0.0	0.0	0.0	0.0	0.0	0.0	0.0	0.43537017785466375	0.24354161677605796	0.6425061764793305	0.26232209487622754	0.0	NaN	.	.
lun_lcp3_LN_bulk_1_2_1_top45.clonotypes.IGHG	lun_lcp3_norm_bulk_1_1_2_top45.clonotypes.IGHG	45	45	0	0	2360	206	0	0	1.0	0.9999999999999998	0.0	0.0	0.0	0.0	0.0	0.0	0.0	0.3790645897376666	0.22232445212464977	0.6337204969501161	0.23915505934056072	0.0	NaN	.	.
lun_lcp3_LN_bulk_1_2_1_top45.clonotypes.IGHG	lun_lcp3_norm_bulk_1_2_1_top45.clonotypes.IGHG	45	45	1	1	2360	1354	114	19	1.0	1.0000000000000004	0.048305084745762714	0.014032496307237814	0.0	0.0	4.9382716E-4	0.026035378301759414	0.026035378301759414	0.42810567882955514	0.23745765709495162	0.6916877240150047	0.1422898810531173	0.0112359551	0.5357807550578899	.	.
lun_lcp3_LN_bulk_1_2_1_top45.clonotypes.IGHG	lun_lcp3_norm_bulk_1_2_2_top45.clonotypes.IGHG	45	45	2	2	2360	2943	158	216	1.0	1.0000000000000002	0.06694915254237288	0.07339449541284404	0.0	0.0	9.8765432E-4	0.07009778362519732	0.06909723582505217	0.3724026920556648	0.2258545672662098	0.6562785143481024	0.17348777382067146	0.0227272727	0.9561008961518482	.	.
lun_lcp3_LN_bulk_1_2_1_top45.clonotypes.IGHG	lun_lcp3_norm_bulk_1_3_1_top45.clonotypes.IGHG	45	45	1	1	2360	57	44	2	1.0	1.0000000000000016	0.01864406779661017	0.03508771929824561	0.0	0.0	4.9382716E-4	0.025576900074577417	0.025576900074577417	0.4350203244925128	0.23243904620707237	0.711714072530349	0.1692962451055676	0.0112359551	0.8287291889406446	.	.
lun_lcp3_LN_bulk_1_2_1_top45.clonotypes.IGHG	lun_lcp3_norm_bulk_1_3_2_top45.clonotypes.IGHG	45	45	1	1	2360	3683	44	38	1.0	0.9999999999999999	0.01864406779661017	0.010317675807765408	0.0	0.0	4.9382716E-4	0.0138695150334618	0.0138695150334618	0.41691002707526265	0.2619434752239927	0.6732827814602376	0.2111523552011503	0.0112359551	0.8473121164534423	.	.
lun_lcp3_LN_bulk_1_2_1_top45.clonotypes.IGHG	lun_lcp3_PBMC_bulk_1_1_1_top45.clonotypes.IGHG	45	45	0	0	2360	13584	0	0	1.0	1.0000000000000002	0.0	0.0	0.0	0.0	0.0	0.0	0.0	0.2506892266112023	0.17152890328533824	0.59728207414991	0.2339827567128362	0.0	NaN	.	.
lun_lcp3_LN_bulk_1_2_1_top45.clonotypes.IGHG	lun_lcp3_PBMC_bulk_1_1_2_top45.clonotypes.IGHG	45	45	0	0	2360	9268	0	0	1.0	1.0	0.0	0.0	0.0	0.0	0.0	0.0	0.0	0.3939200056784074	0.23365737893706506	0.6208610150370691	0.13428704519785936	0.0	NaN	.	.
lun_lcp3_LN_bulk_1_2_1_top45.clonotypes.IGHG	lun_lcp3_tum_bulk_1_1_1_top45.clonotypes.IGHG	45	45	3	3	2360	1016	203	432	1.0	0.999999999999999	0.08601694915254236	0.4251968503937008	0.9094211853314336	0.5	0.0014814815	0.19124365573826527	0.1616383066014016	0.4462861084943311	0.23671153936939401	0.60583362078043	0.23498292132851953	0.0344827586	0.20791028287816773	.	.
lun_lcp3_LN_bulk_1_2_1_top45.clonotypes.IGHG	lun_lcp3_tum_bulk_1_1_2_top45.clonotypes.IGHG	45	45	2	2	2360	2190	139	953	1.0	0.999999999999999	0.058898305084745764	0.4351598173515982	0.0	0.0	9.8765432E-4	0.1600942712372828	0.14425636572077088	0.591912845050112	0.3109021101390585	0.6943669637114285	0.28915867270952017	0.0227272727	0.18900217441305217	.	.
lun_lcp3_LN_bulk_1_2_1_top45.clonotypes.IGHG	lun_lcp3_tum_bulk_1_2_1_top45.clonotypes.IGHG	45	45	4	4	2360	2622	241	325	1.0	0.9999999999999994	0.1021186440677966	0.12395118230358504	-0.15324476182061317	-0.2000000000000001	0.0019753086	0.11250656277498823	0.10064786436929943	0.4527256542868923	0.23589879709424852	0.6949478020910471	0.07196267059414131	0.0465116279	0.6064604133587844	.	.
lun_lcp3_LN_bulk_1_2_1_top45.clonotypes.IGHG	lun_lcp3_tum_bulk_1_2_2_top45.clonotypes.IGHG	45	45	5	5	2360	1425	279	155	1.0	1.0	0.11822033898305086	0.10877192982456141	-0.0993974597653408	-0.2051956704170309	0.0024691358	0.11339777077041802	0.10535448858262338	0.46501378350349665	0.24161208591979733	0.7139292227498798	0.0615761414916675	0.0588235294	0.7487809985615405	.	.
lun_lcp3_LN_bulk_1_2_1_top45.clonotypes.IGHG	lun_lcp3_tum_bulk_1_3_1_top45.clonotypes.IGHG	45	45	4	4	2360	54	239	8	1.0	0.9999999999999989	0.10127118644067797	0.14814814814814814	0.6921496864927906	0.6324555320336759	0.0019753086	0.12248730028844741	0.1192020131817562	0.40022072014709437	0.2301729957472845	0.633020989519575	0.17697442609262212	0.0465116279	0.8360600911244854	.	.
lun_lcp3_LN_bulk_1_2_1_top45.clonotypes.IGHG	lun_lcp3_tum_bulk_1_3_2_top45.clonotypes.IGHG	45	45	3	3	2360	55	178	7	1.0	1.0000000000000002	0.07542372881355931	0.12727272727272726	0.9020487312045277	0.5	0.0014814815	0.09797644445059371	0.09692410423889636	0.44048531255118345	0.22776586419500516	0.6544119610325291	0.1888758325629876	0.0344827586	0.8404174443696671	.	.
lun_lcp3_LN_bulk_1_2_2_top45.clonotypes.IGHG	lun_lcp3_LN_bulk_1_3_1_top45.clonotypes.IGHG	45	45	2	2	1451	1369	82	132	1.0000000000000004	1.0	0.05651274982770503	0.09642074506939372	0.0	0.0	9.8765432E-4	0.07381735191882441	0.0650284951884692	0.4454129730279868	0.25280146738852766	0.6435995248996128	0.2019413992203137	0.0227272727	0.5453822548975211	.	.
lun_lcp3_LN_bulk_1_2_2_top45.clonotypes.IGHG	lun_lcp3_LN_bulk_1_3_2_top45.clonotypes.IGHG	45	45	5	5	1451	1040	169	161	1.0000000000000004	0.9999999999999998	0.11647139903514817	0.1548076923076923	0.11317021858010645	0.8	0.0024691358	0.13427832477536972	0.12711592317278558	0.431588911162305	0.24135406116259622	0.6148282979395054	0.1945029526872829	0.0588235294	0.704493699225512	.	.
lun_lcp3_LN_bulk_1_2_2_top45.clonotypes.IGHG	lun_lcp3_norm_bulk_1_1_1_top45.clonotypes.IGHG	45	45	0	0	1451	686	0	0	1.0000000000000004	1.0000000000000009	0.0	0.0	0.0	0.0	0.0	0.0	0.0	0.5273980921081679	0.3180417691443226	0.769935877377148	0.22764163291392334	0.0	NaN	.	.
lun_lcp3_LN_bulk_1_2_2_top45.clonotypes.IGHG	lun_lcp3_norm_bulk_1_1_2_top45.clonotypes.IGHG	45	45	0	0	1451	206	0	0	1.0000000000000004	0.9999999999999998	0.0	0.0	0.0	0.0	0.0	0.0	0.0	0.5270304927375952	0.31421578575735964	0.71878352692199	0.25227932304265366	0.0	NaN	.	.
lun_lcp3_LN_bulk_1_2_2_top45.clonotypes.IGHG	lun_lcp3_norm_bulk_1_2_1_top45.clonotypes.IGHG	45	45	1	1	1451	1354	24	16	1.0000000000000004	1.0000000000000004	0.016540317022742935	0.011816838995568686	0.0	0.0	4.9382716E-4	0.013980495813576044	0.013980495813576044	0.40644061997199793	0.25183329742055655	0.6877409725437595	0.19866053509735315	0.0112359551	0.9460063476247448	.	.
lun_lcp3_LN_bulk_1_2_2_top45.clonotypes.IGHG	lun_lcp3_norm_bulk_1_2_2_top45.clonotypes.IGHG	45	45	0	0	1451	2943	0	0	1.0000000000000004	1.0000000000000002	0.0	0.0	0.0	0.0	0.0	0.0	0.0	0.41924286661792604	0.2898610946933658	0.7060135223441191	0.29290309492416117	0.0	NaN	.	.
lun_lcp3_LN_bulk_1_2_2_top45.clonotypes.IGHG	lun_lcp3_norm_bulk_1_3_1_top45.clonotypes.IGHG	45	45	0	0	1451	57	0	0	1.0000000000000004	1.0000000000000016	0.0	0.0	0.0	0.0	0.0	0.0	0.0	0.4953226269025914	0.2886660956782203	0.8050279715077232	0.25367203425574963	0.0	NaN	.	.
lun_lcp3_LN_bulk_1_2_2_top45.clonotypes.IGHG	lun_lcp3_norm_bulk_1_3_2_top45.clonotypes.IGHG	45	45	0	0	1451	3683	0	0	1.0000000000000004	0.9999999999999999	0.0	0.0	0.0	0.0	0.0	0.0	0.0	0.5502403747465467	0.3937319980583177	0.8170436439379126	0.33108118083398463	0.0	NaN	.	.
lun_lcp3_LN_bulk_1_2_2_top45.clonotypes.IGHG	lun_lcp3_PBMC_bulk_1_1_1_top45.clonotypes.IGHG	45	45	0	0	1451	13584	0	0	1.0000000000000004	1.0000000000000002	0.0	0.0	0.0	0.0	0.0	0.0	0.0	0.3152328039075203	0.19729002507623908	0.5673318081047092	0.18199168857619794	0.0	NaN	.	.
lun_lcp3_LN_bulk_1_2_2_top45.clonotypes.IGHG	lun_lcp3_PBMC_bulk_1_1_2_top45.clonotypes.IGHG	45	45	0	0	1451	9268	0	0	1.0000000000000004	1.0	0.0	0.0	0.0	0.0	0.0	0.0	0.0	0.40002236017110643	0.23951221197420725	0.630152756022502	0.05587430932035282	0.0	NaN	.	.
lun_lcp3_LN_bulk_1_2_2_top45.clonotypes.IGHG	lun_lcp3_tum_bulk_1_1_1_top45.clonotypes.IGHG	45	45	1	1	1451	1016	24	9	1.0000000000000004	0.999999999999999	0.016540317022742935	0.008858267716535433	0.0	0.0	4.9382716E-4	0.012104484966483506	0.012104484966483506	0.53605273612272	0.2825311487793661	0.7538628288329586	0.37123050106216104	0.0112359551	0.8323712117746518	.	.
lun_lcp3_LN_bulk_1_2_2_top45.clonotypes.IGHG	lun_lcp3_tum_bulk_1_1_2_top45.clonotypes.IGHG	45	45	0	0	1451	2190	0	0	1.0000000000000004	0.999999999999999	0.0	0.0	0.0	0.0	0.0	0.0	0.0	0.6104697137403016	0.32029772983659494	0.806996090405933	0.43166050726168137	0.0	NaN	.	.
lun_lcp3_LN_bulk_1_2_2_top45.clonotypes.IGHG	lun_lcp3_tum_bulk_1_2_1_top45.clonotypes.IGHG	45	45	0	0	1451	2622	0	0	1.0000000000000004	0.9999999999999994	0.0	0.0	0.0	0.0	0.0	0.0	0.0	0.3829571881089573	0.2105809288438101	0.6201663542729148	0.12599142322718784	0.0	NaN	.	.
lun_lcp3_LN_bulk_1_2_2_top45.clonotypes.IGHG	lun_lcp3_tum_bulk_1_2_2_top45.clonotypes.IGHG	45	45	0	0	1451	1425	0	0	1.0000000000000004	1.0	0.0	0.0	0.0	0.0	0.0	0.0	0.0	0.5588136585262122	0.3070992960480677	0.7451225620763873	0.11750676559546301	0.0	NaN	.	.
lun_lcp3_LN_bulk_1_2_2_top45.clonotypes.IGHG	lun_lcp3_tum_bulk_1_3_1_top45.clonotypes.IGHG	45	45	1	1	1451	54	48	2	1.0000000000000004	0.9999999999999989	0.03308063404548587	0.037037037037037035	0.0	0.0	4.9382716E-4	0.03500298084951235	0.03500298084951235	0.4895160210455127	0.28101534447181686	0.7700384735857616	0.1479466702476989	0.0112359551	0.9936526044665057	.	.
lun_lcp3_LN_bulk_1_2_2_top45.clonotypes.IGHG	lun_lcp3_tum_bulk_1_3_2_top45.clonotypes.IGHG	45	45	0	0	1451	55	0	0	1.0000000000000004	1.0000000000000002	0.0	0.0	0.0	0.0	0.0	0.0	0.0	0.4160183150813162	0.2291081504335614	0.6247421445974454	0.1496950444502763	0.0	NaN	.	.
lun_lcp3_LN_bulk_1_3_1_top45.clonotypes.IGHG	lun_lcp3_LN_bulk_1_3_2_top45.clonotypes.IGHG	45	45	15	15	1369	1040	661	487	1.0	0.9999999999999998	0.4828341855368882	0.46826923076923077	0.5234668304076429	0.3455686255023066	0.0074074074	0.47549594388432664	0.4567981250956523	0.17126540152706107	0.10259099446224848	0.3359271873615065	0.07107567153290502	0.2	0.8621215288234778	.	.
lun_lcp3_LN_bulk_1_3_1_top45.clonotypes.IGHG	lun_lcp3_norm_bulk_1_1_1_top45.clonotypes.IGHG	45	45	3	3	1369	686	73	46	1.0	1.0000000000000009	0.053323593864134405	0.06705539358600583	0.8379346624073288	1.0	0.0014814815	0.05979661005424854	0.05829779005335564	0.34673206569914744	0.1914493807978332	0.6537038891791035	0.17472581096731596	0.0344827586	0.8561910138123596	.	.
lun_lcp3_LN_bulk_1_3_1_top45.clonotypes.IGHG	lun_lcp3_norm_bulk_1_1_2_top45.clonotypes.IGHG	45	45	3	3	1369	206	73	11	1.0	0.9999999999999998	0.053323593864134405	0.05339805825242718	-0.8141523424379788	-0.8660254037844386	0.0014814815	0.053360813069009895	0.05267323121754165	0.2646687186441107	0.14254046898733935	0.5908260651408389	0.1257894441109322	0.0344827586	0.9515183645524333	.	.
lun_lcp3_LN_bulk_1_3_1_top45.clonotypes.IGHG	lun_lcp3_norm_bulk_1_2_1_top45.clonotypes.IGHG	45	45	5	5	1369	1354	226	176	1.0	1.0000000000000004	0.16508400292184075	0.12998522895125553	-0.12852840632061088	0.15389675281277299	0.0024691358	0.1464871390804845	0.12708436051347802	0.29661226206638897	0.1570492877587694	0.5239727980343312	0.07411730700837918	0.0588235294	0.541382972477873	.	.
lun_lcp3_LN_bulk_1_3_1_top45.clonotypes.IGHG	lun_lcp3_norm_bulk_1_2_2_top45.clonotypes.IGHG	45	45	6	6	1369	2943	246	389	1.0	1.0000000000000002	0.17969320672023373	0.13217804960924226	0.7142976671553661	0.44136741475237484	0.002962963	0.15411520882869048	0.14915897668304573	0.3392994221963609	0.19900208526746088	0.5312972412783853	0.10211318823075248	0.0714285714	0.8281458077431306	.	.
lun_lcp3_LN_bulk_1_3_1_top45.clonotypes.IGHG	lun_lcp3_norm_bulk_1_3_1_top45.clonotypes.IGHG	45	45	2	2	1369	57	56	4	1.0	1.0000000000000016	0.04090577063550037	0.07017543859649122	0.0	0.0	9.8765432E-4	0.05357779759820023	0.05286222694992815	0.2400620446456014	0.13759073195062735	0.591612140936056	0.08450266489337586	0.0227272727	0.8479355205074129	.	.
lun_lcp3_LN_bulk_1_3_1_top45.clonotypes.IGHG	lun_lcp3_norm_bulk_1_3_2_top45.clonotypes.IGHG	45	45	4	4	1369	3683	125	177	1.0	0.9999999999999999	0.09130752373995617	0.04805864784143361	0.9776307184839957	0.8	0.0019753086	0.06624285718997855	0.06574080685215578	0.36578522286483633	0.2604171262657318	0.6518761428865558	0.14127023829785879	0.0465116279	0.7656949715226627	.	.
lun_lcp3_LN_bulk_1_3_1_top45.clonotypes.IGHG	lun_lcp3_PBMC_bulk_1_1_1_top45.clonotypes.IGHG	45	45	0	0	1369	13584	0	0	1.0	1.0000000000000002	0.0	0.0	0.0	0.0	0.0	0.0	0.0	0.34678391556233323	0.2322392867291716	0.5862538585411048	0.20260237835766598	0.0	NaN	.	.
lun_lcp3_LN_bulk_1_3_1_top45.clonotypes.IGHG	lun_lcp3_PBMC_bulk_1_1_2_top45.clonotypes.IGHG	45	45	0	0	1369	9268	0	0	1.0	1.0	0.0	0.0	0.0	0.0	0.0	0.0	0.0	0.28853552126532417	0.18336481974433272	0.6150350431492377	0.20229839906779404	0.0	NaN	.	.
lun_lcp3_LN_bulk_1_3_1_top45.clonotypes.IGHG	lun_lcp3_tum_bulk_1_1_1_top45.clonotypes.IGHG	45	45	2	2	1369	1016	70	423	1.0	0.999999999999999	0.05113221329437546	0.4163385826771654	0.0	0.0	9.8765432E-4	0.1459051514242276	0.13859315144950984	0.43817077583093605	0.22829951216131253	0.6644479200259512	0.22433258092591718	0.0227272727	0.19013279762815885	.	.
lun_lcp3_LN_bulk_1_3_1_top45.clonotypes.IGHG	lun_lcp3_tum_bulk_1_1_2_top45.clonotypes.IGHG	45	45	2	2	1369	2190	70	953	1.0	0.999999999999999	0.05113221329437546	0.4351598173515982	0.0	0.0	9.8765432E-4	0.14916663366169858	0.13744881761402408	0.5589256454998126	0.2905778319998881	0.6958905304122703	0.3031540639439938	0.0227272727	0.1749296456991911	.	.
lun_lcp3_LN_bulk_1_3_1_top45.clonotypes.IGHG	lun_lcp3_tum_bulk_1_2_1_top45.clonotypes.IGHG	45	45	2	2	1369	2622	70	71	1.0	0.9999999999999994	0.05113221329437546	0.02707856598016781	0.0	0.0	9.8765432E-4	0.03721003912123393	0.035537741634504294	0.3001022512689641	0.17348095489573603	0.518760552166478	0.06822842746043262	0.0227272727	0.6678867634247815	.	.
lun_lcp3_LN_bulk_1_3_1_top45.clonotypes.IGHG	lun_lcp3_tum_bulk_1_2_2_top45.clonotypes.IGHG	45	45	3	3	1369	1425	95	72	1.0	1.0	0.06939371804236669	0.05052631578947368	-0.7952424280595337	-1.0	0.0014814815	0.05921324946001796	0.0547951592346213	0.2894782950996147	0.17298037730705343	0.5289079755504916	0.0875496310999225	0.0344827586	0.6967150648916323	.	.
lun_lcp3_LN_bulk_1_3_1_top45.clonotypes.IGHG	lun_lcp3_tum_bulk_1_3_1_top45.clonotypes.IGHG	45	45	4	4	1369	54	106	8	1.0	0.9999999999999989	0.07742878013148284	0.14814814814814814	0.9376083652171502	0.5	0.0019753086	0.10710242943019224	0.10623428366849165	0.32810110851677504	0.17258145219730858	0.5493028728477815	0.19935893964472592	0.0465116279	0.791274103234685	.	.
lun_lcp3_LN_bulk_1_3_1_top45.clonotypes.IGHG	lun_lcp3_tum_bulk_1_3_2_top45.clonotypes.IGHG	45	45	1	1	1369	55	51	4	1.0	1.0000000000000002	0.03725346968590212	0.07272727272727272	0.0	0.0	4.9382716E-4	0.05205135204664515	0.05205135204664515	0.2288733966874601	0.11920339290476965	0.5611042180430089	0.16806392876361714	0.0112359551	0.8115356968100126	.	.
lun_lcp3_LN_bulk_1_3_2_top45.clonotypes.IGHG	lun_lcp3_norm_bulk_1_1_1_top45.clonotypes.IGHG	45	45	3	3	1040	686	69	63	0.9999999999999998	1.0000000000000009	0.06634615384615386	0.09183673469387754	0.2875430708824757	0.5	0.0014814815	0.07805776148935105	0.07565141873310641	0.33365416920843316	0.1862580709957877	0.6342761485499594	0.17521476109661543	0.0344827586	0.8605616175817249	.	.
lun_lcp3_LN_bulk_1_3_2_top45.clonotypes.IGHG	lun_lcp3_norm_bulk_1_1_2_top45.clonotypes.IGHG	45	45	4	4	1040	206	100	16	0.9999999999999998	0.9999999999999998	0.09615384615384617	0.07766990291262135	-0.9402237066553369	-0.8	0.0019753086	0.08641909450719998	0.08058526363063048	0.3640923877925468	0.20816380290406927	0.6100614137183455	0.13516655435303	0.0465116279	0.7569503255425618	.	.
lun_lcp3_LN_bulk_1_3_2_top45.clonotypes.IGHG	lun_lcp3_norm_bulk_1_2_1_top45.clonotypes.IGHG	45	45	2	2	1040	1354	68	38	0.9999999999999998	1.0000000000000004	0.06538461538461539	0.028064992614475627	0.0	0.0	9.8765432E-4	0.04283711880915382	0.04266871543009275	0.34593435713347714	0.18463218641667187	0.598341362432529	0.12066782945881253	0.0227272727	0.7063295744101205	.	.
lun_lcp3_LN_bulk_1_3_2_top45.clonotypes.IGHG	lun_lcp3_norm_bulk_1_2_2_top45.clonotypes.IGHG	45	45	4	4	1040	2943	77	313	0.9999999999999998	1.0000000000000002	0.07403846153846155	0.10635406048250085	0.9205752829963766	0.9486832980505138	0.0019753086	0.0887372019870632	0.0882395649786323	0.5389663289493336	0.2904589580493644	0.700486417329154	0.19949271643274122	0.0465116279	0.9105027402355769	.	.
lun_lcp3_LN_bulk_1_3_2_top45.clonotypes.IGHG	lun_lcp3_norm_bulk_1_3_1_top45.clonotypes.IGHG	45	45	2	2	1040	57	34	3	0.9999999999999998	1.0000000000000016	0.032692307692307694	0.05263157894736842	0.0	0.0	9.8765432E-4	0.041480691571854876	0.04122560325148611	0.2980943789256689	0.1739939686244672	0.6453011091141543	0.1254429202477708	0.0227272727	0.8593755342308458	.	.
lun_lcp3_LN_bulk_1_3_2_top45.clonotypes.IGHG	lun_lcp3_norm_bulk_1_3_2_top45.clonotypes.IGHG	45	45	5	5	1040	3683	97	208	0.9999999999999998	0.9999999999999999	0.09326923076923078	0.05647569915829487	-0.2543729428221382	-0.051298917604258434	0.0024691358	0.07257716595216884	0.07113609683469926	0.5707955832415863	0.3710204618685796	0.7217061297095078	0.2039059819496162	0.0588235294	0.8036056879149267	.	.
lun_lcp3_LN_bulk_1_3_2_top45.clonotypes.IGHG	lun_lcp3_PBMC_bulk_1_1_1_top45.clonotypes.IGHG	45	45	0	0	1040	13584	0	0	0.9999999999999998	1.0000000000000002	0.0	0.0	0.0	0.0	0.0	0.0	0.0	0.45914629231327475	0.27820284565005954	0.6301892878849753	0.1996181363698662	0.0	NaN	.	.
lun_lcp3_LN_bulk_1_3_2_top45.clonotypes.IGHG	lun_lcp3_PBMC_bulk_1_1_2_top45.clonotypes.IGHG	45	45	0	0	1040	9268	0	0	0.9999999999999998	1.0	0.0	0.0	0.0	0.0	0.0	0.0	0.0	0.28539952116874023	0.1703222972291875	0.5433291124353958	0.16924173033534204	0.0	NaN	.	.
lun_lcp3_LN_bulk_1_3_2_top45.clonotypes.IGHG	lun_lcp3_tum_bulk_1_1_1_top45.clonotypes.IGHG	45	45	2	2	1040	1016	93	423	0.9999999999999998	0.999999999999999	0.08942307692307692	0.4163385826771654	0.0	0.0	9.8765432E-4	0.19295148899343842	0.18747043599379187	0.40723489049919165	0.22468772107359067	0.5699136723265191	0.1571590246295138	0.0227272727	0.3523711535172989	.	.
lun_lcp3_LN_bulk_1_3_2_top45.clonotypes.IGHG	lun_lcp3_tum_bulk_1_1_2_top45.clonotypes.IGHG	45	45	2	2	1040	2190	93	953	0.9999999999999998	0.999999999999999	0.08942307692307692	0.4351598173515982	0.0	0.0	9.8765432E-4	0.19726461877605944	0.18725008471852334	0.5040805926141732	0.27131493082040137	0.6302767939462787	0.22628244931194297	0.0227272727	0.3264344453351893	.	.
lun_lcp3_LN_bulk_1_3_2_top45.clonotypes.IGHG	lun_lcp3_tum_bulk_1_2_1_top45.clonotypes.IGHG	45	45	3	3	1040	2622	112	107	0.9999999999999998	0.9999999999999994	0.1076923076923077	0.04080854309687262	-0.8962581595302718	-0.8660254037844386	0.0014814815	0.06629303266304239	0.061536707911879	0.3960925696074646	0.2317155016125718	0.6043688786510635	0.08434423539005004	0.0344827586	0.4357667608911709	.	.
lun_lcp3_LN_bulk_1_3_2_top45.clonotypes.IGHG	lun_lcp3_tum_bulk_1_2_2_top45.clonotypes.IGHG	45	45	3	3	1040	1425	112	77	0.9999999999999998	1.0	0.1076923076923077	0.05403508771929824	-0.8386278693775346	-0.8660254037844386	0.0014814815	0.07628344048905703	0.06705029793487109	0.3961867678526104	0.23101291519945621	0.6060751968014852	0.11172728229133601	0.0344827586	0.4525346607594053	.	.
lun_lcp3_LN_bulk_1_3_2_top45.clonotypes.IGHG	lun_lcp3_tum_bulk_1_3_1_top45.clonotypes.IGHG	45	45	2	2	1040	54	98	6	0.9999999999999998	0.9999999999999989	0.09423076923076923	0.1111111111111111	0.0	0.0	9.8765432E-4	0.10232343558582008	0.10183454603017249	0.33797945624021825	0.20385428413398415	0.561365047086387	0.19172674960998784	0.0227272727	0.9836670567585766	.	.
lun_lcp3_LN_bulk_1_3_2_top45.clonotypes.IGHG	lun_lcp3_tum_bulk_1_3_2_top45.clonotypes.IGHG	45	45	2	2	1040	55	91	5	0.9999999999999998	1.0000000000000002	0.0875	0.09090909090909091	0.0	0.0	9.8765432E-4	0.08918825850158446	0.08917582839965538	0.32326870661595347	0.17236559266701335	0.5563951100050963	0.11661475230859329	0.0227272727	0.9994661746634633	.	.
lun_lcp3_norm_bulk_1_1_1_top45.clonotypes.IGHG	lun_lcp3_norm_bulk_1_1_2_top45.clonotypes.IGHG	45	45	14	14	686	206	404	92	1.0000000000000009	0.9999999999999998	0.5889212827988338	0.44660194174757273	0.9840401040149492	0.33870722664155434	0.0069135802	0.5128483093804936	0.5043911217856368	0.21054521503718662	0.11270633906100844	0.3883681002283923	0.08437659048021487	0.1842105263	0.9487981161366825	.	.
lun_lcp3_norm_bulk_1_1_1_top45.clonotypes.IGHG	lun_lcp3_norm_bulk_1_2_1_top45.clonotypes.IGHG	45	45	6	6	686	1354	81	318	1.0000000000000009	1.0000000000000004	0.11807580174927115	0.23485967503692762	0.19708691511975907	0.40583972495671394	0.002962963	0.16652700810546772	0.1563349636180792	0.30392989878541615	0.17223486657020387	0.6465411269518645	0.21436149402018023	0.0714285714	0.5878911891600727	.	.
lun_lcp3_norm_bulk_1_1_1_top45.clonotypes.IGHG	lun_lcp3_norm_bulk_1_2_2_top45.clonotypes.IGHG	45	45	7	7	686	2943	121	512	1.0000000000000009	1.0000000000000002	0.17638483965014576	0.17397213727488955	-0.42835456175565356	-0.6545454545454545	0.0034567901	0.17517433469782193	0.16445197451043564	0.34043880777466295	0.1802998677544245	0.5966999867811638	0.24822573097792908	0.0843373494	0.7753506071316115	.	.
lun_lcp3_norm_bulk_1_1_1_top45.clonotypes.IGHG	lun_lcp3_norm_bulk_1_3_1_top45.clonotypes.IGHG	45	45	4	4	686	57	251	6	1.0000000000000009	1.0000000000000016	0.3658892128279883	0.10526315789473684	0.510968920887852	0.0	0.0019753086	0.19625150695445248	0.17177427822723473	0.3398852368948091	0.17960179008403765	0.6183492701423543	0.1621018378653988	0.0465116279	0.27525484533139577	.	.
lun_lcp3_norm_bulk_1_1_1_top45.clonotypes.IGHG	lun_lcp3_norm_bulk_1_3_2_top45.clonotypes.IGHG	45	45	9	9	686	3683	324	445	1.0000000000000009	0.9999999999999999	0.47230320699708456	0.12082541406462123	-0.2190264092438459	-0.4050668969422623	0.0044444444	0.23888539208053566	0.1837390170213247	0.5122791480105982	0.3269285760448913	0.7112465356871519	0.3246344817665449	0.1111111111	0.11238252394571019	.	.
lun_lcp3_norm_bulk_1_1_1_top45.clonotypes.IGHG	lun_lcp3_PBMC_bulk_1_1_1_top45.clonotypes.IGHG	45	45	0	0	686	13584	0	0	1.0000000000000009	1.0000000000000002	0.0	0.0	0.0	0.0	0.0	0.0	0.0	0.47800460620778173	0.3432610565934814	0.825313557137808	0.09090906749728266	0.0	NaN	.	.
lun_lcp3_norm_bulk_1_1_1_top45.clonotypes.IGHG	lun_lcp3_PBMC_bulk_1_1_2_top45.clonotypes.IGHG	45	45	0	0	686	9268	0	0	1.0000000000000009	1.0	0.0	0.0	0.0	0.0	0.0	0.0	0.0	0.4189651094527997	0.2794612296974698	0.786252959656551	0.16117011018819194	0.0	NaN	.	.
lun_lcp3_norm_bulk_1_1_1_top45.clonotypes.IGHG	lun_lcp3_tum_bulk_1_1_1_top45.clonotypes.IGHG	45	45	0	0	686	1016	0	0	1.0000000000000009	0.999999999999999	0.0	0.0	0.0	0.0	0.0	0.0	0.0	0.3386146554408339	0.20896056725470571	0.6647140997042479	0.37665146647199604	0.0	NaN	.	.
lun_lcp3_norm_bulk_1_1_1_top45.clonotypes.IGHG	lun_lcp3_tum_bulk_1_1_2_top45.clonotypes.IGHG	45	45	0	0	686	2190	0	0	1.0000000000000009	0.999999999999999	0.0	0.0	0.0	0.0	0.0	0.0	0.0	0.4963901852459115	0.29269662644289973	0.7528635277093783	0.46353516313797277	0.0	NaN	.	.
lun_lcp3_norm_bulk_1_1_1_top45.clonotypes.IGHG	lun_lcp3_tum_bulk_1_2_1_top45.clonotypes.IGHG	45	45	0	0	686	2622	0	0	1.0000000000000009	0.9999999999999994	0.0	0.0	0.0	0.0	0.0	0.0	0.0	0.4382796356966905	0.2675508802343623	0.6760907451193516	0.1427201045706711	0.0	NaN	.	.
lun_lcp3_norm_bulk_1_1_1_top45.clonotypes.IGHG	lun_lcp3_tum_bulk_1_2_2_top45.clonotypes.IGHG	45	45	0	0	686	1425	0	0	1.0000000000000009	1.0	0.0	0.0	0.0	0.0	0.0	0.0	0.0	0.41842913880850907	0.2608126300976104	0.648912384496428	0.20597635759373908	0.0	NaN	.	.
lun_lcp3_norm_bulk_1_1_1_top45.clonotypes.IGHG	lun_lcp3_tum_bulk_1_3_1_top45.clonotypes.IGHG	45	45	0	0	686	54	0	0	1.0000000000000009	0.9999999999999989	0.0	0.0	0.0	0.0	0.0	0.0	0.0	0.44830980532893994	0.2597715647040715	0.7831598475121399	0.2776427520314793	0.0	NaN	.	.
lun_lcp3_norm_bulk_1_1_1_top45.clonotypes.IGHG	lun_lcp3_tum_bulk_1_3_2_top45.clonotypes.IGHG	45	45	0	0	686	55	0	0	1.0000000000000009	1.0000000000000002	0.0	0.0	0.0	0.0	0.0	0.0	0.0	0.4305042719761706	0.22919811585623606	0.6630687847434267	0.23234382027486872	0.0	NaN	.	.
lun_lcp3_norm_bulk_1_1_2_top45.clonotypes.IGHG	lun_lcp3_norm_bulk_1_2_1_top45.clonotypes.IGHG	45	45	3	3	206	1354	10	112	0.9999999999999998	1.0000000000000004	0.04854368932038834	0.0827178729689808	0.5752821676338691	0.8660254037844386	0.0014814815	0.06336742638493023	0.06073848730842826	0.29251201445183067	0.16187654333016122	0.6523207445193431	0.13474095548787457	0.0344827586	0.6870938189825441	.	.
lun_lcp3_norm_bulk_1_1_2_top45.clonotypes.IGHG	lun_lcp3_norm_bulk_1_2_2_top45.clonotypes.IGHG	45	45	6	6	206	2943	24	413	0.9999999999999998	1.0000000000000002	0.11650485436893201	0.14033299354400272	-0.15248676759593455	-0.30860669992418377	0.002962963	0.12786506550266305	0.12114734557562779	0.296004857146271	0.16691251338831942	0.564184070644971	0.1722083449316429	0.0714285714	0.7598905968765363	.	.
lun_lcp3_norm_bulk_1_1_2_top45.clonotypes.IGHG	lun_lcp3_norm_bulk_1_3_1_top45.clonotypes.IGHG	45	45	4	4	206	57	62	5	0.9999999999999998	1.0000000000000016	0.30097087378640774	0.08771929824561403	0.995729985421542	0.7745966692414834	0.0019753086	0.1624837033087102	0.15455627721026452	0.28366335957338884	0.15617789612774258	0.6103402140225591	0.1479569506440937	0.0465116279	0.36674244977448006	.	.
lun_lcp3_norm_bulk_1_1_2_top45.clonotypes.IGHG	lun_lcp3_norm_bulk_1_3_2_top45.clonotypes.IGHG	45	45	9	9	206	3683	87	313	0.9999999999999998	0.9999999999999999	0.42233009708737856	0.08498506652185718	-0.1454509625290514	0.017407765595568673	0.0044444444	0.18945118472881944	0.16312430655325263	0.3610932959639133	0.27198262740710755	0.6218996007957318	0.27893925653353513	0.1111111111	0.14489961182301975	.	.
lun_lcp3_norm_bulk_1_1_2_top45.clonotypes.IGHG	lun_lcp3_PBMC_bulk_1_1_1_top45.clonotypes.IGHG	45	45	0	0	206	13584	0	0	0.9999999999999998	1.0000000000000002	0.0	0.0	0.0	0.0	0.0	0.0	0.0	0.508518337621881	0.34370976440413636	0.7209938279550382	0.06616916883724508	0.0	NaN	.	.
lun_lcp3_norm_bulk_1_1_2_top45.clonotypes.IGHG	lun_lcp3_PBMC_bulk_1_1_2_top45.clonotypes.IGHG	45	45	0	0	206	9268	0	0	0.9999999999999998	1.0	0.0	0.0	0.0	0.0	0.0	0.0	0.0	0.43548709428671695	0.2750516504849584	0.7867872059241384	0.21887981839843898	0.0	NaN	.	.
lun_lcp3_norm_bulk_1_1_2_top45.clonotypes.IGHG	lun_lcp3_tum_bulk_1_1_1_top45.clonotypes.IGHG	45	45	0	0	206	1016	0	0	0.9999999999999998	0.999999999999999	0.0	0.0	0.0	0.0	0.0	0.0	0.0	0.46409790157146386	0.2590398838651842	0.6994871715844769	0.32422472395835356	0.0	NaN	.	.
lun_lcp3_norm_bulk_1_1_2_top45.clonotypes.IGHG	lun_lcp3_tum_bulk_1_1_2_top45.clonotypes.IGHG	45	45	0	0	206	2190	0	0	0.9999999999999998	0.999999999999999	0.0	0.0	0.0	0.0	0.0	0.0	0.0	0.6369900227005282	0.3502850010953877	0.8319753669006847	0.42045763974087635	0.0	NaN	.	.
lun_lcp3_norm_bulk_1_1_2_top45.clonotypes.IGHG	lun_lcp3_tum_bulk_1_2_1_top45.clonotypes.IGHG	45	45	1	1	206	2622	2	31	0.9999999999999998	0.9999999999999994	0.009708737864077669	0.011823035850495805	0.0	0.0	4.9382716E-4	0.010713858120679792	0.010713858120679792	0.32474942814102814	0.21211586315197659	0.6317647572113845	0.10199774427577432	0.0112359551	0.980899914488071	.	.
lun_lcp3_norm_bulk_1_1_2_top45.clonotypes.IGHG	lun_lcp3_tum_bulk_1_2_2_top45.clonotypes.IGHG	45	45	1	1	206	1425	2	27	0.9999999999999998	1.0	0.009708737864077669	0.018947368421052633	0.0	0.0	4.9382716E-4	0.013563002367252731	0.013563002367252731	0.31812189559142035	0.21769037713676032	0.5741505859962769	0.1609228630565301	0.0112359551	0.8116933989828138	.	.
lun_lcp3_norm_bulk_1_1_2_top45.clonotypes.IGHG	lun_lcp3_tum_bulk_1_3_1_top45.clonotypes.IGHG	45	45	0	0	206	54	0	0	0.9999999999999998	0.9999999999999989	0.0	0.0	0.0	0.0	0.0	0.0	0.0	0.46956991575090656	0.26127264036103903	0.7275787338122464	0.2003752605076449	0.0	NaN	.	.
lun_lcp3_norm_bulk_1_1_2_top45.clonotypes.IGHG	lun_lcp3_tum_bulk_1_3_2_top45.clonotypes.IGHG	45	45	0	0	206	55	0	0	0.9999999999999998	1.0000000000000002	0.0	0.0	0.0	0.0	0.0	0.0	0.0	0.45667885902525057	0.2444351046119242	0.6895561679471328	0.1518118991815507	0.0	NaN	.	.
lun_lcp3_norm_bulk_1_2_1_top45.clonotypes.IGHG	lun_lcp3_norm_bulk_1_2_2_top45.clonotypes.IGHG	45	45	15	15	1354	2943	807	1726	1.0000000000000004	1.0000000000000002	0.5960118168389955	0.5864763846415222	0.33215870378974577	0.35094128363608595	0.0074074074	0.5912248773041939	0.5506943848440531	0.2097982459687796	0.11867744612524998	0.39588519270236744	0.061392210609139235	0.2	0.7745075866640335	.	.
lun_lcp3_norm_bulk_1_2_1_top45.clonotypes.IGHG	lun_lcp3_norm_bulk_1_3_1_top45.clonotypes.IGHG	45	45	3	3	1354	57	134	6	1.0000000000000004	1.0000000000000016	0.09896602658788774	0.10526315789473684	0.14893336102390853	0.5	0.0014814815	0.10206603981215079	0.09966256005491678	0.29842389430000954	0.1796272729383928	0.5994050389006421	0.08303056275996118	0.0344827586	0.907101972497189	.	.
lun_lcp3_norm_bulk_1_2_1_top45.clonotypes.IGHG	lun_lcp3_norm_bulk_1_3_2_top45.clonotypes.IGHG	45	45	5	5	1354	3683	231	612	1.0000000000000004	0.9999999999999999	0.1706056129985229	0.16616888406190605	-0.22688384443549345	-0.30000000000000004	0.0024691358	0.16837263532611813	0.14881777069380986	0.414129491189145	0.2959844644242311	0.5998678681338385	0.18048136912988072	0.0588235294	0.65747137121077	.	.
lun_lcp3_norm_bulk_1_2_1_top45.clonotypes.IGHG	lun_lcp3_PBMC_bulk_1_1_1_top45.clonotypes.IGHG	45	45	0	0	1354	13584	0	0	1.0000000000000004	1.0000000000000002	0.0	0.0	0.0	0.0	0.0	0.0	0.0	0.38510756285004916	0.2489133141242567	0.7781775000967999	0.1947479987129964	0.0	NaN	.	.
lun_lcp3_norm_bulk_1_2_1_top45.clonotypes.IGHG	lun_lcp3_PBMC_bulk_1_1_2_top45.clonotypes.IGHG	45	45	0	0	1354	9268	0	0	1.0000000000000004	1.0	0.0	0.0	0.0	0.0	0.0	0.0	0.0	0.35663917095143	0.20760872796482416	0.5662254292380311	0.1839356365598669	0.0	NaN	.	.
lun_lcp3_norm_bulk_1_2_1_top45.clonotypes.IGHG	lun_lcp3_tum_bulk_1_1_1_top45.clonotypes.IGHG	45	45	0	0	1354	1016	0	0	1.0000000000000004	0.999999999999999	0.0	0.0	0.0	0.0	0.0	0.0	0.0	0.45290716051186997	0.24780713091443296	0.7472288380453949	0.2801650832055681	0.0	NaN	.	.
lun_lcp3_norm_bulk_1_2_1_top45.clonotypes.IGHG	lun_lcp3_tum_bulk_1_1_2_top45.clonotypes.IGHG	45	45	0	0	1354	2190	0	0	1.0000000000000004	0.999999999999999	0.0	0.0	0.0	0.0	0.0	0.0	0.0	0.5463865249181058	0.29267754336710305	0.7407006508597911	0.33754673877163116	0.0	NaN	.	.
lun_lcp3_norm_bulk_1_2_1_top45.clonotypes.IGHG	lun_lcp3_tum_bulk_1_2_1_top45.clonotypes.IGHG	45	45	0	0	1354	2622	0	0	1.0000000000000004	0.9999999999999994	0.0	0.0	0.0	0.0	0.0	0.0	0.0	0.36255586446153976	0.2277932025173154	0.732424100860811	0.10554880350195038	0.0	NaN	.	.
lun_lcp3_norm_bulk_1_2_1_top45.clonotypes.IGHG	lun_lcp3_tum_bulk_1_2_2_top45.clonotypes.IGHG	45	45	0	0	1354	1425	0	0	1.0000000000000004	1.0	0.0	0.0	0.0	0.0	0.0	0.0	0.0	0.40463221624248236	0.248985340192229	0.7430143540149338	0.10429343379007355	0.0	NaN	.	.
lun_lcp3_norm_bulk_1_2_1_top45.clonotypes.IGHG	lun_lcp3_tum_bulk_1_3_1_top45.clonotypes.IGHG	45	45	0	0	1354	54	0	0	1.0000000000000004	0.9999999999999989	0.0	0.0	0.0	0.0	0.0	0.0	0.0	0.39103109243732653	0.22073746133647532	0.7280404981381635	0.18011149076108393	0.0	NaN	.	.
lun_lcp3_norm_bulk_1_2_1_top45.clonotypes.IGHG	lun_lcp3_tum_bulk_1_3_2_top45.clonotypes.IGHG	45	45	1	1	1354	55	16	1	1.0000000000000004	1.0000000000000002	0.011816838995568686	0.01818181818181818	0.0	0.0	4.9382716E-4	0.014657817644562537	0.014657817644562537	0.34621947397315767	0.18874803707636875	0.6936217632799998	0.1586323346658413	0.0112359551	0.9138418447407617	.	.
lun_lcp3_norm_bulk_1_2_2_top45.clonotypes.IGHG	lun_lcp3_norm_bulk_1_3_1_top45.clonotypes.IGHG	45	45	6	6	2943	57	465	11	1.0000000000000002	1.0000000000000016	0.15800203873598367	0.19298245614035087	0.7838184749929828	0.6172133998483678	0.002962963	0.17461850277233792	0.17150513210440246	0.41652180379400733	0.23895935254465767	0.5943372401239453	0.1105021312072145	0.0714285714	0.937933389110803	.	.
lun_lcp3_norm_bulk_1_2_2_top45.clonotypes.IGHG	lun_lcp3_norm_bulk_1_3_2_top45.clonotypes.IGHG	45	45	8	8	2943	3683	693	751	1.0000000000000002	0.9999999999999999	0.23547400611620795	0.20390985609557424	-0.147877067170869	-0.023809523809524658	0.0039506173	0.21912432704153212	0.19115165705960488	0.4004561431762194	0.28546498399777825	0.6188055354119166	0.24512053993981428	0.0975609756	0.5953780914805401	.	.
lun_lcp3_norm_bulk_1_2_2_top45.clonotypes.IGHG	lun_lcp3_PBMC_bulk_1_1_1_top45.clonotypes.IGHG	45	45	0	0	2943	13584	0	0	1.0000000000000002	1.0000000000000002	0.0	0.0	0.0	0.0	0.0	0.0	0.0	0.29225589733747637	0.25015653907020324	0.7024128243113341	0.26117530691411917	0.0	NaN	.	.
lun_lcp3_norm_bulk_1_2_2_top45.clonotypes.IGHG	lun_lcp3_PBMC_bulk_1_1_2_top45.clonotypes.IGHG	45	45	0	0	2943	9268	0	0	1.0000000000000002	1.0	0.0	0.0	0.0	0.0	0.0	0.0	0.0	0.42385338495402136	0.2755102798594994	0.7655862414480843	0.2497757627370751	0.0	NaN	.	.
lun_lcp3_norm_bulk_1_2_2_top45.clonotypes.IGHG	lun_lcp3_tum_bulk_1_1_1_top45.clonotypes.IGHG	45	45	1	1	2943	1016	95	22	1.0000000000000002	0.999999999999999	0.032279986408426775	0.021653543307086614	0.0	0.0	4.9382716E-4	0.026438155829161696	0.026438155829161696	0.4681324933981381	0.28950766705839553	0.7534804388978035	0.3227873457608851	0.0112359551	0.9252609196238802	.	.
lun_lcp3_norm_bulk_1_2_2_top45.clonotypes.IGHG	lun_lcp3_tum_bulk_1_1_2_top45.clonotypes.IGHG	45	45	1	1	2943	2190	95	21	1.0000000000000002	0.999999999999999	0.032279986408426775	0.009589041095890411	0.0	0.0	4.9382716E-4	0.017593581677566063	0.017593581677566063	0.6079931841907709	0.3598520183808948	0.7863071426090225	0.3791027800518629	0.0112359551	0.5459409531608906	.	.
lun_lcp3_norm_bulk_1_2_2_top45.clonotypes.IGHG	lun_lcp3_tum_bulk_1_2_1_top45.clonotypes.IGHG	45	45	1	1	2943	2622	95	40	1.0000000000000002	0.9999999999999994	0.032279986408426775	0.015255530129672006	0.0	0.0	4.9382716E-4	0.02219117629237255	0.02219117629237255	0.41463644594075005	0.2823694549629548	0.7120657102645617	0.15488561709036452	0.0112359551	0.7726323204535676	.	.
lun_lcp3_norm_bulk_1_2_2_top45.clonotypes.IGHG	lun_lcp3_tum_bulk_1_2_2_top45.clonotypes.IGHG	45	45	2	2	2943	1425	129	57	1.0000000000000002	1.0	0.04383282364933741	0.04	0.0	0.0	9.8765432E-4	0.041872579881988364	0.041684389051184025	0.3997702988169375	0.27264764746834635	0.7190958282229536	0.1496673609239007	0.0227272727	0.9775035935736938	.	.
lun_lcp3_norm_bulk_1_2_2_top45.clonotypes.IGHG	lun_lcp3_tum_bulk_1_3_1_top45.clonotypes.IGHG	45	45	0	0	2943	54	0	0	1.0000000000000002	0.9999999999999989	0.0	0.0	0.0	0.0	0.0	0.0	0.0	0.4841377159837702	0.2943960490271445	0.6613790255875638	0.2361792002146754	0.0	NaN	.	.
lun_lcp3_norm_bulk_1_2_2_top45.clonotypes.IGHG	lun_lcp3_tum_bulk_1_3_2_top45.clonotypes.IGHG	45	45	1	1	2943	55	38	1	1.0000000000000002	1.0000000000000002	0.01291199456337071	0.01818181818181818	0.0	0.0	4.9382716E-4	0.015321995219808388	0.015321995219808388	0.3123297747749095	0.18562218279019482	0.6526033157292952	0.27671915928932195	0.0112359551	0.9441561508560403	.	.
lun_lcp3_norm_bulk_1_3_1_top45.clonotypes.IGHG	lun_lcp3_norm_bulk_1_3_2_top45.clonotypes.IGHG	45	45	11	11	57	3683	21	2375	1.0000000000000016	0.9999999999999999	0.3684210526315789	0.644854737985338	0.7112025330872357	0.47444250840318297	0.0054320988	0.4874197999291978	0.4089074820031155	0.3321096689772778	0.21355499820526017	0.48212277627507116	0.09295498961149007	0.1392405063	0.36809149686002723	.	.
lun_lcp3_norm_bulk_1_3_1_top45.clonotypes.IGHG	lun_lcp3_PBMC_bulk_1_1_1_top45.clonotypes.IGHG	45	45	0	0	57	13584	0	0	1.0000000000000016	1.0000000000000002	0.0	0.0	0.0	0.0	0.0	0.0	0.0	0.5014648619675376	0.3358526937180504	0.7849448191864346	0.18534017513678366	0.0	NaN	.	.
lun_lcp3_norm_bulk_1_3_1_top45.clonotypes.IGHG	lun_lcp3_PBMC_bulk_1_1_2_top45.clonotypes.IGHG	45	45	1	1	57	9268	1	398	1.0000000000000016	1.0	0.017543859649122806	0.042943461372464395	0.0	0.0	4.9382716E-4	0.02744802468605058	0.02744802468605058	0.3994573021100899	0.2640618806659994	0.7352249287153451	0.20718694834498108	0.0112359551	0.7002038163589994	.	.
lun_lcp3_norm_bulk_1_3_1_top45.clonotypes.IGHG	lun_lcp3_tum_bulk_1_1_1_top45.clonotypes.IGHG	45	45	2	2	57	1016	3	44	1.0000000000000016	0.999999999999999	0.05263157894736842	0.04330708661417323	0.0	0.0	9.8765432E-4	0.04774222814358773	0.04705467129296832	0.5072041450600338	0.2798184671369402	0.680629156536793	0.2890783628744352	0.0227272727	0.9203102411756264	.	.
lun_lcp3_norm_bulk_1_3_1_top45.clonotypes.IGHG	lun_lcp3_tum_bulk_1_1_2_top45.clonotypes.IGHG	45	45	3	3	57	2190	4	100	1.0000000000000016	0.999999999999999	0.07017543859649122	0.04566210045662101	-0.3738327416671042	0.0	0.0014814815	0.05660704838428181	0.05154165264149742	0.6164459906532503	0.34174816024128546	0.7326696705235091	0.34146075419926997	0.0344827586	0.6726363222090985	.	.
lun_lcp3_norm_bulk_1_3_1_top45.clonotypes.IGHG	lun_lcp3_tum_bulk_1_2_1_top45.clonotypes.IGHG	45	45	2	2	57	2622	4	126	1.0000000000000016	0.9999999999999994	0.07017543859649122	0.04805491990846682	0.0	0.0	9.8765432E-4	0.05807129309130215	0.05706042234331073	0.3755132248587934	0.21225894099657344	0.6879576595265415	0.14697976195364731	0.0227272727	0.8943064341922542	.	.
lun_lcp3_norm_bulk_1_3_1_top45.clonotypes.IGHG	lun_lcp3_tum_bulk_1_2_2_top45.clonotypes.IGHG	45	45	2	2	57	1425	4	70	1.0000000000000016	1.0	0.07017543859649122	0.04912280701754386	0.0	0.0	9.8765432E-4	0.058712984318180735	0.05868899533922311	0.3512623058288476	0.20553120943190664	0.6406409434169222	0.16970899585918928	0.0227272727	0.9385894341646553	.	.
lun_lcp3_norm_bulk_1_3_1_top45.clonotypes.IGHG	lun_lcp3_tum_bulk_1_3_1_top45.clonotypes.IGHG	45	45	0	0	57	54	0	0	1.0000000000000016	0.9999999999999989	0.0	0.0	0.0	0.0	0.0	0.0	0.0	0.33440280356257	0.20231136242791226	0.6291782241380925	0.2836158024110446	0.0	NaN	.	.
lun_lcp3_norm_bulk_1_3_1_top45.clonotypes.IGHG	lun_lcp3_tum_bulk_1_3_2_top45.clonotypes.IGHG	45	45	0	0	57	55	0	0	1.0000000000000016	1.0000000000000002	0.0	0.0	0.0	0.0	0.0	0.0	0.0	0.35921395004816176	0.19214891066662823	0.6534240296106703	0.20340469480556325	0.0	NaN	.	.
lun_lcp3_norm_bulk_1_3_2_top45.clonotypes.IGHG	lun_lcp3_PBMC_bulk_1_1_1_top45.clonotypes.IGHG	45	45	0	0	3683	13584	0	0	0.9999999999999999	1.0000000000000002	0.0	0.0	0.0	0.0	0.0	0.0	0.0	0.4206455202747869	0.3556115944405205	0.7698677933189294	0.31809922921396044	0.0	NaN	.	.
lun_lcp3_norm_bulk_1_3_2_top45.clonotypes.IGHG	lun_lcp3_PBMC_bulk_1_1_2_top45.clonotypes.IGHG	45	45	1	1	3683	9268	25	154	0.9999999999999999	1.0	0.006787944610371979	0.01661631419939577	0.0	0.0	4.9382716E-4	0.010620292859146395	0.010620292859146395	0.49802490612394656	0.3844419050866936	0.7510978402881104	0.3496199005613176	0.0112359551	0.7001756112700812	.	.
lun_lcp3_norm_bulk_1_3_2_top45.clonotypes.IGHG	lun_lcp3_tum_bulk_1_1_1_top45.clonotypes.IGHG	45	45	2	2	3683	1016	98	44	0.9999999999999999	0.999999999999999	0.02660874287265816	0.04330708661417323	0.0	0.0	9.8765432E-4	0.03394623885322896	0.03372893611606028	0.546393508348864	0.36403809084369826	0.7641932708169805	0.4005098060040413	0.0227272727	0.8799195006790371	.	.
lun_lcp3_norm_bulk_1_3_2_top45.clonotypes.IGHG	lun_lcp3_tum_bulk_1_1_2_top45.clonotypes.IGHG	45	45	2	2	3683	2190	98	87	0.9999999999999999	0.999999999999999	0.02660874287265816	0.03972602739726028	0.0	0.0	9.8765432E-4	0.03251245374261796	0.03210438866483652	0.6352926930263492	0.41611688005039743	0.8023434984649321	0.4604950255588529	0.0227272727	0.8598872812983814	.	.
lun_lcp3_norm_bulk_1_3_2_top45.clonotypes.IGHG	lun_lcp3_tum_bulk_1_2_1_top45.clonotypes.IGHG	45	45	1	1	3683	2622	38	40	0.9999999999999999	0.9999999999999994	0.010317675807765408	0.015255530129672006	0.0	0.0	4.9382716E-4	0.01254597999972713	0.01254597999972713	0.4831466605500344	0.29488070619536355	0.7996728094388984	0.24036522051926054	0.0112359551	0.9281148642860841	.	.
lun_lcp3_norm_bulk_1_3_2_top45.clonotypes.IGHG	lun_lcp3_tum_bulk_1_2_2_top45.clonotypes.IGHG	45	45	1	1	3683	1425	38	37	0.9999999999999999	1.0	0.010317675807765408	0.025964912280701753	0.0	0.0	4.9382716E-4	0.016367576096946897	0.016367576096946897	0.4905133318909346	0.28761105694244127	0.7829131267931523	0.27054544651266554	0.0112359551	0.6863614477538714	.	.
lun_lcp3_norm_bulk_1_3_2_top45.clonotypes.IGHG	lun_lcp3_tum_bulk_1_3_1_top45.clonotypes.IGHG	45	45	0	0	3683	54	0	0	0.9999999999999999	0.9999999999999989	0.0	0.0	0.0	0.0	0.0	0.0	0.0	0.5195672387563182	0.352470345680765	0.7535693938565805	0.4369856665749466	0.0	NaN	.	.
lun_lcp3_norm_bulk_1_3_2_top45.clonotypes.IGHG	lun_lcp3_tum_bulk_1_3_2_top45.clonotypes.IGHG	45	45	0	0	3683	55	0	0	0.9999999999999999	1.0000000000000002	0.0	0.0	0.0	0.0	0.0	0.0	0.0	0.4773324026579697	0.3067606203600536	0.7119499532499549	0.3179402503147268	0.0	NaN	.	.
lun_lcp3_PBMC_bulk_1_1_1_top45.clonotypes.IGHG	lun_lcp3_PBMC_bulk_1_1_2_top45.clonotypes.IGHG	45	45	4	4	13584	9268	2067	991	1.0000000000000002	1.0	0.1521643109540636	0.10692706085455331	0.9154768653079601	0.39999999999999997	0.0019753086	0.1275558016605922	0.12016926773120476	0.39541176343189816	0.2057148574754291	0.6348644263514068	0.1514550262737483	0.0465116279	0.6967444353835881	.	.
lun_lcp3_PBMC_bulk_1_1_1_top45.clonotypes.IGHG	lun_lcp3_tum_bulk_1_1_1_top45.clonotypes.IGHG	45	45	0	0	13584	1016	0	0	1.0000000000000002	0.999999999999999	0.0	0.0	0.0	0.0	0.0	0.0	0.0	0.4794483476761895	0.2685593773386655	0.7688680689495494	0.382462233582622	0.0	NaN	.	.
lun_lcp3_PBMC_bulk_1_1_1_top45.clonotypes.IGHG	lun_lcp3_tum_bulk_1_1_2_top45.clonotypes.IGHG	45	45	0	0	13584	2190	0	0	1.0000000000000002	0.999999999999999	0.0	0.0	0.0	0.0	0.0	0.0	0.0	0.5466744821184174	0.2964397513783573	0.77330134299873	0.46013037222263653	0.0	NaN	.	.
lun_lcp3_PBMC_bulk_1_1_1_top45.clonotypes.IGHG	lun_lcp3_tum_bulk_1_2_1_top45.clonotypes.IGHG	45	45	0	0	13584	2622	0	0	1.0000000000000002	0.9999999999999994	0.0	0.0	0.0	0.0	0.0	0.0	0.0	0.4225295812564646	0.26444743224712214	0.724312583049956	0.1114388952159656	0.0	NaN	.	.
lun_lcp3_PBMC_bulk_1_1_1_top45.clonotypes.IGHG	lun_lcp3_tum_bulk_1_2_2_top45.clonotypes.IGHG	45	45	0	0	13584	1425	0	0	1.0000000000000002	1.0	0.0	0.0	0.0	0.0	0.0	0.0	0.0	0.38546611867067165	0.2512268337132096	0.717753844556225	0.1579848540553756	0.0	NaN	.	.
lun_lcp3_PBMC_bulk_1_1_1_top45.clonotypes.IGHG	lun_lcp3_tum_bulk_1_3_1_top45.clonotypes.IGHG	45	45	0	0	13584	54	0	0	1.0000000000000002	0.9999999999999989	0.0	0.0	0.0	0.0	0.0	0.0	0.0	0.4301537080064682	0.29373097214019	0.6344250029141894	0.20474154867779687	0.0	NaN	.	.
lun_lcp3_PBMC_bulk_1_1_1_top45.clonotypes.IGHG	lun_lcp3_tum_bulk_1_3_2_top45.clonotypes.IGHG	45	45	0	0	13584	55	0	0	1.0000000000000002	1.0000000000000002	0.0	0.0	0.0	0.0	0.0	0.0	0.0	0.346388126842534	0.23729493466020368	0.5382609811994239	0.13766250880222497	0.0	NaN	.	.
lun_lcp3_PBMC_bulk_1_1_2_top45.clonotypes.IGHG	lun_lcp3_tum_bulk_1_1_1_top45.clonotypes.IGHG	45	45	1	1	9268	1016	157	10	1.0	0.999999999999999	0.016940008631851532	0.00984251968503937	0.0	0.0	4.9382716E-4	0.012912488854738096	0.012912488854738096	0.45991683800008193	0.25267032057952105	0.6819031456613921	0.3430190937760389	0.0112359551	0.868761803678875	.	.
lun_lcp3_PBMC_bulk_1_1_2_top45.clonotypes.IGHG	lun_lcp3_tum_bulk_1_1_2_top45.clonotypes.IGHG	45	45	2	2	9268	2190	555	37	1.0	0.999999999999999	0.05988347000431593	0.016894977168949773	0.0	0.0	9.8765432E-4	0.03180770124545951	0.029591195453091936	0.5270704432983735	0.2808760774171189	0.6712599546124228	0.38232832768153396	0.0227272727	0.3853672848110996	.	.
lun_lcp3_PBMC_bulk_1_1_2_top45.clonotypes.IGHG	lun_lcp3_tum_bulk_1_2_1_top45.clonotypes.IGHG	45	45	1	1	9268	2622	157	198	1.0	0.9999999999999994	0.016940008631851532	0.07551487414187644	0.0	0.0	4.9382716E-4	0.03576622177133851	0.03576622177133851	0.4107223707032057	0.2611250564418628	0.7941875432034051	0.12167272422556108	0.0112359551	0.4271579062195363	.	.
lun_lcp3_PBMC_bulk_1_1_2_top45.clonotypes.IGHG	lun_lcp3_tum_bulk_1_2_2_top45.clonotypes.IGHG	45	45	1	1	9268	1425	157	120	1.0	1.0	0.016940008631851532	0.08421052631578947	0.0	0.0	4.9382716E-4	0.03776939293505039	0.03776939293505039	0.464503709954938	0.2928188813514732	0.8035371733319923	0.1275817891394248	0.0112359551	0.3866777512951406	.	.
lun_lcp3_PBMC_bulk_1_1_2_top45.clonotypes.IGHG	lun_lcp3_tum_bulk_1_3_1_top45.clonotypes.IGHG	45	45	0	0	9268	54	0	0	1.0	0.9999999999999989	0.0	0.0	0.0	0.0	0.0	0.0	0.0	0.4463409485304235	0.28536767581671935	0.7531175929873921	0.16804551918380753	0.0	NaN	.	.
lun_lcp3_PBMC_bulk_1_1_2_top45.clonotypes.IGHG	lun_lcp3_tum_bulk_1_3_2_top45.clonotypes.IGHG	45	45	0	0	9268	55	0	0	1.0	1.0000000000000002	0.0	0.0	0.0	0.0	0.0	0.0	0.0	0.34855686696064686	0.22024202179328542	0.5426925322400706	0.17796070745810957	0.0	NaN	.	.
lun_lcp3_tum_bulk_1_1_1_top45.clonotypes.IGHG	lun_lcp3_tum_bulk_1_1_2_top45.clonotypes.IGHG	45	45	28	28	1016	2190	878	1949	0.999999999999999	0.999999999999999	0.8641732283464564	0.8899543378995434	0.9918673924649237	0.7963135415964108	0.0138271605	0.876969049205034	0.8676908367667129	0.12083798245200453	0.061340421813509675	0.15508686533278682	0.023489826391360474	0.4516129032	0.9889763149193241	.	.
lun_lcp3_tum_bulk_1_1_1_top45.clonotypes.IGHG	lun_lcp3_tum_bulk_1_2_1_top45.clonotypes.IGHG	45	45	10	10	1016	2622	584	793	0.999999999999999	0.9999999999999994	0.5748031496062991	0.30244088482074755	-0.14878945400408863	0.25309124168672215	0.0049382716	0.4169460074933943	0.2697096098789893	0.46472764100062186	0.24779160445438983	0.6820967246621165	0.2343003833612902	0.125	0.13263960751548598	.	.
lun_lcp3_tum_bulk_1_1_1_top45.clonotypes.IGHG	lun_lcp3_tum_bulk_1_2_2_top45.clonotypes.IGHG	45	45	9	9	1016	1425	576	484	0.999999999999999	1.0	0.5669291338582676	0.3396491228070175	-0.23525122940640955	0.10213598244722924	0.0044444444	0.438813152729841	0.2742413147891513	0.5233537717184824	0.2850965898210058	0.7105117957866706	0.22470004395265022	0.1111111111	0.1341920595826884	.	.
lun_lcp3_tum_bulk_1_1_1_top45.clonotypes.IGHG	lun_lcp3_tum_bulk_1_3_1_top45.clonotypes.IGHG	45	45	2	2	1016	54	466	6	0.999999999999999	0.9999999999999989	0.45866141732283466	0.1111111111111111	0.0	0.0	9.8765432E-4	0.22574848770819525	0.21966263518705129	0.3905129160221228	0.21645677003678476	0.581117078930705	0.21556372429383241	0.0227272727	0.37912564687043104	.	.
lun_lcp3_tum_bulk_1_1_1_top45.clonotypes.IGHG	lun_lcp3_tum_bulk_1_3_2_top45.clonotypes.IGHG	45	45	1	1	1016	55	401	4	0.999999999999999	1.0000000000000002	0.39468503937007876	0.07272727272727272	0.0	0.0	4.9382716E-4	0.1694236302870473	0.1694236302870473	0.4253362970421754	0.2261615175010319	0.6818984465551854	0.20768808266655675	0.0112359551	0.35643089295493474	.	.
lun_lcp3_tum_bulk_1_1_2_top45.clonotypes.IGHG	lun_lcp3_tum_bulk_1_2_1_top45.clonotypes.IGHG	45	45	8	8	2190	2622	1344	719	0.999999999999999	0.9999999999999994	0.6136986301369863	0.2742181540808543	-0.26242052040251274	-0.0	0.0039506173	0.41022835776932015	0.24292335593873404	0.4672935189361583	0.25284145153498494	0.6405726654706797	0.3267470389563265	0.0975609756	0.10574064046657473	.	.
lun_lcp3_tum_bulk_1_1_2_top45.clonotypes.IGHG	lun_lcp3_tum_bulk_1_2_2_top45.clonotypes.IGHG	45	45	8	8	2190	1425	1344	465	0.999999999999999	1.0	0.6136986301369863	0.32631578947368417	-0.3378445991800546	-0.2857142857142858	0.0039506173	0.44750369047871463	0.2565169518877278	0.5514706376933196	0.3015835572781742	0.6682299606128789	0.30346549193976596	0.0975609756	0.10687026808648063	.	.
lun_lcp3_tum_bulk_1_1_2_top45.clonotypes.IGHG	lun_lcp3_tum_bulk_1_3_1_top45.clonotypes.IGHG	45	45	2	2	2190	54	1181	6	0.999999999999999	0.9999999999999989	0.539269406392694	0.1111111111111111	0.0	0.0	9.8765432E-4	0.24478321619858162	0.24244200401126298	0.3741502545545282	0.21042464335351843	0.5468271627705117	0.2626472800172313	0.0227272727	0.3557534182948646	.	.
lun_lcp3_tum_bulk_1_1_2_top45.clonotypes.IGHG	lun_lcp3_tum_bulk_1_3_2_top45.clonotypes.IGHG	45	45	1	1	2190	55	932	4	0.999999999999999	1.0000000000000002	0.42557077625570777	0.07272727272727272	0.0	0.0	4.9382716E-4	0.17592783153755412	0.17592783153755412	0.4288873477579634	0.2302828403268858	0.6674096267603064	0.27054651873307756	0.0112359551	0.33208846332534264	.	.
lun_lcp3_tum_bulk_1_2_1_top45.clonotypes.IGHG	lun_lcp3_tum_bulk_1_2_2_top45.clonotypes.IGHG	45	45	37	37	2622	1425	2352	1279	0.9999999999999994	1.0	0.8970251716247138	0.897543859649123	0.9174490000849838	0.5541639470794184	0.0182716049	0.8972844781575476	0.8858658517102991	0.12095659768026759	0.06319365874340963	0.19265652291459795	0.018364853881564742	0.6981132075	0.9657448632605934	.	.
lun_lcp3_tum_bulk_1_2_1_top45.clonotypes.IGHG	lun_lcp3_tum_bulk_1_3_1_top45.clonotypes.IGHG	45	45	2	2	2622	54	74	6	0.9999999999999994	0.9999999999999989	0.02822273073989321	0.1111111111111111	0.0	0.0	9.8765432E-4	0.0559987407992291	0.05423899512934108	0.3988103586264462	0.22762644464152618	0.6246214497681364	0.13366557691037526	0.0227272727	0.4081700226588155	.	.
lun_lcp3_tum_bulk_1_2_1_top45.clonotypes.IGHG	lun_lcp3_tum_bulk_1_3_2_top45.clonotypes.IGHG	45	45	2	2	2622	55	76	5	0.9999999999999994	1.0000000000000002	0.028985507246376812	0.09090909090909091	0.0	0.0	9.8765432E-4	0.05133270023393454	0.046988114614503945	0.39228383595369964	0.21198800212173285	0.6434721225340237	0.10370401248974159	0.0227272727	0.38713885484973914	.	.
lun_lcp3_tum_bulk_1_2_2_top45.clonotypes.IGHG	lun_lcp3_tum_bulk_1_3_1_top45.clonotypes.IGHG	45	45	2	2	1425	54	42	6	1.0	0.9999999999999989	0.02947368421052632	0.1111111111111111	0.0	0.0	9.8765432E-4	0.05722633835193014	0.05441424102741391	0.383898209738147	0.22435697129508628	0.584438154018038	0.10950080696260703	0.0227272727	0.4043059601011782	.	.
lun_lcp3_tum_bulk_1_2_2_top45.clonotypes.IGHG	lun_lcp3_tum_bulk_1_3_2_top45.clonotypes.IGHG	45	45	2	2	1425	55	31	5	1.0	1.0000000000000002	0.02175438596491228	0.09090909090909091	0.0	0.0	9.8765432E-4	0.04447101810567936	0.04195657108202484	0.4114656996955757	0.22435304364409991	0.6601884731602885	0.1105012601833953	0.0227272727	0.3311406465206327	.	.
lun_lcp3_tum_bulk_1_3_1_top45.clonotypes.IGHG	lun_lcp3_tum_bulk_1_3_2_top45.clonotypes.IGHG	45	45	3	3	54	55	7	9	0.9999999999999989	1.0000000000000002	0.12962962962962962	0.16363636363636364	0.6546536707079772	0.5	0.0014814815	0.14564381625088382	0.14187846282082248	0.3722903987189269	0.19805703100379005	0.5695419136600062	0.11654472486392124	0.0344827586	0.9225533294167695	.	.
