1_sample_id	2_sample_id	div1	div2	div12	div21	count1	count2	count12	count21	freq1	freq2	freq12	freq21	R	Rs	D	F	F2	vJSD	vjJSD	vj2JSD	sJSD	Jaccard	MorisitaHorn	1_metadata_blank	2_metadata_blank
lun_lcp4_norm_bulk_1_1_1_top133.clonotypes.IGH	lun_lcp4_norm_bulk_1_1_2_top133.clonotypes.IGH	133	133	30	30	16888	14362	4357	3386	1.0000000000000002	0.9999999999999999	0.25799384178114637	0.23576103606740006	0.2776200670497529	0.3933660229609781	0.0016959692	0.2466270371174498	0.2272362103281922	0.1277206712813581	0.06936853226602664	0.31972374866388314	0.05377535591679285	0.1271186441	0.7018373883925266	.	.
lun_lcp4_norm_bulk_1_1_1_top133.clonotypes.IGH	lun_lcp4_norm_bulk_1_2_1_top133.clonotypes.IGH	133	133	16	16	16888	19215	2503	5641	1.0000000000000002	0.9999999999999998	0.14821174798673611	0.29357272963830344	0.4596599638541899	0.6029411764705882	9.045169E-4	0.20859273098775624	0.18050613263850854	0.1782768839069948	0.10792551057281824	0.3957244871989001	0.11955397263242878	0.064	0.29546803408658817	.	.
lun_lcp4_norm_bulk_1_1_1_top133.clonotypes.IGH	lun_lcp4_norm_bulk_1_2_2_top133.clonotypes.IGH	133	133	16	16	16888	13506	2580	2995	1.0000000000000002	0.9999999999999998	0.15277119848413073	0.22175329483192655	0.4491109798873706	0.488235294117647	9.045169E-4	0.1840584597873138	0.1668002600308397	0.19873721885278822	0.10376913250997316	0.411210057861994	0.0710352675490007	0.064	0.530257914014368	.	.
lun_lcp4_norm_bulk_1_1_1_top133.clonotypes.IGH	lun_lcp4_PBMC_bulk_1_1_1_top133.clonotypes.IGH	133	133	2	2	16888	36489	148	905	1.0000000000000002	0.9999999999999999	0.00876361913784936	0.024801995121817532	0.0	0.0	1.130646E-4	0.014742972532919086	0.013877458509113288	0.2093364597728085	0.11708762975015688	0.43619550203172025	0.2047985380384133	0.0075757576	0.5030182519012024	.	.
lun_lcp4_norm_bulk_1_1_1_top133.clonotypes.IGH	lun_lcp4_PBMC_bulk_1_1_2_top133.clonotypes.IGH	133	133	2	2	16888	45105	148	1293	1.0000000000000002	1.0000000000000002	0.00876361913784936	0.028666444961755903	0.0	0.0	1.130646E-4	0.0158499780971757	0.014703667983196212	0.2037940496389126	0.1105415918638278	0.457429633664419	0.2272702778365973	0.0075757576	0.41748174652981895	.	.
lun_lcp4_norm_bulk_1_1_1_top133.clonotypes.IGH	lun_lcp4_PBMC_notPCsort_1_1_1_top133.clonotypes.IGH	133	133	0	0	16888	25983	0	0	1.0000000000000002	1.0000000000000004	0.0	0.0	0.0	0.0	0.0	0.0	0.0	0.14666916997280613	0.08040344152675913	0.44864074794305703	0.08215835338421153	0.0	NaN	.	.
lun_lcp4_norm_bulk_1_1_1_top133.clonotypes.IGH	lun_lcp4_PBMC_PCsort_1_1_1_top133.clonotypes.IGH	133	133	2	2	16888	91863	148	1614	1.0000000000000002	1.0000000000000004	0.00876361913784936	0.017569641749126418	0.0	0.0	1.130646E-4	0.012408611875540366	0.011324360838445487	0.1886083660890058	0.09869480916624847	0.432032380715909	0.206450202441359	0.0075757576	0.5581726592172387	.	.
lun_lcp4_norm_bulk_1_1_1_top133.clonotypes.IGH	lun_lcp4_tum_bulk_1_1_1_top133.clonotypes.IGH	133	133	3	3	16888	20099	506	181	1.0000000000000002	0.9999999999999997	0.029962103268593086	0.009005423155380865	-0.8323806982812063	-1.0	1.695969E-4	0.01642624176611622	0.014693425991107125	0.12633642045935262	0.07183978668669531	0.41986462767840615	0.11465826460716615	0.0114068441	0.3227763465327269	.	.
lun_lcp4_norm_bulk_1_1_1_top133.clonotypes.IGH	lun_lcp4_tum_bulk_1_1_2_top133.clonotypes.IGH	133	133	4	4	16888	21326	616	459	1.0000000000000002	1.0000000000000004	0.0364756039791568	0.02152302353934165	-0.32279431510678297	-0.0	2.261292E-4	0.02801901645409945	0.022116786568301263	0.21563242200685007	0.11448351565144795	0.5265532903913064	0.14905162566958752	0.0152671756	0.4240908181104189	.	.
lun_lcp4_norm_bulk_1_1_1_top133.clonotypes.IGH	lun_lcp4_tum_bulk_1_2_1_top133.clonotypes.IGH	133	133	3	3	16888	18132	489	385	1.0000000000000002	0.9999999999999999	0.028955471340596874	0.021233178910213986	-0.9681232400067619	-0.5	1.695969E-4	0.024795497643815643	0.018520008919079782	0.12889144871623093	0.08051530437634033	0.4671890938261218	0.1130315511321454	0.0114068441	0.3800419375722012	.	.
lun_lcp4_norm_bulk_1_1_1_top133.clonotypes.IGH	lun_lcp4_tum_bulk_1_2_2_top133.clonotypes.IGH	133	133	3	3	16888	25478	513	543	1.0000000000000002	0.9999999999999999	0.03037659876835623	0.021312504906193578	0.9989315707737833	1.0	1.695969E-4	0.02544408399381015	0.024362507761297107	0.1578235342419871	0.09061972909784011	0.4903934332814904	0.07389977813188064	0.0114068441	0.9421170279101116	.	.
lun_lcp4_norm_bulk_1_1_1_top133.clonotypes.IGH	lun_lcp4_tum_notPCsort_1_1_1_top133.clonotypes.IGH	133	133	1	1	16888	4979	65	3	1.0000000000000002	0.999999999999998	0.003848886783514922	6.025306286402892E-4	0.0	0.0	5.65323E-5	0.0015228500166584189	0.0015228500166584189	0.4049357535734193	0.2331285922476311	0.6856852133277711	0.23037809896465983	0.0037735849	0.30560405288410625	.	.
lun_lcp4_norm_bulk_1_1_1_top133.clonotypes.IGH	lun_lcp4_tum_PCsort_1_1_1_top133.clonotypes.IGH	133	133	1	1	16888	45059	65	1106	1.0000000000000002	0.9999999999999989	0.003848886783514922	0.024545595774429083	0.0	0.0	5.65323E-5	0.009719733492730129	0.009719733492730129	0.16030629017711426	0.09711454479560205	0.46739680186666255	0.11042805186896171	0.0037735849	0.3060851720325394	.	.
lun_lcp4_norm_bulk_1_1_1_top133.clonotypes.IGH	lun_lcp4_tum_PCsort_1_2_1_top133.clonotypes.IGH	133	133	1	1	16888	30928	553	46	1.0000000000000002	0.9999999999999994	0.03274514448128849	0.001487325400931195	0.0	0.0	5.65323E-5	0.006978730912148878	0.006978730912148878	0.21400339062202892	0.13846483731651077	0.5001362612730011	0.13675631543590486	0.0037735849	0.09065547004623803	.	.
lun_lcp4_norm_bulk_1_1_2_top133.clonotypes.IGH	lun_lcp4_norm_bulk_1_2_1_top133.clonotypes.IGH	133	133	17	17	14362	19215	2633	5777	0.9999999999999999	0.9999999999999998	0.18333101239381702	0.3006505334374187	0.41931380072366237	0.2746781632160967	9.610492E-4	0.23477343689570826	0.20116784855562564	0.21975541142775776	0.1352661032884341	0.3750505968954334	0.0775522371408611	0.0682730924	0.33649608547824983	.	.
lun_lcp4_norm_bulk_1_1_2_top133.clonotypes.IGH	lun_lcp4_norm_bulk_1_2_2_top133.clonotypes.IGH	133	133	18	18	14362	13506	2522	3433	0.9999999999999999	0.9999999999999998	0.17560228380448406	0.2541833259292166	0.4177175137562	0.10635003998567791	0.0010175815	0.2112703778057633	0.19105574884045826	0.19091584027701639	0.10566364799871186	0.3350831533628949	0.0278137338559134	0.0725806452	0.5683492943925664	.	.
lun_lcp4_norm_bulk_1_1_2_top133.clonotypes.IGH	lun_lcp4_PBMC_bulk_1_1_1_top133.clonotypes.IGH	133	133	3	3	14362	36489	747	1467	0.9999999999999999	0.9999999999999999	0.05201225456064615	0.04020389706486887	-0.682710461314975	-0.5	1.695969E-4	0.045728495803688686	0.03395078721426365	0.22331305425135173	0.12479989141910028	0.4717294765745573	0.19136333067075656	0.0114068441	0.3343108266555753	.	.
lun_lcp4_norm_bulk_1_1_2_top133.clonotypes.IGH	lun_lcp4_PBMC_bulk_1_1_2_top133.clonotypes.IGH	133	133	4	4	14362	45105	811	2253	0.9999999999999999	1.0000000000000002	0.05646845843197326	0.04995011639507815	-0.41063204120570185	-0.2000000000000001	2.261292E-4	0.05310937837451778	0.04000147337622145	0.19555791715856505	0.10740517792630365	0.4688456937133119	0.20899010111384947	0.0152671756	0.33783934826948697	.	.
lun_lcp4_norm_bulk_1_1_2_top133.clonotypes.IGH	lun_lcp4_PBMC_notPCsort_1_1_1_top133.clonotypes.IGH	133	133	1	1	14362	25983	87	122	0.9999999999999999	1.0000000000000004	0.006057652137585295	0.004695377746988415	0.0	0.0	5.65323E-5	0.00533319463790839	0.00533319463790839	0.22158037921803028	0.11516995736421388	0.49448053692183636	0.1024218281913967	0.0037735849	0.9684076076677682	.	.
lun_lcp4_norm_bulk_1_1_2_top133.clonotypes.IGH	lun_lcp4_PBMC_PCsort_1_1_1_top133.clonotypes.IGH	133	133	1	1	14362	91863	87	1163	0.9999999999999999	1.0000000000000004	0.006057652137585295	0.012660156972883533	0.0	0.0	5.65323E-5	0.008757329898373894	0.008757329898373894	0.22472602313033466	0.11623802400024019	0.4892447480285955	0.16480732234125675	0.0037735849	0.7786869847292199	.	.
lun_lcp4_norm_bulk_1_1_2_top133.clonotypes.IGH	lun_lcp4_tum_bulk_1_1_1_top133.clonotypes.IGH	133	133	3	3	14362	20099	587	366	0.9999999999999999	0.9999999999999997	0.040871744882328365	0.018209861187123737	-0.6114662173748268	-1.0	1.695969E-4	0.027281290306412097	0.020112100421041234	0.17606173207878892	0.10440194632181991	0.44515389758581386	0.07463293837364758	0.0114068441	0.2557214745583802	.	.
lun_lcp4_norm_bulk_1_1_2_top133.clonotypes.IGH	lun_lcp4_tum_bulk_1_1_2_top133.clonotypes.IGH	133	133	4	4	14362	21326	681	483	0.9999999999999999	1.0000000000000004	0.04741679431834006	0.022648410391071933	-0.3724422144227206	-0.0	2.261292E-4	0.0327706426111972	0.024828315035830665	0.20432679948678878	0.11547693244352925	0.47098632014725816	0.08353103293990755	0.0152671756	0.3053985168752876	.	.
lun_lcp4_norm_bulk_1_1_2_top133.clonotypes.IGH	lun_lcp4_tum_bulk_1_2_1_top133.clonotypes.IGH	133	133	4	4	14362	18132	758	304	0.9999999999999999	0.9999999999999999	0.05277816460103049	0.016765938671961175	-0.5422718530316845	-0.737864787372622	2.261292E-4	0.02974685648803163	0.023257370889351918	0.18273456856577858	0.10416861423279852	0.44774872830439544	0.08945561547422647	0.0152671756	0.2506166227204228	.	.
lun_lcp4_norm_bulk_1_1_2_top133.clonotypes.IGH	lun_lcp4_tum_bulk_1_2_2_top133.clonotypes.IGH	133	133	1	1	14362	25478	100	43	0.9999999999999999	0.9999999999999999	0.006962818548948615	0.0016877305910982024	0.0	0.0	5.65323E-5	0.0034280259429191277	0.0034280259429191277	0.23627393594039522	0.1309521442430268	0.48688621710501984	0.07353229751655876	0.0037735849	0.45788145176673606	.	.
lun_lcp4_norm_bulk_1_1_2_top133.clonotypes.IGH	lun_lcp4_tum_notPCsort_1_1_1_top133.clonotypes.IGH	133	133	0	0	14362	4979	0	0	0.9999999999999999	0.999999999999998	0.0	0.0	0.0	0.0	0.0	0.0	0.0	0.41025427904387896	0.24867728874091863	0.6226154840730277	0.17397629919139526	0.0	NaN	.	.
lun_lcp4_norm_bulk_1_1_2_top133.clonotypes.IGH	lun_lcp4_tum_PCsort_1_1_1_top133.clonotypes.IGH	133	133	0	0	14362	45059	0	0	0.9999999999999999	0.9999999999999989	0.0	0.0	0.0	0.0	0.0	0.0	0.0	0.20662642917958998	0.12104351318691223	0.4646216274642908	0.07376838431882046	0.0	NaN	.	.
lun_lcp4_norm_bulk_1_1_2_top133.clonotypes.IGH	lun_lcp4_tum_PCsort_1_2_1_top133.clonotypes.IGH	133	133	1	1	14362	30928	56	46	0.9999999999999999	0.9999999999999994	0.003899178387411224	0.001487325400931195	0.0	0.0	5.65323E-5	0.0024081833523132428	0.0024081833523132428	0.24908719219020972	0.15114398125965797	0.5213969966262222	0.06683701073538803	0.0037735849	0.6659895863832925	.	.
lun_lcp4_norm_bulk_1_2_1_top133.clonotypes.IGH	lun_lcp4_norm_bulk_1_2_2_top133.clonotypes.IGH	133	133	20	20	19215	13506	6988	4159	0.9999999999999998	0.9999999999999998	0.36367421285454077	0.3079372130904783	0.8785000010691985	0.7987965965423881	0.0011306462	0.33464731222482674	0.3214817536749912	0.13406684309224076	0.0790466331069395	0.2943308854155131	0.05688174662401883	0.081300813	0.8369328915956441	.	.
lun_lcp4_norm_bulk_1_2_1_top133.clonotypes.IGH	lun_lcp4_PBMC_bulk_1_1_1_top133.clonotypes.IGH	133	133	4	4	19215	36489	496	3307	0.9999999999999998	0.9999999999999999	0.025813166796773354	0.09063005289265257	0.7531950586812737	0.8	2.261292E-4	0.048367847503464866	0.046192956994168415	0.2658154820963057	0.1479798852896047	0.49298087609955366	0.16556250074896187	0.0152671756	0.4346669474399954	.	.
lun_lcp4_norm_bulk_1_2_1_top133.clonotypes.IGH	lun_lcp4_PBMC_bulk_1_1_2_top133.clonotypes.IGH	133	133	5	5	19215	45105	673	4474	0.9999999999999998	1.0000000000000002	0.03502472027062191	0.09919077707571222	0.6578463213751702	0.5	2.826615E-4	0.0589417442947054	0.05599571110282924	0.2505001893791949	0.14648060212942648	0.49808380392003054	0.18843640448584897	0.0191570881	0.4877983219888827	.	.
lun_lcp4_norm_bulk_1_2_1_top133.clonotypes.IGH	lun_lcp4_PBMC_notPCsort_1_1_1_top133.clonotypes.IGH	133	133	2	2	19215	25983	293	162	0.9999999999999998	1.0000000000000004	0.015248503773093938	0.006234845860755109	0.0	0.0	1.130646E-4	0.009750490789308166	0.00972926482673474	0.23552730934701496	0.14368274309587006	0.5273351132334572	0.13425704983795309	0.0075757576	0.7212383730487206	.	.
lun_lcp4_norm_bulk_1_2_1_top133.clonotypes.IGH	lun_lcp4_PBMC_PCsort_1_1_1_top133.clonotypes.IGH	133	133	2	2	19215	91863	324	6266	0.9999999999999998	1.0000000000000004	0.01686182669789227	0.06821026964066054	0.0	0.0	1.130646E-4	0.03391385772361087	0.033432969911482535	0.25708670609241396	0.14655303576641576	0.4950212170026412	0.16844316098681697	0.0075757576	0.4660550048392022	.	.
lun_lcp4_norm_bulk_1_2_1_top133.clonotypes.IGH	lun_lcp4_tum_bulk_1_1_1_top133.clonotypes.IGH	133	133	5	5	19215	20099	1112	298	0.9999999999999998	0.9999999999999997	0.05787145459276607	0.014826608288969602	-0.16913205965726363	-0.30000000000000004	2.826615E-4	0.029292275233580495	0.025902299372904062	0.2511506130666046	0.17022620310089784	0.519191990259851	0.075686735938958	0.0191570881	0.28944912360152325	.	.
lun_lcp4_norm_bulk_1_2_1_top133.clonotypes.IGH	lun_lcp4_tum_bulk_1_1_2_top133.clonotypes.IGH	133	133	3	3	19215	21326	767	492	0.9999999999999998	1.0000000000000004	0.03991673172001041	0.023070430460470786	-0.9167116104214228	-1.0	1.695969E-4	0.030346271325416053	0.021741996482134623	0.2594694527337428	0.17377840860486043	0.5478749473546495	0.07588203014598678	0.0114068441	0.28775243787436827	.	.
lun_lcp4_norm_bulk_1_2_1_top133.clonotypes.IGH	lun_lcp4_tum_bulk_1_2_1_top133.clonotypes.IGH	133	133	5	5	19215	18132	1023	1000	0.9999999999999998	0.9999999999999999	0.053239656518345044	0.055151114052503857	-0.23929858213487812	-0.0	2.826615E-4	0.05418695755215804	0.04268444913059863	0.2416921067451273	0.13925685640522256	0.5555688565511901	0.10352805738705227	0.0191570881	0.5007221544338808	.	.
lun_lcp4_norm_bulk_1_2_1_top133.clonotypes.IGH	lun_lcp4_tum_bulk_1_2_2_top133.clonotypes.IGH	133	133	3	3	19215	25478	351	221	0.9999999999999998	0.9999999999999999	0.01826697892271663	0.008674150247272156	-0.16122770303875922	0.5	1.695969E-4	0.012587713046435309	0.011768871500672812	0.26789562815396206	0.16727134576128141	0.5344159214446008	0.07588619022707291	0.0114068441	0.615525057670186	.	.
lun_lcp4_norm_bulk_1_2_1_top133.clonotypes.IGH	lun_lcp4_tum_notPCsort_1_1_1_top133.clonotypes.IGH	133	133	0	0	19215	4979	0	0	0.9999999999999998	0.999999999999998	0.0	0.0	0.0	0.0	0.0	0.0	0.0	0.4261407782173199	0.292706818538256	0.6581987557713839	0.2242087997088167	0.0	NaN	.	.
lun_lcp4_norm_bulk_1_2_1_top133.clonotypes.IGH	lun_lcp4_tum_PCsort_1_1_1_top133.clonotypes.IGH	133	133	2	2	19215	45059	336	1033	0.9999999999999998	0.9999999999999989	0.017486338797814208	0.022925497680818484	0.0	0.0	1.130646E-4	0.02002206331913112	0.01899331166973181	0.2799533097164215	0.18232816289241224	0.5547150666815459	0.07479459147650284	0.0075757576	0.8802045478017051	.	.
lun_lcp4_norm_bulk_1_2_1_top133.clonotypes.IGH	lun_lcp4_tum_PCsort_1_2_1_top133.clonotypes.IGH	133	133	1	1	19215	30928	105	261	0.9999999999999998	0.9999999999999994	0.00546448087431694	0.008438954992240042	0.0	0.0	5.65323E-5	0.0067907663893199246	0.0067907663893199246	0.32443460309672834	0.20805307454193664	0.65293623429555	0.04752212874928873	0.0037735849	0.9124673373490793	.	.
lun_lcp4_norm_bulk_1_2_2_top133.clonotypes.IGH	lun_lcp4_PBMC_bulk_1_1_1_top133.clonotypes.IGH	133	133	3	3	13506	36489	327	911	0.9999999999999998	0.9999999999999999	0.024211461572634384	0.024966428238647264	-0.03535803898581093	-0.5	1.695969E-4	0.024586047220038078	0.023178365157468378	0.29044608759863555	0.16457544444663022	0.5354226051021264	0.21467178009735607	0.0114068441	0.82982836961162	.	.
lun_lcp4_norm_bulk_1_2_2_top133.clonotypes.IGH	lun_lcp4_PBMC_bulk_1_1_2_top133.clonotypes.IGH	133	133	4	4	13506	45105	389	1030	0.9999999999999998	1.0000000000000002	0.028802013919739373	0.02283560580866866	0.9860058128421934	1.0	2.261292E-4	0.025645885369137797	0.025572258932023095	0.25026625343920683	0.1434465092338486	0.5463045448616148	0.2487173826297346	0.0152671756	0.9554117574821335	.	.
lun_lcp4_norm_bulk_1_2_2_top133.clonotypes.IGH	lun_lcp4_PBMC_notPCsort_1_1_1_top133.clonotypes.IGH	133	133	1	1	13506	25983	62	303	0.9999999999999998	1.0000000000000004	0.00459055234710499	0.011661470961782704	0.0	0.0	5.65323E-5	0.007316597084321938	0.007316597084321938	0.2598503866809735	0.13739303606806266	0.5858257401771313	0.13335321837036915	0.0037735849	0.6816699928565555	.	.
lun_lcp4_norm_bulk_1_2_2_top133.clonotypes.IGH	lun_lcp4_PBMC_PCsort_1_1_1_top133.clonotypes.IGH	133	133	5	5	13506	91863	472	2073	0.9999999999999998	1.0000000000000004	0.034947430771508955	0.022566212729825938	0.6006717342527151	0.6	2.826615E-4	0.028082577466299923	0.027543340915998277	0.2274295906550536	0.12366837857019676	0.48537507817920134	0.19175618686518495	0.0191570881	0.821871487742747	.	.
lun_lcp4_norm_bulk_1_2_2_top133.clonotypes.IGH	lun_lcp4_tum_bulk_1_1_1_top133.clonotypes.IGH	133	133	2	2	13506	20099	392	66	0.9999999999999998	0.9999999999999997	0.029024137420405747	0.0032837454599731327	0.0	0.0	1.130646E-4	0.009762575453428962	0.009689152224148538	0.2266894449654449	0.13031188886164116	0.5316692455632935	0.06765287565150004	0.0075757576	0.20331988492745393	.	.
lun_lcp4_norm_bulk_1_2_2_top133.clonotypes.IGH	lun_lcp4_tum_bulk_1_1_2_top133.clonotypes.IGH	133	133	4	4	13506	21326	554	228	0.9999999999999998	1.0000000000000004	0.04101880645638976	0.010691175091437681	0.0635921558732942	0.7378647873726218	2.261292E-4	0.020941328560219317	0.018543113345464487	0.25133906634635567	0.13968779244338794	0.5575328154066569	0.061454755609246556	0.0152671756	0.3348974399178344	.	.
lun_lcp4_norm_bulk_1_2_2_top133.clonotypes.IGH	lun_lcp4_tum_bulk_1_2_1_top133.clonotypes.IGH	133	133	2	2	13506	18132	344	406	0.9999999999999998	0.9999999999999999	0.02547016140974382	0.022391352305316567	0.0	0.0	1.130646E-4	0.02388119254557553	0.013791430434158921	0.21873803327291733	0.11792297397488329	0.5646900106143711	0.08861367566888538	0.0075757576	0.21017464128209928	.	.
lun_lcp4_norm_bulk_1_2_2_top133.clonotypes.IGH	lun_lcp4_tum_bulk_1_2_2_top133.clonotypes.IGH	133	133	2	2	13506	25478	114	736	0.9999999999999998	0.9999999999999999	0.008440693025322079	0.028887667791820396	0.0	0.0	1.130646E-4	0.015615118829142469	0.015136256826837075	0.2502182989831932	0.13234158523146697	0.5326700097430643	0.07529110441608035	0.0075757576	0.43934585560712175	.	.
lun_lcp4_norm_bulk_1_2_2_top133.clonotypes.IGH	lun_lcp4_tum_notPCsort_1_1_1_top133.clonotypes.IGH	133	133	0	0	13506	4979	0	0	0.9999999999999998	0.999999999999998	0.0	0.0	0.0	0.0	0.0	0.0	0.0	0.428083742909633	0.2492170111623423	0.6934420289000702	0.18284202499531155	0.0	NaN	.	.
lun_lcp4_norm_bulk_1_2_2_top133.clonotypes.IGH	lun_lcp4_tum_PCsort_1_1_1_top133.clonotypes.IGH	133	133	0	0	13506	45059	0	0	0.9999999999999998	0.9999999999999989	0.0	0.0	0.0	0.0	0.0	0.0	0.0	0.22465710151981608	0.1275566839836598	0.541679637649767	0.05553439919395898	0.0	NaN	.	.
lun_lcp4_norm_bulk_1_2_2_top133.clonotypes.IGH	lun_lcp4_tum_PCsort_1_2_1_top133.clonotypes.IGH	133	133	1	1	13506	30928	65	605	0.9999999999999998	0.9999999999999994	0.004812675847771361	0.019561562338334195	0.0	0.0	5.65323E-5	0.009702755207175683	0.009702755207175683	0.26405778218568166	0.1545434282362774	0.6199488993202303	0.07399365164291748	0.0037735849	0.4639705008895537	.	.
lun_lcp4_PBMC_bulk_1_1_1_top133.clonotypes.IGH	lun_lcp4_PBMC_bulk_1_1_2_top133.clonotypes.IGH	133	133	37	37	36489	45105	21762	26321	0.9999999999999999	1.0000000000000002	0.5963989147414291	0.583549495621328	0.951040112384687	0.7290295821689822	0.0020916954	0.5899392221970567	0.5790534015148247	0.050082653619571586	0.03125906979584623	0.15585112930736642	0.010154782758015703	0.1615720524	0.9642304708666269	.	.
lun_lcp4_PBMC_bulk_1_1_1_top133.clonotypes.IGH	lun_lcp4_PBMC_notPCsort_1_1_1_top133.clonotypes.IGH	133	133	14	14	36489	25983	14118	4164	0.9999999999999999	1.0000000000000004	0.38691112390035354	0.1602586306431128	0.6762455857100906	0.27722789052875124	7.914523E-4	0.24900973253441	0.2223627960253388	0.1828838226596442	0.11368311881263808	0.39869145370162745	0.09943730112315785	0.0555555556	0.5311643120113466	.	.
lun_lcp4_PBMC_bulk_1_1_1_top133.clonotypes.IGH	lun_lcp4_PBMC_PCsort_1_1_1_top133.clonotypes.IGH	133	133	25	25	36489	91863	18932	37554	0.9999999999999999	1.0000000000000004	0.5188412946367399	0.408804415270566	0.929537025340201	0.6176923076923079	0.0014133077	0.46054816476911065	0.448317492223169	0.1039305531604771	0.05892767830622504	0.22100751777277478	0.030381187870528417	0.1037344398	0.8884160576410589	.	.
lun_lcp4_PBMC_bulk_1_1_1_top133.clonotypes.IGH	lun_lcp4_tum_bulk_1_1_1_top133.clonotypes.IGH	133	133	1	1	36489	20099	307	48	0.9999999999999999	0.9999999999999997	0.008413494477787827	0.0023881785163440967	0.0	0.0	5.65323E-5	0.00448251344216976	0.00448251344216976	0.2631897553741752	0.16179451220722524	0.4931831736499319	0.15419258452047335	0.0037735849	0.5253719870101305	.	.
lun_lcp4_PBMC_bulk_1_1_1_top133.clonotypes.IGH	lun_lcp4_tum_bulk_1_1_2_top133.clonotypes.IGH	133	133	2	2	36489	21326	614	185	0.9999999999999999	1.0000000000000004	0.016826988955575654	0.008674856982087592	0.0	0.0	1.130646E-4	0.01208187579098487	0.01208161250248031	0.2753517696606565	0.16905346570697377	0.5423034149407542	0.21247563072924344	0.0075757576	0.8167347225155428	.	.
lun_lcp4_PBMC_bulk_1_1_1_top133.clonotypes.IGH	lun_lcp4_tum_bulk_1_2_1_top133.clonotypes.IGH	133	133	5	5	36489	18132	6117	604	0.9999999999999999	0.9999999999999999	0.16763956260790924	0.03331127288771233	0.01425762408680665	0.09999999999999983	2.826615E-4	0.07472808853977733	0.06200960519788265	0.22722382883316086	0.1376342809024738	0.4544131758209392	0.21796436493750057	0.0191570881	0.1546901592393949	.	.
lun_lcp4_PBMC_bulk_1_1_1_top133.clonotypes.IGH	lun_lcp4_tum_bulk_1_2_2_top133.clonotypes.IGH	133	133	3	3	36489	25478	5582	498	0.9999999999999999	0.9999999999999999	0.15297760969059168	0.019546275217834995	0.9012263793612704	0.5	1.695969E-4	0.054682195102051696	0.050723648129533595	0.2776551356189618	0.17717233280646852	0.5094225081056408	0.1699119977403089	0.0114068441	0.17126652237700715	.	.
lun_lcp4_PBMC_bulk_1_1_1_top133.clonotypes.IGH	lun_lcp4_tum_notPCsort_1_1_1_top133.clonotypes.IGH	133	133	0	0	36489	4979	0	0	0.9999999999999999	0.999999999999998	0.0	0.0	0.0	0.0	0.0	0.0	0.0	0.4606115499755261	0.30185123435267397	0.6905347911903381	0.20712845828049928	0.0	NaN	.	.
lun_lcp4_PBMC_bulk_1_1_1_top133.clonotypes.IGH	lun_lcp4_tum_PCsort_1_1_1_top133.clonotypes.IGH	133	133	3	3	36489	45059	803	2085	0.9999999999999999	0.9999999999999989	0.022006632135712134	0.046272664728467125	0.26013335293957995	0.5	1.695969E-4	0.03191089955827817	0.029511028994067143	0.3085884359374323	0.19644996600626785	0.5138189815141314	0.20461085073791546	0.0114068441	0.5088378092235422	.	.
lun_lcp4_PBMC_bulk_1_1_1_top133.clonotypes.IGH	lun_lcp4_tum_PCsort_1_2_1_top133.clonotypes.IGH	133	133	3	3	36489	30928	6052	1122	0.9999999999999999	0.9999999999999994	0.16585820384225383	0.036277806518365235	-0.6141393347920813	-0.5	1.695969E-4	0.07756914224401909	0.06635159296023894	0.31315060898466474	0.20042794478894174	0.5470951711579181	0.16426709450182816	0.0114068441	0.2124716361223771	.	.
lun_lcp4_PBMC_bulk_1_1_2_top133.clonotypes.IGH	lun_lcp4_PBMC_notPCsort_1_1_1_top133.clonotypes.IGH	133	133	14	14	45105	25983	17120	3962	1.0000000000000002	1.0000000000000004	0.3795588072275802	0.152484316668591	0.5230610473812772	0.17841409691629964	7.914523E-4	0.24057590352244967	0.2105798596781217	0.19459797434008805	0.11926328448146908	0.399505899051653	0.12311341883265055	0.0555555556	0.4796975053499733	.	.
lun_lcp4_PBMC_bulk_1_1_2_top133.clonotypes.IGH	lun_lcp4_PBMC_PCsort_1_1_1_top133.clonotypes.IGH	133	133	27	27	45105	91863	23359	37629	1.0000000000000002	1.0000000000000004	0.5178805010530984	0.4096208484373469	0.8438435660354867	0.7246642246642248	0.0015263723	0.46058077492501626	0.4465484927658835	0.11127474093644198	0.057883012482978	0.23504419120940756	0.04221648524407812	0.1129707113	0.8566996918231989	.	.
lun_lcp4_PBMC_bulk_1_1_2_top133.clonotypes.IGH	lun_lcp4_tum_bulk_1_1_1_top133.clonotypes.IGH	133	133	1	1	45105	20099	931	48	1.0000000000000002	0.9999999999999997	0.020640727192107307	0.0023881785163440967	0.0	0.0	5.65323E-5	0.007020950166602102	0.007020950166602102	0.2752274680462206	0.15608175023285958	0.5092872736885564	0.17681015939951453	0.0037735849	0.2283476024193535	.	.
lun_lcp4_PBMC_bulk_1_1_2_top133.clonotypes.IGH	lun_lcp4_tum_bulk_1_1_2_top133.clonotypes.IGH	133	133	1	1	45105	21326	312	151	1.0000000000000002	1.0000000000000004	0.00691719321582973	0.007080558942136359	0.0	0.0	5.65323E-5	0.006998399408352467	0.006998399408352467	0.2935699229049103	0.17167054654018055	0.576066875852489	0.2515172204607847	0.0037735849	0.9997276194193139	.	.
lun_lcp4_PBMC_bulk_1_1_2_top133.clonotypes.IGH	lun_lcp4_tum_bulk_1_2_1_top133.clonotypes.IGH	133	133	3	3	45105	18132	5858	371	1.0000000000000002	0.9999999999999999	0.12987473672541847	0.020461063313478932	-0.14498329499790633	-0.5	1.695969E-4	0.05154973531416233	0.047984689574835725	0.2613841713056279	0.1627764035692559	0.5226088309277752	0.2377325975092703	0.0114068441	0.21300950706506502	.	.
lun_lcp4_PBMC_bulk_1_1_2_top133.clonotypes.IGH	lun_lcp4_tum_bulk_1_2_2_top133.clonotypes.IGH	133	133	5	5	45105	25478	7413	804	1.0000000000000002	0.9999999999999999	0.16434985034918523	0.03155663709867337	0.3729694173186498	0.30000000000000004	2.826615E-4	0.07201616891150565	0.06075986362484987	0.28482223451717875	0.17407476567046473	0.49740131502276713	0.1755806575419501	0.0191570881	0.16269078834501643	.	.
lun_lcp4_PBMC_bulk_1_1_2_top133.clonotypes.IGH	lun_lcp4_tum_notPCsort_1_1_1_top133.clonotypes.IGH	133	133	0	0	45105	4979	0	0	1.0000000000000002	0.999999999999998	0.0	0.0	0.0	0.0	0.0	0.0	0.0	0.46480733852704653	0.2898564858342053	0.6885422243995313	0.20840202941638308	0.0	NaN	.	.
lun_lcp4_PBMC_bulk_1_1_2_top133.clonotypes.IGH	lun_lcp4_tum_PCsort_1_1_1_top133.clonotypes.IGH	133	133	4	4	45105	45059	1341	1271	1.0000000000000002	0.9999999999999989	0.02973062853342201	0.028207461328480437	-0.30777226788603446	-0.0	2.261292E-4	0.028959032349647293	0.026489528249575133	0.32179066215304136	0.20441217478515414	0.5644344513059155	0.2416278798165127	0.0152671756	0.6809891827856223	.	.
lun_lcp4_PBMC_bulk_1_1_2_top133.clonotypes.IGH	lun_lcp4_tum_PCsort_1_2_1_top133.clonotypes.IGH	133	133	3	3	45105	30928	5759	1122	1.0000000000000002	0.9999999999999994	0.12767985810885712	0.036277806518365235	-0.48469980812695146	-0.5	1.695969E-4	0.06805839543190426	0.06171511164034738	0.2953157870768826	0.20054999180373934	0.5606717211682589	0.17118049499935292	0.0114068441	0.3278188122928169	.	.
lun_lcp4_PBMC_notPCsort_1_1_1_top133.clonotypes.IGH	lun_lcp4_PBMC_PCsort_1_1_1_top133.clonotypes.IGH	133	133	10	10	25983	91863	3237	21039	1.0000000000000004	1.0000000000000004	0.12458145710656969	0.22902583194539697	0.8455600259660667	0.34545454545454546	5.653231E-4	0.16891528012232024	0.15916174692749263	0.18768403424886973	0.10645878098521043	0.4041537206277809	0.10610228164098282	0.0390625	0.7692580745229013	.	.
lun_lcp4_PBMC_notPCsort_1_1_1_top133.clonotypes.IGH	lun_lcp4_tum_bulk_1_1_1_top133.clonotypes.IGH	133	133	1	1	25983	20099	118	268	1.0000000000000004	0.9999999999999997	0.004541430935611746	0.01333399671625454	0.0	0.0	5.65323E-5	0.007781736643098622	0.007781736643098622	0.21899456395534436	0.13049016340536784	0.47788033772260124	0.10600265050497369	0.0037735849	0.6103760290511377	.	.
lun_lcp4_PBMC_notPCsort_1_1_1_top133.clonotypes.IGH	lun_lcp4_tum_bulk_1_1_2_top133.clonotypes.IGH	133	133	2	2	25983	21326	1322	861	1.0000000000000004	1.0000000000000004	0.050879421159989224	0.04037325330582388	0.0	0.0	1.130646E-4	0.04532292751517647	0.035838194465785136	0.2521877301925956	0.13661706942980403	0.5388223998987195	0.18348200288114402	0.0075757576	0.4519349225901018	.	.
lun_lcp4_PBMC_notPCsort_1_1_1_top133.clonotypes.IGH	lun_lcp4_tum_bulk_1_2_1_top133.clonotypes.IGH	133	133	3	3	25983	18132	1832	483	1.0000000000000004	0.9999999999999999	0.07050763961051457	0.026637988087359364	-0.13424814526371992	0.5	1.695969E-4	0.04333799330855911	0.03763799222061574	0.1240121458466031	0.06862488066135436	0.41904376106552094	0.1027966886963058	0.0114068441	0.35558465073030937	.	.
lun_lcp4_PBMC_notPCsort_1_1_1_top133.clonotypes.IGH	lun_lcp4_tum_bulk_1_2_2_top133.clonotypes.IGH	133	133	2	2	25983	25478	714	260	1.0000000000000004	0.9999999999999999	0.02747950583073548	0.010204882643849597	0.0	0.0	1.130646E-4	0.01674589896403404	0.015805531935941263	0.14654969597205483	0.08128528414564647	0.4479227297130298	0.08634094198647936	0.0075757576	0.6356527701113884	.	.
lun_lcp4_PBMC_notPCsort_1_1_1_top133.clonotypes.IGH	lun_lcp4_tum_notPCsort_1_1_1_top133.clonotypes.IGH	133	133	0	0	25983	4979	0	0	1.0000000000000004	0.999999999999998	0.0	0.0	0.0	0.0	0.0	0.0	0.0	0.38834429479736937	0.23287503329635797	0.6667176642479923	0.2414044662416349	0.0	NaN	.	.
lun_lcp4_PBMC_notPCsort_1_1_1_top133.clonotypes.IGH	lun_lcp4_tum_PCsort_1_1_1_top133.clonotypes.IGH	133	133	2	2	25983	45059	511	708	1.0000000000000004	0.9999999999999989	0.01966670515336951	0.015712732195565814	0.0	0.0	1.130646E-4	0.01757889846503612	0.01757546793998613	0.2446363746095025	0.1275179001607939	0.535125441164085	0.1282570342136534	0.0075757576	0.9723606214458134	.	.
lun_lcp4_PBMC_notPCsort_1_1_1_top133.clonotypes.IGH	lun_lcp4_tum_PCsort_1_2_1_top133.clonotypes.IGH	133	133	3	3	25983	30928	2003	1442	1.0000000000000004	0.9999999999999994	0.07708886579686719	0.04662441800310398	-0.998595967833699	-0.5	1.695969E-4	0.05995184319350258	0.05223180873012548	0.18000225315091728	0.11152754244695225	0.5437121702311091	0.11528645154151891	0.0114068441	0.48848819967539414	.	.
lun_lcp4_PBMC_PCsort_1_1_1_top133.clonotypes.IGH	lun_lcp4_tum_bulk_1_1_1_top133.clonotypes.IGH	133	133	2	2	91863	20099	2364	117	1.0000000000000004	0.9999999999999997	0.02573397341693609	0.005821185133588736	0.0	0.0	1.130646E-4	0.012239371858181126	0.010882527250874793	0.23217033139845683	0.1297164145795692	0.5334669177936581	0.14845849761447252	0.0075757576	0.25745838123257786	.	.
lun_lcp4_PBMC_PCsort_1_1_1_top133.clonotypes.IGH	lun_lcp4_tum_bulk_1_1_2_top133.clonotypes.IGH	133	133	1	1	91863	21326	442	151	1.0000000000000004	1.0000000000000004	0.004811512796229167	0.007080558942136359	0.0	0.0	5.65323E-5	0.005836797062991307	0.005836797062991307	0.2902149650398595	0.16296518222432965	0.5801181343327138	0.19073133118025615	0.0037735849	0.9297458893729434	.	.
lun_lcp4_PBMC_PCsort_1_1_1_top133.clonotypes.IGH	lun_lcp4_tum_bulk_1_2_1_top133.clonotypes.IGH	133	133	6	6	91863	18132	12750	611	1.0000000000000004	0.9999999999999999	0.13879363835276445	0.03369733068607986	0.1316787227971017	-0.08571428571428616	3.391938E-4	0.0683884137021563	0.0585201185168011	0.20050558699652798	0.11998302099011647	0.47345005982621696	0.2019865458981183	0.0230769231	0.21008714730659545	.	.
lun_lcp4_PBMC_PCsort_1_1_1_top133.clonotypes.IGH	lun_lcp4_tum_bulk_1_2_2_top133.clonotypes.IGH	133	133	4	4	91863	25478	8758	535	1.0000000000000004	0.9999999999999999	0.09533762232890282	0.020998508517152053	0.7300949832479622	0.39999999999999997	2.261292E-4	0.04474313214872749	0.04214857566361526	0.24994766234722957	0.1443267852605508	0.4790880903443061	0.175687512449069	0.0152671756	0.3267549214689943	.	.
lun_lcp4_PBMC_PCsort_1_1_1_top133.clonotypes.IGH	lun_lcp4_tum_notPCsort_1_1_1_top133.clonotypes.IGH	133	133	0	0	91863	4979	0	0	1.0000000000000004	0.999999999999998	0.0	0.0	0.0	0.0	0.0	0.0	0.0	0.4791707257013818	0.28648829142374277	0.7300928824428837	0.17008310858244738	0.0	NaN	.	.
lun_lcp4_PBMC_PCsort_1_1_1_top133.clonotypes.IGH	lun_lcp4_tum_PCsort_1_1_1_top133.clonotypes.IGH	133	133	3	3	91863	45059	1727	1193	1.0000000000000004	0.9999999999999989	0.018799734387076408	0.026476397612019795	0.21244322971421215	-0.5	1.695969E-4	0.02231029454383326	0.021903009228005834	0.30195769890434626	0.18146301096151152	0.5781009631775771	0.20515819656678877	0.0114068441	0.8675753083497394	.	.
lun_lcp4_PBMC_PCsort_1_1_1_top133.clonotypes.IGH	lun_lcp4_tum_PCsort_1_2_1_top133.clonotypes.IGH	133	133	3	3	91863	30928	11679	1122	1.0000000000000004	0.9999999999999994	0.12713497273113222	0.036277806518365235	-0.7038694024208619	-0.5	1.695969E-4	0.06791301747424904	0.05735398132248906	0.2743288531303875	0.17224635031019614	0.5544005446227189	0.16236345701082372	0.0114068441	0.2729690978907774	.	.
lun_lcp4_tum_bulk_1_1_1_top133.clonotypes.IGH	lun_lcp4_tum_bulk_1_1_2_top133.clonotypes.IGH	133	133	27	27	20099	21326	6653	10207	0.9999999999999997	1.0000000000000004	0.33101149310911	0.47861764981712457	0.6994789474817699	0.1932824517584035	0.0015263723	0.3980300778764584	0.3306584962823753	0.13055198534802576	0.07171564874251361	0.3286551139099054	0.05574389563378603	0.1129707113	0.7323498060487231	.	.
lun_lcp4_tum_bulk_1_1_1_top133.clonotypes.IGH	lun_lcp4_tum_bulk_1_2_1_top133.clonotypes.IGH	133	133	14	14	20099	18132	3865	3186	0.9999999999999997	0.9999999999999999	0.19229812428479026	0.17571144937127728	0.07549416623242508	0.026431718061673444	7.914523E-4	0.1838177960085979	0.12915707581561328	0.1492542707625809	0.11179533374470653	0.4433286632051743	0.07933699199866717	0.0555555556	0.3043064707125646	.	.
lun_lcp4_tum_bulk_1_1_1_top133.clonotypes.IGH	lun_lcp4_tum_bulk_1_2_2_top133.clonotypes.IGH	133	133	12	12	20099	25478	4587	4429	0.9999999999999997	0.9999999999999999	0.22822030946813274	0.1738362508831148	-0.11295522736882734	-0.21015794050150402	6.783877E-4	0.1991807294226136	0.1331982988403949	0.1544700467061176	0.09308426337703903	0.4130442133686305	0.06239063185324384	0.0472440945	0.25528602646979	.	.
lun_lcp4_tum_bulk_1_1_1_top133.clonotypes.IGH	lun_lcp4_tum_notPCsort_1_1_1_top133.clonotypes.IGH	133	133	6	6	20099	4979	3694	2309	0.9999999999999997	0.999999999999998	0.18379023832031446	0.46374774051014256	0.4683391791632585	0.6000000000000001	3.391938E-4	0.2919457274029994	0.2514676732702995	0.3336238808333629	0.18004867287121148	0.46194917624721427	0.11695455920959515	0.0230769231	0.5925134172746715	.	.
lun_lcp4_tum_bulk_1_1_1_top133.clonotypes.IGH	lun_lcp4_tum_PCsort_1_1_1_top133.clonotypes.IGH	133	133	15	15	20099	45059	5155	12709	0.9999999999999997	0.9999999999999989	0.2564804219115379	0.2820524201602344	0.9326553938204775	0.27142857142857146	8.479846E-4	0.26896268091292386	0.2476863543530063	0.07813023115593598	0.06757925368442655	0.35435043817301254	0.08020264366586219	0.0597609562	0.9426298888545133	.	.
lun_lcp4_tum_bulk_1_1_1_top133.clonotypes.IGH	lun_lcp4_tum_PCsort_1_2_1_top133.clonotypes.IGH	133	133	6	6	20099	30928	2889	5723	0.9999999999999997	0.9999999999999994	0.1437384944524603	0.18504267977237454	-0.2156963233330493	-0.2571428571428573	3.391938E-4	0.1630881853474673	0.09474734331922195	0.17876913955242965	0.12909556168525607	0.45766810756435716	0.07609405516683225	0.0230769231	0.23823260593659207	.	.
lun_lcp4_tum_bulk_1_1_2_top133.clonotypes.IGH	lun_lcp4_tum_bulk_1_2_1_top133.clonotypes.IGH	133	133	8	8	21326	18132	5743	2123	1.0000000000000004	0.9999999999999999	0.26929569539529213	0.1170858151334657	-0.18195787635262026	0.1428571428571426	4.522585E-4	0.17756887679796612	0.1157132883935041	0.1351407830192766	0.09422557422719866	0.47660813530889334	0.1372631084264294	0.0310077519	0.20739666397448167	.	.
lun_lcp4_tum_bulk_1_1_2_top133.clonotypes.IGH	lun_lcp4_tum_bulk_1_2_2_top133.clonotypes.IGH	133	133	13	13	21326	25478	4810	4425	1.0000000000000004	0.9999999999999999	0.22554628153427742	0.17367925268859402	-0.05858620898524697	0.3736263736263736	7.3492E-4	0.19792096812506887	0.1408795984641424	0.19729163941109798	0.11003169722885467	0.459741393008449	0.12441899595737525	0.0513833992	0.2413019142982014	.	.
lun_lcp4_tum_bulk_1_1_2_top133.clonotypes.IGH	lun_lcp4_tum_notPCsort_1_1_1_top133.clonotypes.IGH	133	133	7	7	21326	4979	5872	2554	1.0000000000000004	0.999999999999998	0.27534464972334244	0.5129544085157662	0.34035348196216964	0.5357142857142857	3.957262E-4	0.3758181101767422	0.320489815397882	0.31656902268951764	0.17167608368889653	0.48543137158224847	0.11965834618434622	0.027027027	0.6194520463198876	.	.
lun_lcp4_tum_bulk_1_1_2_top133.clonotypes.IGH	lun_lcp4_tum_PCsort_1_1_1_top133.clonotypes.IGH	133	133	10	10	21326	45059	4316	11350	1.0000000000000004	0.9999999999999989	0.20238206883616242	0.2518919638695932	0.9567390381383075	0.16363636363636344	5.653231E-4	0.22578400468397258	0.2095432505339738	0.13897977310300688	0.08115495857636346	0.3585656102104527	0.05448488261298421	0.0390625	0.9316918795647968	.	.
lun_lcp4_tum_bulk_1_1_2_top133.clonotypes.IGH	lun_lcp4_tum_PCsort_1_2_1_top133.clonotypes.IGH	133	133	5	5	21326	30928	3469	5217	1.0000000000000004	0.9999999999999994	0.16266529119384793	0.1686821003621314	-0.20154355902147775	0.2000000000000001	2.826615E-4	0.1656463792981784	0.11234244775584004	0.17612729857492482	0.12159699864986687	0.4861153573744284	0.09851023082640496	0.0191570881	0.30435696503173115	.	.
lun_lcp4_tum_bulk_1_2_1_top133.clonotypes.IGH	lun_lcp4_tum_bulk_1_2_2_top133.clonotypes.IGH	133	133	24	24	18132	25478	4699	6009	0.9999999999999999	0.9999999999999999	0.2591550849327156	0.2358505377188162	0.6449709343476445	0.2004783696011882	0.0013567754	0.24722836838426623	0.21973544518623278	0.17063433833339922	0.10078645166200625	0.4478751179437315	0.07156704185397093	0.0991735537	0.7923700264352325	.	.
lun_lcp4_tum_bulk_1_2_1_top133.clonotypes.IGH	lun_lcp4_tum_notPCsort_1_1_1_top133.clonotypes.IGH	133	133	3	3	18132	4979	700	1120	0.9999999999999999	0.999999999999998	0.0386057798367527	0.22494476802570798	0.12798392628291688	-0.5	1.695969E-4	0.0931888844757243	0.08347377300054905	0.346482849471595	0.2315730114332733	0.5781344017538044	0.20378138127427992	0.0114068441	0.2707956287392433	.	.
lun_lcp4_tum_bulk_1_2_1_top133.clonotypes.IGH	lun_lcp4_tum_PCsort_1_1_1_top133.clonotypes.IGH	133	133	9	9	18132	45059	2792	9485	0.9999999999999999	0.9999999999999989	0.15398191043459075	0.21050178654652787	0.04075886578740791	0.31666666666666665	5.087908E-4	0.18003740511996055	0.15722721773598206	0.13252677640143548	0.07885236722280356	0.44804604237182255	0.08093986116790058	0.0350194553	0.48019403723586906	.	.
lun_lcp4_tum_bulk_1_2_1_top133.clonotypes.IGH	lun_lcp4_tum_PCsort_1_2_1_top133.clonotypes.IGH	133	133	12	12	18132	30928	3476	8757	0.9999999999999999	0.9999999999999994	0.19170527244650343	0.2831414899120538	0.7714006510949218	0.7972027972027972	6.783877E-4	0.2329800773982599	0.22597336168587667	0.11847805891109023	0.07100524353239519	0.4225269381703142	0.06853466453048175	0.0472440945	0.797892212195005	.	.
lun_lcp4_tum_bulk_1_2_2_top133.clonotypes.IGH	lun_lcp4_tum_notPCsort_1_1_1_top133.clonotypes.IGH	133	133	4	4	25478	4979	1532	2019	0.9999999999999999	0.999999999999998	0.06013030850145223	0.4055031130749146	-0.9675878375621018	-1.0	2.261292E-4	0.15615065573827694	0.13730798391893473	0.28966769783684754	0.166270328468768	0.5122209617238761	0.17310014749726274	0.0152671756	0.189076631420696	.	.
lun_lcp4_tum_bulk_1_2_2_top133.clonotypes.IGH	lun_lcp4_tum_PCsort_1_1_1_top133.clonotypes.IGH	133	133	9	9	25478	45059	4073	10223	0.9999999999999999	0.9999999999999989	0.15986341157076692	0.22688031247919394	-0.10347582347186708	0.3833333333333334	5.087908E-4	0.1904464774448863	0.15497380580219405	0.20113805747602037	0.11165656595338525	0.43840774493736023	0.07288191521415434	0.0350194553	0.40401826319299894	.	.
lun_lcp4_tum_bulk_1_2_2_top133.clonotypes.IGH	lun_lcp4_tum_PCsort_1_2_1_top133.clonotypes.IGH	133	133	12	12	25478	30928	5131	8824	0.9999999999999999	0.9999999999999994	0.2013894340215087	0.28530781169167097	0.34203408147232245	0.49650349650349657	6.783877E-4	0.23970393972252688	0.21206301458817595	0.21844470614158573	0.13114734355871058	0.4947314214345558	0.06426807615036094	0.0472440945	0.6546462070660197	.	.
lun_lcp4_tum_notPCsort_1_1_1_top133.clonotypes.IGH	lun_lcp4_tum_PCsort_1_1_1_top133.clonotypes.IGH	133	133	6	6	4979	45059	2046	8715	0.999999999999998	0.9999999999999989	0.4109258887326772	0.19341308062762155	0.4382717796941856	0.08571428571428616	3.391938E-4	0.28191921191971	0.24169327910234292	0.372386556818623	0.2187571299171704	0.4931159225405575	0.18012409686906053	0.0230769231	0.5884063723896207	.	.
lun_lcp4_tum_notPCsort_1_1_1_top133.clonotypes.IGH	lun_lcp4_tum_PCsort_1_2_1_top133.clonotypes.IGH	133	133	2	2	4979	30928	833	1264	0.999999999999998	0.9999999999999994	0.16730267121912032	0.04086911536471806	0.0	0.0	1.130646E-4	0.08268925063682536	0.0790067417823004	0.36004177035695983	0.22972750117823856	0.6176804557649722	0.19127857006958338	0.0075757576	0.3551662586500935	.	.
lun_lcp4_tum_PCsort_1_1_1_top133.clonotypes.IGH	lun_lcp4_tum_PCsort_1_2_1_top133.clonotypes.IGH	133	133	7	7	45059	30928	8083	4335	0.9999999999999989	0.9999999999999994	0.17938702589937636	0.14016425245732023	0.09185021158185959	0.5357142857142857	3.957262E-4	0.1585674884259949	0.13720903141019253	0.15877591309411287	0.10236597833696622	0.45784775878273776	0.06370099439039674	0.027027027	0.4997345285886258	.	.
