1_sample_id	2_sample_id	div1	div2	div12	div21	count1	count2	count12	count21	freq1	freq2	freq12	freq21	R	Rs	D	F	F2	vJSD	vjJSD	vj2JSD	sJSD	Jaccard	MorisitaHorn	1_metadata_blank	2_metadata_blank
lun_lcp4_norm_bulk_1_1_1_top56.clonotypes.IGHA	lun_lcp4_norm_bulk_1_1_2_top56.clonotypes.IGHA	56	56	10	10	7051	7033	1740	1315	1.0	1.0000000000000002	0.24677350730392855	0.18697568605147163	0.23075045611335965	0.05454545454545501	0.0031887755	0.21480373792715965	0.19487884248484716	0.28121413388932426	0.14690219924117953	0.49225034214426583	0.09393809468483788	0.0980392157	0.6588331827562065	.	.
lun_lcp4_norm_bulk_1_1_1_top56.clonotypes.IGHA	lun_lcp4_norm_bulk_1_2_1_top56.clonotypes.IGHA	56	56	5	5	7051	7286	726	1213	1.0	0.9999999999999988	0.1029641185647426	0.16648366730716443	0.9718626670873206	0.6	0.0015943878	0.13092686530925593	0.1302103296299035	0.2566297487976684	0.14812264177526152	0.5412576473831141	0.09749136577245983	0.046728972	0.9010749567790994	.	.
lun_lcp4_norm_bulk_1_1_1_top56.clonotypes.IGHA	lun_lcp4_norm_bulk_1_2_2_top56.clonotypes.IGHA	56	56	5	5	7051	5756	842	736	1.0	1.0000000000000002	0.11941568571833783	0.12786657400972898	0.743122025942334	0.39999999999999997	0.0015943878	0.1235689063471324	0.11999088518047259	0.23045891017106443	0.12142771117558374	0.5288008696440422	0.17967129368792417	0.046728972	0.9373813515299185	.	.
lun_lcp4_norm_bulk_1_1_1_top56.clonotypes.IGHA	lun_lcp4_PBMC_bulk_1_1_1_top56.clonotypes.IGHA	56	56	1	1	7051	15950	100	306	1.0	1.0	0.014182385477237271	0.019184952978056426	0.0	0.0	3.188776E-4	0.016495102257866344	0.016495102257866344	0.3631564233733161	0.19711971196735234	0.6377747811360598	0.2763491672074032	0.009009009	0.9560337796454852	.	.
lun_lcp4_norm_bulk_1_1_1_top56.clonotypes.IGHA	lun_lcp4_PBMC_bulk_1_1_2_top56.clonotypes.IGHA	56	56	1	1	7051	19830	100	391	1.0	0.9999999999999996	0.014182385477237271	0.01971759959657085	0.0	0.0	3.188776E-4	0.016722517698133432	0.016722517698133432	0.3415431941727799	0.17672440735611714	0.56424416350079	0.2329255378848193	0.009009009	0.9480634689103777	.	.
lun_lcp4_norm_bulk_1_1_1_top56.clonotypes.IGHA	lun_lcp4_PBMC_notPCsort_1_1_1_top56.clonotypes.IGHA	56	56	0	0	7051	16744	0	0	1.0	1.0	0.0	0.0	0.0	0.0	0.0	0.0	0.0	0.2294944496701255	0.11850218627771686	0.5922431649340679	0.13060187330077447	0.0	NaN	.	.
lun_lcp4_norm_bulk_1_1_1_top56.clonotypes.IGHA	lun_lcp4_PBMC_PCsort_1_1_1_top56.clonotypes.IGHA	56	56	1	1	7051	43754	100	432	1.0	1.0000000000000007	0.014182385477237271	0.009873383004982401	0.0	0.0	3.188776E-4	0.011833347951491316	0.011833347951491316	0.36105100994642675	0.18936819427465862	0.6825642736860478	0.2599590032746603	0.009009009	0.9378230890239693	.	.
lun_lcp4_norm_bulk_1_1_1_top56.clonotypes.IGHA	lun_lcp4_tum_bulk_1_1_1_top56.clonotypes.IGHA	56	56	1	1	7051	6489	330	43	1.0	1.0	0.046801872074883	0.006626598859608568	0.0	0.0	3.188776E-4	0.01761071356075516	0.01761071356075516	0.4146630090986038	0.24152605047078335	0.5646402120598973	0.16803778448445325	0.009009009	0.27761131317567767	.	.
lun_lcp4_norm_bulk_1_1_1_top56.clonotypes.IGHA	lun_lcp4_tum_bulk_1_1_2_top56.clonotypes.IGHA	56	56	1	1	7051	7780	330	37	1.0	1.0	0.046801872074883	0.004755784061696658	0.0	0.0	3.188776E-4	0.014919101758192228	0.014919101758192228	0.4292696853860327	0.2579360991665855	0.6635128282373122	0.2469151448170588	0.009009009	0.2011534633799083	.	.
lun_lcp4_norm_bulk_1_1_1_top56.clonotypes.IGHA	lun_lcp4_tum_bulk_1_2_1_top56.clonotypes.IGHA	56	56	1	1	7051	7674	330	24	1.0	1.0	0.046801872074883	0.003127443315089914	0.0	0.0	3.188776E-4	0.012098355340883576	0.012098355340883576	0.28065461998549335	0.17852851233945108	0.719304191793622	0.13303137196663983	0.009009009	0.1330519582915207	.	.
lun_lcp4_norm_bulk_1_1_1_top56.clonotypes.IGHA	lun_lcp4_tum_bulk_1_2_2_top56.clonotypes.IGHA	56	56	1	1	7051	7219	99	40	1.0	0.9999999999999998	0.014040561622464899	0.0055409336473195734	0.0	0.0	3.188776E-4	0.008820307269091008	0.008820307269091008	0.3846430939482178	0.20687323329827545	0.6373436069625443	0.0716965213963489	0.009009009	0.6829183089617242	.	.
lun_lcp4_norm_bulk_1_1_1_top56.clonotypes.IGHA	lun_lcp4_tum_notPCsort_1_1_1_top56.clonotypes.IGHA	56	56	0	0	7051	580	0	0	1.0	0.9999999999999993	0.0	0.0	0.0	0.0	0.0	0.0	0.0	0.5258613289049411	0.30867810838375115	0.7222228339161103	0.37556048453079094	0.0	NaN	.	.
lun_lcp4_norm_bulk_1_1_1_top56.clonotypes.IGHA	lun_lcp4_tum_PCsort_1_1_1_top56.clonotypes.IGHA	56	56	0	0	7051	17920	0	0	1.0	1.0000000000000004	0.0	0.0	0.0	0.0	0.0	0.0	0.0	0.3438139023868325	0.24865430187135204	0.7221132014139457	0.1981892663906584	0.0	NaN	.	.
lun_lcp4_norm_bulk_1_1_1_top56.clonotypes.IGHA	lun_lcp4_tum_PCsort_1_2_1_top56.clonotypes.IGHA	56	56	0	0	7051	11271	0	0	1.0	1.0000000000000002	0.0	0.0	0.0	0.0	0.0	0.0	0.0	0.43564242826710625	0.2566372324026097	0.7728835033782955	0.17153827156403711	0.0	NaN	.	.
lun_lcp4_norm_bulk_1_1_2_top56.clonotypes.IGHA	lun_lcp4_norm_bulk_1_2_1_top56.clonotypes.IGHA	56	56	6	6	7033	7286	961	1389	1.0000000000000002	0.9999999999999988	0.13664154699274844	0.19063958276146034	0.9750776344978105	0.7714285714285715	0.0019132653	0.1613979166735991	0.1602294049606218	0.2783043206209213	0.17273736898425732	0.4821584581442863	0.07774080403658296	0.0566037736	0.9545237959517502	.	.
lun_lcp4_norm_bulk_1_1_2_top56.clonotypes.IGHA	lun_lcp4_norm_bulk_1_2_2_top56.clonotypes.IGHA	56	56	5	5	7033	5756	908	731	1.0000000000000002	1.0000000000000002	0.12910564481728992	0.12699791521890202	0.951565002845679	0.9	0.0015943878	0.12804744329656825	0.12714738772385525	0.27584485726746666	0.15503567887756844	0.5202117190015219	0.11475356123808919	0.046728972	0.9814524162580781	.	.
lun_lcp4_norm_bulk_1_1_2_top56.clonotypes.IGHA	lun_lcp4_PBMC_bulk_1_1_1_top56.clonotypes.IGHA	56	56	3	3	7033	15950	747	1467	1.0000000000000002	1.0	0.10621356462391583	0.09197492163009403	-0.6827104613149749	-0.5	9.566327E-4	0.09883817219241556	0.07338167796196718	0.28096071934499683	0.1560134098646283	0.5386715679779505	0.24423548538619952	0.0275229358	0.34897505566920417	.	.
lun_lcp4_norm_bulk_1_1_2_top56.clonotypes.IGHA	lun_lcp4_PBMC_bulk_1_1_2_top56.clonotypes.IGHA	56	56	4	4	7033	19830	811	2253	1.0000000000000002	0.9999999999999996	0.11531352196786579	0.11361573373676247	-0.4106320412057018	-0.2000000000000001	0.0012755102	0.11446148001904112	0.08621128670151093	0.3059779961297504	0.15420200605060175	0.4912504209228584	0.1957665522276907	0.037037037	0.34749544997040493	.	.
lun_lcp4_norm_bulk_1_1_2_top56.clonotypes.IGHA	lun_lcp4_PBMC_notPCsort_1_1_1_top56.clonotypes.IGHA	56	56	0	0	7033	16744	0	0	1.0000000000000002	1.0	0.0	0.0	0.0	0.0	0.0	0.0	0.0	0.3629382789458297	0.19633462392426007	0.6367567450594802	0.18145058449944199	0.0	NaN	.	.
lun_lcp4_norm_bulk_1_1_2_top56.clonotypes.IGHA	lun_lcp4_PBMC_PCsort_1_1_1_top56.clonotypes.IGHA	56	56	1	1	7033	43754	87	1163	1.0000000000000002	1.0000000000000007	0.012370254514431963	0.026580426932394752	0.0	0.0	3.188776E-4	0.01813302639539206	0.01813302639539206	0.3687135417479002	0.19921909542825486	0.6836305411135936	0.2574444291780277	0.009009009	0.7650738051256564	.	.
lun_lcp4_norm_bulk_1_1_2_top56.clonotypes.IGHA	lun_lcp4_tum_bulk_1_1_1_top56.clonotypes.IGHA	56	56	2	2	7033	6489	480	311	1.0000000000000002	1.0	0.06824968007962462	0.04792726151949453	0.0	0.0	6.377551E-4	0.05719283404236938	0.038530404459664935	0.36240735132959206	0.22413349520806314	0.5956561259358585	0.2291118290799696	0.0181818182	0.2750691546886527	.	.
lun_lcp4_norm_bulk_1_1_2_top56.clonotypes.IGHA	lun_lcp4_tum_bulk_1_1_2_top56.clonotypes.IGHA	56	56	2	2	7033	7780	495	149	1.0000000000000002	1.0	0.0703824825821129	0.019151670951156812	0.0	0.0	6.377551E-4	0.03671433163136913	0.029179947943500314	0.4283581019209941	0.28312834818604277	0.661032375680323	0.15049366630735708	0.0181818182	0.22230899783215877	.	.
lun_lcp4_norm_bulk_1_1_2_top56.clonotypes.IGHA	lun_lcp4_tum_bulk_1_2_1_top56.clonotypes.IGHA	56	56	2	2	7033	7674	508	96	1.0000000000000002	1.0	0.07223091141760273	0.012509773260359656	0.0	0.0	6.377551E-4	0.030059812444912785	0.024455698843099012	0.2866983842569852	0.21463567535364064	0.7089382836657073	0.1341421174217493	0.0181818182	0.15819629713225047	.	.
lun_lcp4_norm_bulk_1_1_2_top56.clonotypes.IGHA	lun_lcp4_tum_bulk_1_2_2_top56.clonotypes.IGHA	56	56	0	0	7033	7219	0	0	1.0000000000000002	0.9999999999999998	0.0	0.0	0.0	0.0	0.0	0.0	0.0	0.3806448864221176	0.2188049307552789	0.6867575355079096	0.11778699318636383	0.0	NaN	.	.
lun_lcp4_norm_bulk_1_1_2_top56.clonotypes.IGHA	lun_lcp4_tum_notPCsort_1_1_1_top56.clonotypes.IGHA	56	56	0	0	7033	580	0	0	1.0000000000000002	0.9999999999999993	0.0	0.0	0.0	0.0	0.0	0.0	0.0	0.6051500093752534	0.34036035414622606	0.743550522919981	0.40094662543391313	0.0	NaN	.	.
lun_lcp4_norm_bulk_1_1_2_top56.clonotypes.IGHA	lun_lcp4_tum_PCsort_1_1_1_top56.clonotypes.IGHA	56	56	0	0	7033	17920	0	0	1.0000000000000002	1.0000000000000004	0.0	0.0	0.0	0.0	0.0	0.0	0.0	0.3421287906526867	0.2863391163339293	0.769549112830314	0.23373201342481004	0.0	NaN	.	.
lun_lcp4_norm_bulk_1_1_2_top56.clonotypes.IGHA	lun_lcp4_tum_PCsort_1_2_1_top56.clonotypes.IGHA	56	56	0	0	7033	11271	0	0	1.0000000000000002	1.0000000000000002	0.0	0.0	0.0	0.0	0.0	0.0	0.0	0.38766275044618215	0.26092598073772194	0.7572468497302625	0.09145229763066537	0.0	NaN	.	.
lun_lcp4_norm_bulk_1_2_1_top56.clonotypes.IGHA	lun_lcp4_norm_bulk_1_2_2_top56.clonotypes.IGHA	56	56	4	4	7286	5756	1074	678	0.9999999999999988	1.0000000000000002	0.14740598407905575	0.11779013203613621	0.9522078940184829	0.8	0.0012755102	0.1317686242152834	0.13089287443219938	0.16539769843813826	0.09880665262707586	0.48453918762431986	0.1682457304183381	0.037037037	0.950772218597725	.	.
lun_lcp4_norm_bulk_1_2_1_top56.clonotypes.IGHA	lun_lcp4_PBMC_bulk_1_1_1_top56.clonotypes.IGHA	56	56	2	2	7286	15950	203	1457	0.9999999999999988	1.0	0.027861652484216307	0.09134796238244515	0.0	0.0	6.377551E-4	0.050449035501592604	0.045562275966844666	0.3624808423456055	0.1920526383277139	0.6813945688249603	0.19480346118748756	0.0181818182	0.362695348277241	.	.
lun_lcp4_norm_bulk_1_2_1_top56.clonotypes.IGHA	lun_lcp4_PBMC_bulk_1_1_2_top56.clonotypes.IGHA	56	56	3	3	7286	19830	379	1724	0.9999999999999988	0.9999999999999996	0.05201756793851221	0.08693898134140192	-0.14305197636630784	0.5	9.566327E-4	0.06724845253558939	0.06245186910484894	0.3674336244495169	0.20890944639680542	0.6314198088226773	0.18571089788102035	0.0275229358	0.6285039165417071	.	.
lun_lcp4_norm_bulk_1_2_1_top56.clonotypes.IGHA	lun_lcp4_PBMC_notPCsort_1_1_1_top56.clonotypes.IGHA	56	56	0	0	7286	16744	0	0	0.9999999999999988	1.0	0.0	0.0	0.0	0.0	0.0	0.0	0.0	0.2988939330675384	0.17887844543927162	0.6697607686935363	0.13646122803022795	0.0	NaN	.	.
lun_lcp4_norm_bulk_1_2_1_top56.clonotypes.IGHA	lun_lcp4_PBMC_PCsort_1_1_1_top56.clonotypes.IGHA	56	56	1	1	7286	43754	105	3063	0.9999999999999988	1.0000000000000007	0.014411199560801537	0.0700050281117155	0.0	0.0	3.188776E-4	0.03176250037981036	0.03176250037981036	0.3157664304183852	0.1755622530284961	0.607775706771532	0.2190936422290879	0.009009009	0.3949804518402647	.	.
lun_lcp4_norm_bulk_1_2_1_top56.clonotypes.IGHA	lun_lcp4_tum_bulk_1_1_1_top56.clonotypes.IGHA	56	56	2	2	7286	6489	615	81	0.9999999999999988	1.0	0.084408454570409	0.012482662968099861	0.0	0.0	6.377551E-4	0.03245985659334594	0.030460105414965216	0.24453589624111052	0.1352337505064472	0.5532258342146303	0.21429994317815465	0.0181818182	0.20508018257726554	.	.
lun_lcp4_norm_bulk_1_2_1_top56.clonotypes.IGHA	lun_lcp4_tum_bulk_1_1_2_top56.clonotypes.IGHA	56	56	1	1	7286	7780	521	37	0.9999999999999988	1.0	0.07150699972550097	0.004755784061696658	0.0	0.0	3.188776E-4	0.018441037107339835	0.018441037107339835	0.3892713837619967	0.2541071984776328	0.6765578767853392	0.12980321510073403	0.009009009	0.13243012360549689	.	.
lun_lcp4_norm_bulk_1_2_1_top56.clonotypes.IGHA	lun_lcp4_tum_bulk_1_2_1_top56.clonotypes.IGHA	56	56	1	1	7286	7674	521	24	0.9999999999999988	1.0	0.07150699972550097	0.003127443315089914	0.0	0.0	3.188776E-4	0.014954400298027812	0.014954400298027812	0.2842275354452624	0.1678701252088383	0.7401932629963203	0.12026873396015739	0.009009009	0.08730536609565963	.	.
lun_lcp4_norm_bulk_1_2_1_top56.clonotypes.IGHA	lun_lcp4_tum_bulk_1_2_2_top56.clonotypes.IGHA	56	56	1	1	7286	7219	105	134	0.9999999999999988	0.9999999999999998	0.014411199560801537	0.01856212771852057	0.0	0.0	3.188776E-4	0.016355504480898342	0.016355504480898342	0.3289390211712257	0.2030537607329249	0.6361562909840665	0.1066440950634056	0.009009009	0.9687991588474724	.	.
lun_lcp4_norm_bulk_1_2_1_top56.clonotypes.IGHA	lun_lcp4_tum_notPCsort_1_1_1_top56.clonotypes.IGHA	56	56	0	0	7286	580	0	0	0.9999999999999988	0.9999999999999993	0.0	0.0	0.0	0.0	0.0	0.0	0.0	0.5351101189179013	0.35135559623776	0.7640550595449696	0.45902331606697583	0.0	NaN	.	.
lun_lcp4_norm_bulk_1_2_1_top56.clonotypes.IGHA	lun_lcp4_tum_PCsort_1_1_1_top56.clonotypes.IGHA	56	56	0	0	7286	17920	0	0	0.9999999999999988	1.0000000000000004	0.0	0.0	0.0	0.0	0.0	0.0	0.0	0.3638416059406351	0.25166989885666213	0.8379943947701394	0.19392621806060972	0.0	NaN	.	.
lun_lcp4_norm_bulk_1_2_1_top56.clonotypes.IGHA	lun_lcp4_tum_PCsort_1_2_1_top56.clonotypes.IGHA	56	56	1	1	7286	11271	105	261	0.9999999999999988	1.0000000000000002	0.014411199560801537	0.023156774021825925	0.0	0.0	3.188776E-4	0.01826791973961234	0.01826791973961234	0.41705357849319624	0.25281106565396255	0.8013492659363446	0.11309980938118254	0.009009009	0.8971862696463951	.	.
lun_lcp4_norm_bulk_1_2_2_top56.clonotypes.IGHA	lun_lcp4_PBMC_bulk_1_1_1_top56.clonotypes.IGHA	56	56	1	1	5756	15950	83	107	1.0000000000000002	1.0	0.014419735927727589	0.00670846394984326	0.0	0.0	3.188776E-4	0.009835358592213107	0.009835358592213107	0.4067780150993894	0.22634768562093166	0.6549204170401169	0.3167894116078655	0.009009009	0.7649026165756854	.	.
lun_lcp4_norm_bulk_1_2_2_top56.clonotypes.IGHA	lun_lcp4_PBMC_bulk_1_1_2_top56.clonotypes.IGHA	56	56	0	0	5756	19830	0	0	1.0000000000000002	0.9999999999999996	0.0	0.0	0.0	0.0	0.0	0.0	0.0	0.37087591445382767	0.20109988895272873	0.6274583425593637	0.3281824357148156	0.0	NaN	.	.
lun_lcp4_norm_bulk_1_2_2_top56.clonotypes.IGHA	lun_lcp4_PBMC_notPCsort_1_1_1_top56.clonotypes.IGHA	56	56	0	0	5756	16744	0	0	1.0000000000000002	1.0	0.0	0.0	0.0	0.0	0.0	0.0	0.0	0.26812766478118405	0.14590431215986222	0.6489836661068057	0.22899264510518894	0.0	NaN	.	.
lun_lcp4_norm_bulk_1_2_2_top56.clonotypes.IGHA	lun_lcp4_PBMC_PCsort_1_1_1_top56.clonotypes.IGHA	56	56	1	1	5756	43754	83	414	1.0000000000000002	1.0000000000000007	0.014419735927727589	0.009461992046441468	0.0	0.0	3.188776E-4	0.011680728858249589	0.011680728858249589	0.3144524664782855	0.17065078115857377	0.6748237579465535	0.3136758977405504	0.009009009	0.9173691143926463	.	.
lun_lcp4_norm_bulk_1_2_2_top56.clonotypes.IGHA	lun_lcp4_tum_bulk_1_1_1_top56.clonotypes.IGHA	56	56	1	1	5756	6489	299	43	1.0000000000000002	1.0	0.0519457956914524	0.006626598859608568	0.0	0.0	3.188776E-4	0.018553273309323024	0.018553273309323024	0.27178577021298134	0.15826385783240776	0.5324397309091166	0.2610871623830787	0.009009009	0.25104968419943624	.	.
lun_lcp4_norm_bulk_1_2_2_top56.clonotypes.IGHA	lun_lcp4_tum_bulk_1_1_2_top56.clonotypes.IGHA	56	56	1	1	5756	7780	299	37	1.0000000000000002	1.0	0.0519457956914524	0.004755784061696658	0.0	0.0	3.188776E-4	0.01571760119170735	0.01571760119170735	0.39297028249308324	0.23402276251990756	0.7447132919988977	0.2426051032386195	0.009009009	0.18158362003728618	.	.
lun_lcp4_norm_bulk_1_2_2_top56.clonotypes.IGHA	lun_lcp4_tum_bulk_1_2_1_top56.clonotypes.IGHA	56	56	1	1	5756	7674	299	24	1.0000000000000002	1.0	0.0519457956914524	0.003127443315089914	0.0	0.0	3.188776E-4	0.01274588292282097	0.01274588292282097	0.2434895167324396	0.15153073012914808	0.7151486413228993	0.21207529859655896	0.009009009	0.11997691113156918	.	.
lun_lcp4_norm_bulk_1_2_2_top56.clonotypes.IGHA	lun_lcp4_tum_bulk_1_2_2_top56.clonotypes.IGHA	56	56	1	1	5756	7219	65	587	1.0000000000000002	0.9999999999999998	0.011292564280750522	0.08131320127441474	0.0	0.0	3.188776E-4	0.030302385257021166	0.030302385257021166	0.33113922395932144	0.18104816668767001	0.6066543651679063	0.1972585203603502	0.009009009	0.27249908836776954	.	.
lun_lcp4_norm_bulk_1_2_2_top56.clonotypes.IGHA	lun_lcp4_tum_notPCsort_1_1_1_top56.clonotypes.IGHA	56	56	0	0	5756	580	0	0	1.0000000000000002	0.9999999999999993	0.0	0.0	0.0	0.0	0.0	0.0	0.0	0.47453357623445047	0.31130884564380223	0.7270158602705474	0.5660942534803165	0.0	NaN	.	.
lun_lcp4_norm_bulk_1_2_2_top56.clonotypes.IGHA	lun_lcp4_tum_PCsort_1_1_1_top56.clonotypes.IGHA	56	56	0	0	5756	17920	0	0	1.0000000000000002	1.0000000000000004	0.0	0.0	0.0	0.0	0.0	0.0	0.0	0.33736626668461506	0.24454778229259883	0.78727938202959	0.18007617804985188	0.0	NaN	.	.
lun_lcp4_norm_bulk_1_2_2_top56.clonotypes.IGHA	lun_lcp4_tum_PCsort_1_2_1_top56.clonotypes.IGHA	56	56	1	1	5756	11271	65	605	1.0000000000000002	1.0000000000000002	0.011292564280750522	0.053677579629136725	0.0	0.0	3.188776E-4	0.024620266416046987	0.024620266416046987	0.44694690814940274	0.26876276741935723	0.8060601871299696	0.18202567300670566	0.009009009	0.40292249345533276	.	.
lun_lcp4_PBMC_bulk_1_1_1_top56.clonotypes.IGHA	lun_lcp4_PBMC_bulk_1_1_2_top56.clonotypes.IGHA	56	56	16	16	15950	19830	10167	10890	1.0	0.9999999999999996	0.6374294670846395	0.5491679273827534	0.974385317741257	0.6941176470588238	0.0051020408	0.5916551523409261	0.5812584796645728	0.11169307926626505	0.06477255476263397	0.20184533428005427	0.05397247310550669	0.1666666667	0.9391805471791506	.	.
lun_lcp4_PBMC_bulk_1_1_1_top56.clonotypes.IGHA	lun_lcp4_PBMC_notPCsort_1_1_1_top56.clonotypes.IGHA	56	56	4	4	15950	16744	4827	2250	1.0	1.0	0.30263322884012545	0.13437649307214525	0.9616228119991169	0.4	0.0012755102	0.20166009019792702	0.1899183442600967	0.24623932358147918	0.15281438500134828	0.4531242859261748	0.16258892113199833	0.037037037	0.5681411159436777	.	.
lun_lcp4_PBMC_bulk_1_1_1_top56.clonotypes.IGHA	lun_lcp4_PBMC_PCsort_1_1_1_top56.clonotypes.IGHA	56	56	11	11	15950	43754	8604	17743	1.0	1.0000000000000007	0.5394357366771161	0.405517209855099	0.9871887783559393	0.6818181818181818	0.0035076531	0.4677076809647603	0.4617744384316035	0.19530972956579923	0.10748190313917899	0.36605176642432175	0.07380718624340678	0.1089108911	0.928653556883917	.	.
lun_lcp4_PBMC_bulk_1_1_1_top56.clonotypes.IGHA	lun_lcp4_tum_bulk_1_1_1_top56.clonotypes.IGHA	56	56	0	0	15950	6489	0	0	1.0	1.0	0.0	0.0	0.0	0.0	0.0	0.0	0.0	0.4486774101880899	0.24291948720780832	0.6244737480268597	0.24723269575153556	0.0	NaN	.	.
lun_lcp4_PBMC_bulk_1_1_1_top56.clonotypes.IGHA	lun_lcp4_tum_bulk_1_1_2_top56.clonotypes.IGHA	56	56	0	0	15950	7780	0	0	1.0	1.0	0.0	0.0	0.0	0.0	0.0	0.0	0.0	0.4727560697950462	0.3187192723204898	0.7185768900268409	0.2564401082822407	0.0	NaN	.	.
lun_lcp4_PBMC_bulk_1_1_1_top56.clonotypes.IGHA	lun_lcp4_tum_bulk_1_2_1_top56.clonotypes.IGHA	56	56	4	4	15950	7674	5978	580	1.0	1.0	0.37479623824451413	0.07557988011467293	-0.3725964257659688	-0.8	0.0012755102	0.16830643111286855	0.13894827576189875	0.33482778675206026	0.22423178240444805	0.6372174506597572	0.26226633130432037	0.037037037	0.15901910498548613	.	.
lun_lcp4_PBMC_bulk_1_1_1_top56.clonotypes.IGHA	lun_lcp4_tum_bulk_1_2_2_top56.clonotypes.IGHA	56	56	1	1	15950	7219	1309	134	1.0	0.9999999999999998	0.08206896551724138	0.01856212771852057	0.0	0.0	3.188776E-4	0.03903043196863052	0.03903043196863052	0.4486051694493006	0.26257352899790787	0.6583909006191518	0.23664120508166878	0.009009009	0.43033985580289597	.	.
lun_lcp4_PBMC_bulk_1_1_1_top56.clonotypes.IGHA	lun_lcp4_tum_notPCsort_1_1_1_top56.clonotypes.IGHA	56	56	0	0	15950	580	0	0	1.0	0.9999999999999993	0.0	0.0	0.0	0.0	0.0	0.0	0.0	0.5771293456352153	0.34087971968877856	0.8167234108323017	0.4511398395814241	0.0	NaN	.	.
lun_lcp4_PBMC_bulk_1_1_1_top56.clonotypes.IGHA	lun_lcp4_tum_PCsort_1_1_1_top56.clonotypes.IGHA	56	56	2	2	15950	17920	532	593	1.0	1.0000000000000004	0.03335423197492163	0.03309151785714286	0.0	0.0	6.377551E-4	0.03322261523434608	0.033167962952371566	0.4361802354061858	0.32334624562340464	0.6995118702530613	0.33230805258529195	0.0181818182	0.9936816450315138	.	.
lun_lcp4_PBMC_bulk_1_1_1_top56.clonotypes.IGHA	lun_lcp4_tum_PCsort_1_2_1_top56.clonotypes.IGHA	56	56	2	2	15950	11271	5528	545	1.0	1.0000000000000002	0.34658307210031347	0.04835418330228019	0.0	0.0	6.377551E-4	0.12945555761652702	0.12523406073790858	0.5196469975097787	0.314243195023926	0.6988805103218887	0.2055259632473068	0.0181818182	0.21998365644824208	.	.
lun_lcp4_PBMC_bulk_1_1_2_top56.clonotypes.IGHA	lun_lcp4_PBMC_notPCsort_1_1_1_top56.clonotypes.IGHA	56	56	2	2	19830	16744	4451	1535	0.9999999999999996	1.0	0.22445789208270295	0.09167462971810797	0.0	0.0	6.377551E-4	0.14344718241913584	0.14290078115991922	0.24681611869755596	0.13980898543426026	0.4496122074793557	0.1913421932230724	0.0181818182	0.7262842281917183	.	.
lun_lcp4_PBMC_bulk_1_1_2_top56.clonotypes.IGHA	lun_lcp4_PBMC_PCsort_1_1_1_top56.clonotypes.IGHA	56	56	11	11	19830	43754	9373	17409	0.9999999999999996	1.0000000000000007	0.472667675239536	0.3978836220688394	0.9574959641988927	0.7999999999999999	0.0035076531	0.433666607728984	0.4249322270955577	0.1808781030765344	0.10037211847768485	0.33608228281106745	0.061560694657273755	0.1089108911	0.9685559465975414	.	.
lun_lcp4_PBMC_bulk_1_1_2_top56.clonotypes.IGHA	lun_lcp4_tum_bulk_1_1_1_top56.clonotypes.IGHA	56	56	0	0	19830	6489	0	0	0.9999999999999996	1.0	0.0	0.0	0.0	0.0	0.0	0.0	0.0	0.456114284129426	0.2618232088820914	0.6518685104822721	0.20228768003893366	0.0	NaN	.	.
lun_lcp4_PBMC_bulk_1_1_2_top56.clonotypes.IGHA	lun_lcp4_tum_bulk_1_1_2_top56.clonotypes.IGHA	56	56	0	0	19830	7780	0	0	0.9999999999999996	1.0	0.0	0.0	0.0	0.0	0.0	0.0	0.0	0.540869957334747	0.34245297268639746	0.717388505820719	0.28193656772412923	0.0	NaN	.	.
lun_lcp4_PBMC_bulk_1_1_2_top56.clonotypes.IGHA	lun_lcp4_tum_bulk_1_2_1_top56.clonotypes.IGHA	56	56	3	3	19830	7674	5858	371	0.9999999999999996	1.0	0.29541099344427635	0.048345061245764924	-0.14498329499790652	-0.5	9.566327E-4	0.11950591019165455	0.11124119198589377	0.352177278409025	0.24064206661637524	0.6144270900161457	0.2773365819631433	0.0275229358	0.22093004193569815	.	.
lun_lcp4_PBMC_bulk_1_1_2_top56.clonotypes.IGHA	lun_lcp4_tum_bulk_1_2_2_top56.clonotypes.IGHA	56	56	2	2	19830	7219	1263	171	0.9999999999999996	0.9999999999999998	0.06369137670196671	0.023687491342291176	0.0	0.0	6.377551E-4	0.03884184514420553	0.03855172665627554	0.4128396579444662	0.23526187351720587	0.6346483349572805	0.17542578732380476	0.0181818182	0.6075477968423676	.	.
lun_lcp4_PBMC_bulk_1_1_2_top56.clonotypes.IGHA	lun_lcp4_tum_notPCsort_1_1_1_top56.clonotypes.IGHA	56	56	0	0	19830	580	0	0	0.9999999999999996	0.9999999999999993	0.0	0.0	0.0	0.0	0.0	0.0	0.0	0.6428781326991728	0.3635019193810037	0.7824298939313652	0.3880954266758765	0.0	NaN	.	.
lun_lcp4_PBMC_bulk_1_1_2_top56.clonotypes.IGHA	lun_lcp4_tum_PCsort_1_1_1_top56.clonotypes.IGHA	56	56	3	3	19830	17920	1153	1091	0.9999999999999996	1.0000000000000004	0.05814422592032274	0.06088169642857143	-0.7708867621594936	-0.5	9.566327E-4	0.059497219359860534	0.05359151363672676	0.4023932232844187	0.3141024945548237	0.688494936924526	0.37875446212181235	0.0275229358	0.6713710138104987	.	.
lun_lcp4_PBMC_bulk_1_1_2_top56.clonotypes.IGHA	lun_lcp4_tum_PCsort_1_2_1_top56.clonotypes.IGHA	56	56	2	2	19830	11271	4801	545	0.9999999999999996	1.0000000000000002	0.2421079172970247	0.04835418330228019	0.0	0.0	6.377551E-4	0.10819857028590361	0.10445214951457564	0.5229904236580993	0.32369681706219	0.7477665712635887	0.21941208051774913	0.0181818182	0.3068934785634481	.	.
lun_lcp4_PBMC_notPCsort_1_1_1_top56.clonotypes.IGHA	lun_lcp4_PBMC_PCsort_1_1_1_top56.clonotypes.IGHA	56	56	3	3	16744	43754	1719	8892	1.0	1.0000000000000007	0.10266364070711897	0.2032271335192211	0.9991924408843232	0.5	9.566327E-4	0.14444389020500317	0.14323304574142565	0.2284299324894234	0.13297214777883176	0.5069993384283552	0.17899744809796725	0.0275229358	0.7575606425362215	.	.
lun_lcp4_PBMC_notPCsort_1_1_1_top56.clonotypes.IGHA	lun_lcp4_tum_bulk_1_1_1_top56.clonotypes.IGHA	56	56	0	0	16744	6489	0	0	1.0	1.0	0.0	0.0	0.0	0.0	0.0	0.0	0.0	0.3486544368230781	0.2271725935317647	0.6336765645653162	0.15735734289421272	0.0	NaN	.	.
lun_lcp4_PBMC_notPCsort_1_1_1_top56.clonotypes.IGHA	lun_lcp4_tum_bulk_1_1_2_top56.clonotypes.IGHA	56	56	2	2	16744	7780	1322	861	1.0	1.0	0.07895365504061157	0.11066838046272494	0.0	0.0	6.377551E-4	0.09347552158162661	0.07391389091340753	0.3280119089077111	0.20165016859250617	0.6933089908773287	0.29091827177629365	0.0181818182	0.4261865059284183	.	.
lun_lcp4_PBMC_notPCsort_1_1_1_top56.clonotypes.IGHA	lun_lcp4_tum_bulk_1_2_1_top56.clonotypes.IGHA	56	56	2	2	16744	7674	1710	411	1.0	1.0	0.10212613473483038	0.05355746677091478	0.0	0.0	6.377551E-4	0.07395685950270363	0.06380172243460494	0.20572672754816523	0.135761764730224	0.5535875132762559	0.09568322430542356	0.0181818182	0.4726807392413994	.	.
lun_lcp4_PBMC_notPCsort_1_1_1_top56.clonotypes.IGHA	lun_lcp4_tum_bulk_1_2_2_top56.clonotypes.IGHA	56	56	1	1	16744	7219	343	45	1.0	0.9999999999999998	0.02048494983277592	0.00623355035323452	0.0	0.0	3.188776E-4	0.011300175497136836	0.011300175497136836	0.33374287624677085	0.18444812096634536	0.6082772551799194	0.17236013444112147	0.009009009	0.5570192468248304	.	.
lun_lcp4_PBMC_notPCsort_1_1_1_top56.clonotypes.IGHA	lun_lcp4_tum_notPCsort_1_1_1_top56.clonotypes.IGHA	56	56	0	0	16744	580	0	0	1.0	0.9999999999999993	0.0	0.0	0.0	0.0	0.0	0.0	0.0	0.41194045790276196	0.25819893705805347	0.6933714529363607	0.3581103815316813	0.0	NaN	.	.
lun_lcp4_PBMC_notPCsort_1_1_1_top56.clonotypes.IGHA	lun_lcp4_tum_PCsort_1_1_1_top56.clonotypes.IGHA	56	56	2	2	16744	17920	511	708	1.0	1.0000000000000004	0.030518394648829432	0.03950892857142857	0.0	0.0	6.377551E-4	0.03472389774053699	0.034717121365938255	0.31203357770051765	0.21851316130689263	0.7182276818874856	0.1738883969460046	0.0181818182	0.9696392940431393	.	.
lun_lcp4_PBMC_notPCsort_1_1_1_top56.clonotypes.IGHA	lun_lcp4_tum_PCsort_1_2_1_top56.clonotypes.IGHA	56	56	2	2	16744	11271	1710	865	1.0	1.0000000000000002	0.10212613473483038	0.07674563037884838	0.0	0.0	6.377551E-4	0.08853098095231839	0.07785135532342646	0.39474412244694324	0.2326824046092386	0.6696780782670938	0.1529708401925557	0.0181818182	0.5999991598517938	.	.
lun_lcp4_PBMC_PCsort_1_1_1_top56.clonotypes.IGHA	lun_lcp4_tum_bulk_1_1_1_top56.clonotypes.IGHA	56	56	0	0	43754	6489	0	0	1.0000000000000007	1.0	0.0	0.0	0.0	0.0	0.0	0.0	0.0	0.35765942218889485	0.19779280436781502	0.6953393538889378	0.16516328854994056	0.0	NaN	.	.
lun_lcp4_PBMC_PCsort_1_1_1_top56.clonotypes.IGHA	lun_lcp4_tum_bulk_1_1_2_top56.clonotypes.IGHA	56	56	0	0	43754	7780	0	0	1.0000000000000007	1.0	0.0	0.0	0.0	0.0	0.0	0.0	0.0	0.37654375106787275	0.25291294477662357	0.76640056135173	0.29960535747722394	0.0	NaN	.	.
lun_lcp4_PBMC_PCsort_1_1_1_top56.clonotypes.IGHA	lun_lcp4_tum_bulk_1_2_1_top56.clonotypes.IGHA	56	56	5	5	43754	7674	11346	587	1.0000000000000007	1.0	0.2593134342003017	0.07649205108157416	0.07788754803858838	0.30000000000000004	0.0015943878	0.14083826346198638	0.12032252909444688	0.25672831451349515	0.17152254406401712	0.6372876108874984	0.26108415905849636	0.046728972	0.23559065717277294	.	.
lun_lcp4_PBMC_PCsort_1_1_1_top56.clonotypes.IGHA	lun_lcp4_tum_bulk_1_2_2_top56.clonotypes.IGHA	56	56	2	2	43754	7219	3642	171	1.0000000000000007	0.9999999999999998	0.08323810394478219	0.023687491342291176	0.0	0.0	6.377551E-4	0.04440384968153956	0.04428333017140271	0.3535312795540899	0.19199920739255874	0.6247114894847702	0.2146622559599472	0.0181818182	0.5020587185469396	.	.
lun_lcp4_PBMC_PCsort_1_1_1_top56.clonotypes.IGHA	lun_lcp4_tum_notPCsort_1_1_1_top56.clonotypes.IGHA	56	56	0	0	43754	580	0	0	1.0000000000000007	0.9999999999999993	0.0	0.0	0.0	0.0	0.0	0.0	0.0	0.5241802061819432	0.31678745072616227	0.8277959201106281	0.3970976786078673	0.0	NaN	.	.
lun_lcp4_PBMC_PCsort_1_1_1_top56.clonotypes.IGHA	lun_lcp4_tum_PCsort_1_1_1_top56.clonotypes.IGHA	56	56	2	2	43754	17920	1085	593	1.0000000000000007	1.0000000000000004	0.024797732778717375	0.03309151785714286	0.0	0.0	6.377551E-4	0.028646022709332315	0.028160498016520902	0.38076244544198795	0.28465940637031373	0.7164927785776797	0.3050515820142828	0.0181818182	0.8985370166821112	.	.
lun_lcp4_PBMC_PCsort_1_1_1_top56.clonotypes.IGHA	lun_lcp4_tum_PCsort_1_2_1_top56.clonotypes.IGHA	56	56	2	2	43754	11271	10898	545	1.0000000000000007	1.0000000000000002	0.2490743703432829	0.04835418330228019	0.0	0.0	6.377551E-4	0.10974419237244001	0.10743481368565018	0.4619776519014103	0.26706992326694967	0.7392590740857077	0.19824388108820626	0.0181818182	0.32163331897193	.	.
lun_lcp4_tum_bulk_1_1_1_top56.clonotypes.IGHA	lun_lcp4_tum_bulk_1_1_2_top56.clonotypes.IGHA	56	56	6	6	6489	7780	816	2014	1.0	1.0	0.12575127138233932	0.25886889460154244	-0.33957788055448684	-0.6957252427829381	0.0019132653	0.18042475611036518	0.08435984984959823	0.3436945212652731	0.24820766595981572	0.6604133508701175	0.24035157863183376	0.0566037736	0.07017164447424167	.	.
lun_lcp4_tum_bulk_1_1_1_top56.clonotypes.IGHA	lun_lcp4_tum_bulk_1_2_1_top56.clonotypes.IGHA	56	56	1	1	6489	7674	43	24	1.0	1.0	0.006626598859608568	0.003127443315089914	0.0	0.0	3.188776E-4	0.004552396325592189	0.004552396325592189	0.2881221360457421	0.1949079881997348	0.6470685686882413	0.22147091057422552	0.009009009	0.7719599442507313	.	.
lun_lcp4_tum_bulk_1_1_1_top56.clonotypes.IGHA	lun_lcp4_tum_bulk_1_2_2_top56.clonotypes.IGHA	56	56	1	1	6489	7219	570	32	1.0	0.9999999999999998	0.08784096162736939	0.004432746917855659	0.0	0.0	3.188776E-4	0.019732631652042736	0.019732631652042736	0.295659361351197	0.18579793239357548	0.711074839182044	0.12519023167505597	0.009009009	0.10067028662090256	.	.
lun_lcp4_tum_bulk_1_1_1_top56.clonotypes.IGHA	lun_lcp4_tum_notPCsort_1_1_1_top56.clonotypes.IGHA	56	56	0	0	6489	580	0	0	1.0	0.9999999999999993	0.0	0.0	0.0	0.0	0.0	0.0	0.0	0.5795946352769258	0.3851098664221597	0.6842316004736708	0.2959803591714932	0.0	NaN	.	.
lun_lcp4_tum_bulk_1_1_1_top56.clonotypes.IGHA	lun_lcp4_tum_PCsort_1_1_1_top56.clonotypes.IGHA	56	56	3	3	6489	17920	409	1292	1.0	1.0000000000000004	0.06302974264139312	0.07209821428571428	-0.994486812867825	-1.0	9.566327E-4	0.06741165990637364	0.0593116627873341	0.28058957313349225	0.24675539068022756	0.6732184038800325	0.19756283872395455	0.0275229358	0.696116260228763	.	.
lun_lcp4_tum_bulk_1_1_1_top56.clonotypes.IGHA	lun_lcp4_tum_PCsort_1_2_1_top56.clonotypes.IGHA	56	56	0	0	6489	11271	0	0	1.0	1.0000000000000002	0.0	0.0	0.0	0.0	0.0	0.0	0.0	0.37230288250519267	0.24753353635830902	0.6831302979463284	0.24340584726965092	0.0	NaN	.	.
lun_lcp4_tum_bulk_1_1_2_top56.clonotypes.IGHA	lun_lcp4_tum_bulk_1_2_1_top56.clonotypes.IGHA	56	56	1	1	7780	7674	37	24	1.0	1.0	0.004755784061696658	0.003127443315089914	0.0	0.0	3.188776E-4	0.003856610567812671	0.003856610567812671	0.2900286031693514	0.1798923266239141	0.8540125558339449	0.23078150431160116	0.009009009	0.918159695585171	.	.
lun_lcp4_tum_bulk_1_1_2_top56.clonotypes.IGHA	lun_lcp4_tum_bulk_1_2_2_top56.clonotypes.IGHA	56	56	1	1	7780	7219	28	32	1.0	0.9999999999999998	0.0035989717223650387	0.004432746917855659	0.0	0.0	3.188776E-4	0.003994162091072832	0.003994162091072832	0.43914863838395596	0.2479502894003434	0.7244921650309775	0.24206182978717147	0.009009009	0.9786766323887057	.	.
lun_lcp4_tum_bulk_1_1_2_top56.clonotypes.IGHA	lun_lcp4_tum_notPCsort_1_1_1_top56.clonotypes.IGHA	56	56	1	1	7780	580	48	1	1.0	0.9999999999999993	0.006169665809768638	0.0017241379310344827	0.0	0.0	3.188776E-4	0.003261495798621958	0.003261495798621958	0.34516772525991873	0.2538945923593928	0.8160770656538266	0.4546719675419511	0.009009009	0.518422104514872	.	.
lun_lcp4_tum_bulk_1_1_2_top56.clonotypes.IGHA	lun_lcp4_tum_PCsort_1_1_1_top56.clonotypes.IGHA	56	56	2	2	7780	17920	158	978	1.0	1.0000000000000004	0.02030848329048843	0.05457589285714286	0.0	0.0	6.377551E-4	0.03329194509416313	0.032309080090734514	0.40885596439826083	0.2312536621582191	0.6841297766986744	0.21459017112378045	0.0181818182	0.6168411841651812	.	.
lun_lcp4_tum_bulk_1_1_2_top56.clonotypes.IGHA	lun_lcp4_tum_PCsort_1_2_1_top56.clonotypes.IGHA	56	56	1	1	7780	11271	31	167	1.0	1.0000000000000002	0.003984575835475578	0.014816786443084021	0.0	0.0	3.188776E-4	0.007683658583026365	0.007683658583026365	0.3661020092795203	0.22249920789331412	0.6629874678270794	0.15837323945610424	0.009009009	0.5015726162790652	.	.
lun_lcp4_tum_bulk_1_2_1_top56.clonotypes.IGHA	lun_lcp4_tum_bulk_1_2_2_top56.clonotypes.IGHA	56	56	2	2	7674	7219	452	105	1.0	0.9999999999999998	0.058900182434193385	0.014544950824213879	0.0	0.0	6.377551E-4	0.02926944237669329	0.028608445959809905	0.34231617630930933	0.21097069001837215	0.8191976888355202	0.19782568541328685	0.0181818182	0.41600415713728833	.	.
lun_lcp4_tum_bulk_1_2_1_top56.clonotypes.IGHA	lun_lcp4_tum_notPCsort_1_1_1_top56.clonotypes.IGHA	56	56	0	0	7674	580	0	0	1.0	0.9999999999999993	0.0	0.0	0.0	0.0	0.0	0.0	0.0	0.5336315195832169	0.3901476006277072	0.8378695064695337	0.45337190904742364	0.0	NaN	.	.
lun_lcp4_tum_bulk_1_2_1_top56.clonotypes.IGHA	lun_lcp4_tum_PCsort_1_1_1_top56.clonotypes.IGHA	56	56	1	1	7674	17920	289	462	1.0	1.0000000000000004	0.03765962991920772	0.02578125	0.0	0.0	3.188776E-4	0.031159466199769434	0.031159466199769434	0.3035834628242927	0.1788415814002365	0.7243683297327704	0.227629744537951	0.009009009	0.9322605426973375	.	.
lun_lcp4_tum_bulk_1_2_1_top56.clonotypes.IGHA	lun_lcp4_tum_PCsort_1_2_1_top56.clonotypes.IGHA	56	56	3	3	7674	11271	634	1563	1.0	1.0000000000000002	0.08261662757362523	0.13867447431461274	0.7770434853550838	0.5	9.566327E-4	0.10703652366560967	0.10649633532449602	0.39654841844748834	0.22448197920766078	0.6748708135423221	0.08614552554896905	0.0275229358	0.8589828279245754	.	.
lun_lcp4_tum_bulk_1_2_2_top56.clonotypes.IGHA	lun_lcp4_tum_notPCsort_1_1_1_top56.clonotypes.IGHA	56	56	0	0	7219	580	0	0	0.9999999999999998	0.9999999999999993	0.0	0.0	0.0	0.0	0.0	0.0	0.0	0.6183596190410638	0.359339065935098	0.8221935317032671	0.3490489913696983	0.0	NaN	.	.
lun_lcp4_tum_bulk_1_2_2_top56.clonotypes.IGHA	lun_lcp4_tum_PCsort_1_1_1_top56.clonotypes.IGHA	56	56	1	1	7219	17920	45	462	0.9999999999999998	1.0000000000000004	0.00623355035323452	0.02578125	0.0	0.0	3.188776E-4	0.012677094306043774	0.012677094306043774	0.37935751482854563	0.2566806964135023	0.6886223677193837	0.2217579474998243	0.009009009	0.4568638712946459	.	.
lun_lcp4_tum_bulk_1_2_2_top56.clonotypes.IGHA	lun_lcp4_tum_PCsort_1_2_1_top56.clonotypes.IGHA	56	56	4	4	7219	11271	800	1656	0.9999999999999998	1.0000000000000002	0.11081867294639147	0.14692573862124036	0.5639946035332072	0.8	0.0012755102	0.12760139253030994	0.11406933129716455	0.5458248817384179	0.29567350581678925	0.7305413796213852	0.19645703324968924	0.037037037	0.7745150034406915	.	.
lun_lcp4_tum_notPCsort_1_1_1_top56.clonotypes.IGHA	lun_lcp4_tum_PCsort_1_1_1_top56.clonotypes.IGHA	56	56	0	0	580	17920	0	0	0.9999999999999993	1.0000000000000004	0.0	0.0	0.0	0.0	0.0	0.0	0.0	0.5347398821096018	0.38841278842407523	0.8756331846566477	0.4349244014497703	0.0	NaN	.	.
lun_lcp4_tum_notPCsort_1_1_1_top56.clonotypes.IGHA	lun_lcp4_tum_PCsort_1_2_1_top56.clonotypes.IGHA	56	56	0	0	580	11271	0	0	0.9999999999999993	1.0000000000000002	0.0	0.0	0.0	0.0	0.0	0.0	0.0	0.4118984963502704	0.27630067778481704	0.8337598472366027	0.3468031273260619	0.0	NaN	.	.
lun_lcp4_tum_PCsort_1_1_1_top56.clonotypes.IGHA	lun_lcp4_tum_PCsort_1_2_1_top56.clonotypes.IGHA	56	56	1	1	17920	11271	462	581	1.0000000000000004	1.0000000000000002	0.02578125	0.05154822109839411	0.0	0.0	3.188776E-4	0.036455144701303455	0.036455144701303455	0.4863993278668917	0.28099242028694893	0.6944760711120099	0.23440318707659685	0.009009009	0.8001329334052576	.	.
