1_sample_id	2_sample_id	div1	div2	div12	div21	count1	count2	count12	count21	freq1	freq2	freq12	freq21	R	Rs	D	F	F2	vJSD	vjJSD	vj2JSD	sJSD	Jaccard	MorisitaHorn	1_metadata_blank	2_metadata_blank
lun_lcp4_norm_bulk_1_1_1_top55.clonotypes.IGHG	lun_lcp4_norm_bulk_1_1_2_top55.clonotypes.IGHG	55	55	13	13	7202	5417	2138	1612	1.0000000000000004	1.0000000000000004	0.29686198278256043	0.2975816872807827	0.1073781169631157	0.25034411578573185	0.0042975207	0.2972216171915377	0.27109434505171437	0.21652503621419808	0.14479920816515834	0.46337098120724113	0.11291342304269811	0.1340206186	0.6860439426305773	.	.
lun_lcp4_norm_bulk_1_1_1_top55.clonotypes.IGHG	lun_lcp4_norm_bulk_1_2_1_top55.clonotypes.IGHG	55	55	9	9	7202	10013	1588	4273	1.0000000000000004	1.0	0.2204943071369064	0.4267452311994407	0.4480216154722018	0.4166666666666666	0.0029752066	0.3067489104745111	0.2523212542610826	0.29298826527707367	0.19555016478568504	0.4562346749915059	0.2654157655975635	0.0891089109	0.30759540203793495	.	.
lun_lcp4_norm_bulk_1_1_1_top55.clonotypes.IGHG	lun_lcp4_norm_bulk_1_2_2_top55.clonotypes.IGHG	55	55	9	9	7202	6663	1620	2133	1.0000000000000004	1.0	0.22493751735628995	0.320126069338136	0.41466691034697784	0.33333333333333326	0.0029752066	0.26834374089579177	0.23657744387316723	0.32028468973760177	0.18444518754662037	0.5126243082397562	0.1909224415368993	0.0891089109	0.5248253489552608	.	.
lun_lcp4_norm_bulk_1_1_1_top55.clonotypes.IGHG	lun_lcp4_PBMC_bulk_1_1_1_top55.clonotypes.IGHG	55	55	0	0	7202	16368	0	0	1.0000000000000004	1.000000000000001	0.0	0.0	0.0	0.0	0.0	0.0	0.0	0.5001086704564935	0.2773666529276656	0.7270563982583088	0.34847260296889715	0.0	NaN	.	.
lun_lcp4_norm_bulk_1_1_1_top55.clonotypes.IGHG	lun_lcp4_PBMC_bulk_1_1_2_top55.clonotypes.IGHG	55	55	0	0	7202	19949	0	0	1.0000000000000004	1.0	0.0	0.0	0.0	0.0	0.0	0.0	0.0	0.4398341052958183	0.2480615695977531	0.7588872912459658	0.4359239717760257	0.0	NaN	.	.
lun_lcp4_norm_bulk_1_1_1_top55.clonotypes.IGHG	lun_lcp4_PBMC_notPCsort_1_1_1_top55.clonotypes.IGHG	55	55	0	0	7202	5217	0	0	1.0000000000000004	1.0000000000000002	0.0	0.0	0.0	0.0	0.0	0.0	0.0	0.4830964842020811	0.2598294721113164	0.7605606366087806	0.26292568665320987	0.0	NaN	.	.
lun_lcp4_norm_bulk_1_1_1_top55.clonotypes.IGHG	lun_lcp4_PBMC_PCsort_1_1_1_top55.clonotypes.IGHG	55	55	0	0	7202	35488	0	0	1.0000000000000004	1.0000000000000002	0.0	0.0	0.0	0.0	0.0	0.0	0.0	0.4688218649807949	0.2697168546745539	0.7217997583318807	0.4013691063435188	0.0	NaN	.	.
lun_lcp4_norm_bulk_1_1_1_top55.clonotypes.IGHG	lun_lcp4_tum_bulk_1_1_1_top55.clonotypes.IGHG	55	55	2	2	7202	11956	176	138	1.0000000000000004	0.9999999999999993	0.024437656206609273	0.011542321846771494	0.0	0.0	6.61157E-4	0.0167948591276449	0.016335678734125857	0.21151923676228418	0.1518196933973681	0.6584356618688016	0.33859647687997024	0.0185185185	0.6878016814469684	.	.
lun_lcp4_norm_bulk_1_1_1_top55.clonotypes.IGHG	lun_lcp4_tum_bulk_1_1_2_top55.clonotypes.IGHG	55	55	2	2	7202	12520	176	402	1.0000000000000004	0.9999999999999999	0.024437656206609273	0.032108626198083065	0.0	0.0	6.61157E-4	0.02801177552914634	0.02762533486017381	0.27975518826332907	0.18464452574624196	0.6280449223402772	0.23006201585431715	0.0185185185	0.9022996495444762	.	.
lun_lcp4_norm_bulk_1_1_1_top55.clonotypes.IGHG	lun_lcp4_tum_bulk_1_2_1_top55.clonotypes.IGHG	55	55	1	1	7202	9199	111	184	1.0000000000000004	0.9999999999999999	0.015412385448486532	0.02000217414936406	0.0	0.0	3.305785E-4	0.01755793888239027	0.01755793888239027	0.29564621876884833	0.2036723066795541	0.6366468425311554	0.26497658974939065	0.0091743119	0.9669617070914156	.	.
lun_lcp4_norm_bulk_1_1_1_top55.clonotypes.IGHG	lun_lcp4_tum_bulk_1_2_2_top55.clonotypes.IGHG	55	55	1	1	7202	16033	298	460	1.0000000000000004	0.9999999999999996	0.04137739516800889	0.028690825173080522	0.0	0.0	3.305785E-4	0.03445506654880832	0.03445506654880832	0.28267424761910165	0.1679295633820665	0.6628100585958234	0.22225287858228127	0.0091743119	0.9365155651349616	.	.
lun_lcp4_norm_bulk_1_1_1_top55.clonotypes.IGHG	lun_lcp4_tum_notPCsort_1_1_1_top55.clonotypes.IGHG	55	55	1	1	7202	3733	65	3	1.0000000000000004	0.9999999999999996	0.009025270758122744	8.036431824270024E-4	0.0	0.0	3.305785E-4	0.002693157498982027	0.002693157498982027	0.5043485823701758	0.2940658699471258	0.8295148866663589	0.49449135311130876	0.0091743119	0.17668642247644228	.	.
lun_lcp4_norm_bulk_1_1_1_top55.clonotypes.IGHG	lun_lcp4_tum_PCsort_1_1_1_top55.clonotypes.IGHG	55	55	1	1	7202	24207	65	1106	1.0000000000000004	0.9999999999999999	0.009025270758122744	0.04568926343619614	0.0	0.0	3.305785E-4	0.02030659925371227	0.02030659925371227	0.23486703222275387	0.16056421205051094	0.5648185934967114	0.28910079740126754	0.0091743119	0.38023490952460076	.	.
lun_lcp4_norm_bulk_1_1_1_top55.clonotypes.IGHG	lun_lcp4_tum_PCsort_1_2_1_top55.clonotypes.IGHG	55	55	0	0	7202	16430	0	0	1.0000000000000004	1.0	0.0	0.0	0.0	0.0	0.0	0.0	0.0	0.3999207148130252	0.25506937098265653	0.604509206813525	0.2837908275122749	0.0	NaN	.	.
lun_lcp4_norm_bulk_1_1_2_top55.clonotypes.IGHG	lun_lcp4_norm_bulk_1_2_1_top55.clonotypes.IGHG	55	55	11	11	5417	10013	1516	4363	1.0000000000000004	1.0	0.2798597009414805	0.43573354638969336	0.4426991380272094	0.1867886395070641	0.0036363636	0.34920518321295047	0.2840784556022153	0.3526712897019014	0.21039039607795476	0.5090222054454466	0.1775986570143552	0.1111111111	0.34708380733545235	.	.
lun_lcp4_norm_bulk_1_1_2_top55.clonotypes.IGHG	lun_lcp4_norm_bulk_1_2_2_top55.clonotypes.IGHG	55	55	10	10	5417	6663	1443	2179	1.0000000000000004	1.0	0.26638360716263615	0.32702986642653453	0.3986230125867812	0.2121212121212123	0.0033057851	0.29515317289267845	0.2588387878540553	0.2594521683083279	0.1484502560808969	0.45146919611360614	0.13439046783132	0.1	0.5579003788071346	.	.
lun_lcp4_norm_bulk_1_1_2_top55.clonotypes.IGHG	lun_lcp4_PBMC_bulk_1_1_1_top55.clonotypes.IGHG	55	55	0	0	5417	16368	0	0	1.0000000000000004	1.000000000000001	0.0	0.0	0.0	0.0	0.0	0.0	0.0	0.5378830526570009	0.3061982356906835	0.7118352437551507	0.3340919688042433	0.0	NaN	.	.
lun_lcp4_norm_bulk_1_1_2_top55.clonotypes.IGHG	lun_lcp4_PBMC_bulk_1_1_2_top55.clonotypes.IGHG	55	55	0	0	5417	19949	0	0	1.0000000000000004	1.0	0.0	0.0	0.0	0.0	0.0	0.0	0.0	0.4919062551065796	0.2898751116793911	0.741300768046256	0.4167554064618451	0.0	NaN	.	.
lun_lcp4_norm_bulk_1_1_2_top55.clonotypes.IGHG	lun_lcp4_PBMC_notPCsort_1_1_1_top55.clonotypes.IGHG	55	55	0	0	5417	5217	0	0	1.0000000000000004	1.0000000000000002	0.0	0.0	0.0	0.0	0.0	0.0	0.0	0.48299466945703873	0.27632586010148735	0.7778944251460703	0.1932549917957438	0.0	NaN	.	.
lun_lcp4_norm_bulk_1_1_2_top55.clonotypes.IGHG	lun_lcp4_PBMC_PCsort_1_1_1_top55.clonotypes.IGHG	55	55	0	0	5417	35488	0	0	1.0000000000000004	1.0000000000000002	0.0	0.0	0.0	0.0	0.0	0.0	0.0	0.47071599648641893	0.26913584209282276	0.6888577341607283	0.335157139391944	0.0	NaN	.	.
lun_lcp4_norm_bulk_1_1_2_top55.clonotypes.IGHG	lun_lcp4_tum_bulk_1_1_1_top55.clonotypes.IGHG	55	55	1	1	5417	11956	100	55	1.0000000000000004	0.9999999999999993	0.018460402436773122	0.004600200736032118	0.0	0.0	3.305785E-4	0.009215289299696066	0.009215289299696066	0.2901001382015678	0.20952410685503228	0.6996021696977179	0.22802038542927658	0.0091743119	0.46924688259727465	.	.
lun_lcp4_norm_bulk_1_1_2_top55.clonotypes.IGHG	lun_lcp4_tum_bulk_1_1_2_top55.clonotypes.IGHG	55	55	1	1	5417	12520	100	314	1.0000000000000004	0.9999999999999999	0.018460402436773122	0.025079872204472844	0.0	0.0	3.305785E-4	0.0215170754043715	0.0215170754043715	0.29662461401362533	0.23433664749579056	0.7433950899628152	0.14125936309873116	0.0091743119	0.9548174960585847	.	.
lun_lcp4_norm_bulk_1_1_2_top55.clonotypes.IGHG	lun_lcp4_tum_bulk_1_2_1_top55.clonotypes.IGHG	55	55	1	1	5417	9199	100	184	1.0000000000000004	0.9999999999999999	0.018460402436773122	0.02000217414936406	0.0	0.0	3.305785E-4	0.019215831608537806	0.019215831608537806	0.32130784235383336	0.1750063621067991	0.5408244260313426	0.22708346468943014	0.0091743119	0.9967915437087516	.	.
lun_lcp4_norm_bulk_1_1_2_top55.clonotypes.IGHG	lun_lcp4_tum_bulk_1_2_2_top55.clonotypes.IGHG	55	55	0	0	5417	16033	0	0	1.0000000000000004	0.9999999999999996	0.0	0.0	0.0	0.0	0.0	0.0	0.0	0.3371766842375388	0.1863574323715236	0.6549406772780445	0.14820304632944317	0.0	NaN	.	.
lun_lcp4_norm_bulk_1_1_2_top55.clonotypes.IGHG	lun_lcp4_tum_notPCsort_1_1_1_top55.clonotypes.IGHG	55	55	0	0	5417	3733	0	0	1.0000000000000004	0.9999999999999996	0.0	0.0	0.0	0.0	0.0	0.0	0.0	0.4925674995004914	0.3422087057677921	0.8621451011019995	0.43001018131156343	0.0	NaN	.	.
lun_lcp4_norm_bulk_1_1_2_top55.clonotypes.IGHG	lun_lcp4_tum_PCsort_1_1_1_top55.clonotypes.IGHG	55	55	0	0	5417	24207	0	0	1.0000000000000004	0.9999999999999999	0.0	0.0	0.0	0.0	0.0	0.0	0.0	0.258793477118864	0.17436408258170083	0.6595053321269176	0.23366516704549609	0.0	NaN	.	.
lun_lcp4_norm_bulk_1_1_2_top55.clonotypes.IGHG	lun_lcp4_tum_PCsort_1_2_1_top55.clonotypes.IGHG	55	55	0	0	5417	16430	0	0	1.0000000000000004	1.0	0.0	0.0	0.0	0.0	0.0	0.0	0.0	0.49001437702638617	0.2899520018089458	0.6958532231204438	0.2590888242485395	0.0	NaN	.	.
lun_lcp4_norm_bulk_1_2_1_top55.clonotypes.IGHG	lun_lcp4_norm_bulk_1_2_2_top55.clonotypes.IGHG	55	55	14	14	10013	6663	5548	3147	1.0	1.0	0.5540796963946869	0.47230977037370553	0.8778621552080579	0.7634768096307677	0.0046280992	0.511563538744609	0.48855099477239705	0.22312323094238773	0.13656639470653828	0.377235442741436	0.07228529382480728	0.1458333333	0.8435544891361129	.	.
lun_lcp4_norm_bulk_1_2_1_top55.clonotypes.IGHG	lun_lcp4_PBMC_bulk_1_1_1_top55.clonotypes.IGHG	55	55	2	2	10013	16368	293	1571	1.0	1.000000000000001	0.029261959452711477	0.09597996089931574	0.0	0.0	6.61157E-4	0.052995865160487855	0.05224581962680678	0.45837361885230177	0.2642702024729555	0.6981477632317847	0.3422005285576354	0.0185185185	0.49704709275196535	.	.
lun_lcp4_norm_bulk_1_2_1_top55.clonotypes.IGHG	lun_lcp4_PBMC_bulk_1_1_2_top55.clonotypes.IGHG	55	55	2	2	10013	19949	293	2650	1.0	1.0	0.029261959452711477	0.13283873878389893	0.0	0.0	6.61157E-4	0.06234678650936055	0.06232399057980302	0.4685721160324099	0.2641683704422945	0.7334211696385599	0.3979790699185506	0.0185185185	0.41274870843981604	.	.
lun_lcp4_norm_bulk_1_2_1_top55.clonotypes.IGHG	lun_lcp4_PBMC_notPCsort_1_1_1_top55.clonotypes.IGHG	55	55	2	2	10013	5217	293	162	1.0	1.0000000000000002	0.029261959452711477	0.03105232892466935	0.0	0.0	6.61157E-4	0.03014385492776155	0.030078234401539724	0.6063109137650948	0.36595027095397553	0.7685342807451047	0.2659795881704073	0.0185185185	0.9908831786234044	.	.
lun_lcp4_norm_bulk_1_2_1_top55.clonotypes.IGHG	lun_lcp4_PBMC_PCsort_1_1_1_top55.clonotypes.IGHG	55	55	1	1	10013	35488	219	3075	1.0	1.0000000000000002	0.021871566962948168	0.0866490081154193	0.0	0.0	3.305785E-4	0.0435333157853779	0.0435333157853779	0.46839008170298035	0.29150841933959143	0.7747440620260803	0.38328919815438045	0.0091743119	0.4745932522646416	.	.
lun_lcp4_norm_bulk_1_2_1_top55.clonotypes.IGHG	lun_lcp4_tum_bulk_1_1_1_top55.clonotypes.IGHG	55	55	2	2	10013	11956	246	189	1.0	0.9999999999999993	0.02456806152002397	0.015807962529274005	0.0	0.0	6.61157E-4	0.019707130585791464	0.019692013379674835	0.4638641243362995	0.368248579080266	0.754644922275449	0.18153027706364316	0.0185185185	0.898488425794507	.	.
lun_lcp4_norm_bulk_1_2_1_top55.clonotypes.IGHG	lun_lcp4_tum_bulk_1_1_2_top55.clonotypes.IGHG	55	55	2	2	10013	12520	246	455	1.0	0.9999999999999999	0.02456806152002397	0.03634185303514377	0.0	0.0	6.61157E-4	0.029880576987720335	0.026908430421553338	0.4083997212867759	0.33875422801362237	0.735946576643084	0.1816443361545637	0.0185185185	0.6439025903335449	.	.
lun_lcp4_norm_bulk_1_2_1_top55.clonotypes.IGHG	lun_lcp4_tum_bulk_1_2_1_top55.clonotypes.IGHG	55	55	2	2	10013	9199	246	517	1.0	0.9999999999999999	0.02456806152002397	0.05620176106098489	0.0	0.0	6.61157E-4	0.03715869108674261	0.03693973069454203	0.4960634334771536	0.31596783238256715	0.7330512855375501	0.23385798626342433	0.0185185185	0.7556648471285212	.	.
lun_lcp4_norm_bulk_1_2_1_top55.clonotypes.IGHG	lun_lcp4_tum_bulk_1_2_2_top55.clonotypes.IGHG	55	55	0	0	10013	16033	0	0	1.0	0.9999999999999996	0.0	0.0	0.0	0.0	0.0	0.0	0.0	0.38622396550774973	0.2524244818351275	0.7164094585315011	0.14467041613071643	0.0	NaN	.	.
lun_lcp4_norm_bulk_1_2_1_top55.clonotypes.IGHG	lun_lcp4_tum_notPCsort_1_1_1_top55.clonotypes.IGHG	55	55	0	0	10013	3733	0	0	1.0	0.9999999999999996	0.0	0.0	0.0	0.0	0.0	0.0	0.0	0.6077458164257384	0.44793515095055036	0.844598630365266	0.39724622951400496	0.0	NaN	.	.
lun_lcp4_norm_bulk_1_2_1_top55.clonotypes.IGHG	lun_lcp4_tum_PCsort_1_1_1_top55.clonotypes.IGHG	55	55	1	1	10013	24207	264	1006	1.0	0.9999999999999999	0.026365724558074503	0.04155822695914405	0.0	0.0	3.305785E-4	0.03310155230690456	0.03310155230690456	0.5016202788134844	0.36643428777713444	0.7021050859872494	0.1840331401980844	0.0091743119	0.9047111961515941	.	.
lun_lcp4_norm_bulk_1_2_1_top55.clonotypes.IGHG	lun_lcp4_tum_PCsort_1_2_1_top55.clonotypes.IGHG	55	55	0	0	10013	16430	0	0	1.0	1.0	0.0	0.0	0.0	0.0	0.0	0.0	0.0	0.5292268800592063	0.3801875953029965	0.8317728696463385	0.20018589789747315	0.0	NaN	.	.
lun_lcp4_norm_bulk_1_2_2_top55.clonotypes.IGHG	lun_lcp4_PBMC_bulk_1_1_1_top55.clonotypes.IGHG	55	55	3	3	6663	16368	327	911	1.0	1.000000000000001	0.04907699234579019	0.05565738025415445	-0.035358038985811906	-0.5	9.917355E-4	0.05226372379308493	0.04927134743229028	0.4274050171693184	0.2439159005076767	0.6813191271698523	0.34564325515958855	0.0280373832	0.8212968852688937	.	.
lun_lcp4_norm_bulk_1_2_2_top55.clonotypes.IGHG	lun_lcp4_PBMC_bulk_1_1_2_top55.clonotypes.IGHG	55	55	4	4	6663	19949	389	1030	1.0	1.0	0.05838211016058833	0.05163166073487393	0.9860058128421931	1.0	0.001322314	0.05490323583175706	0.05474561484959261	0.41133471626073836	0.24145963531992987	0.7384663968679068	0.4146483209232255	0.0377358491	0.9782919144697911	.	.
lun_lcp4_norm_bulk_1_2_2_top55.clonotypes.IGHG	lun_lcp4_PBMC_notPCsort_1_1_1_top55.clonotypes.IGHG	55	55	1	1	6663	5217	62	303	1.0	1.0000000000000002	0.009305117814798139	0.05807935595169638	0.0	0.0	3.305785E-4	0.023247263274160518	0.023247263274160518	0.5206429600960195	0.2764054888512078	0.7904409876815525	0.26405204620750317	0.0091743119	0.3124086645253339	.	.
lun_lcp4_norm_bulk_1_2_2_top55.clonotypes.IGHG	lun_lcp4_PBMC_PCsort_1_1_1_top55.clonotypes.IGHG	55	55	4	4	6663	35488	389	1659	1.0	1.0000000000000002	0.05838211016058833	0.046748196573489637	0.6043782435573604	0.6000000000000001	0.001322314	0.05224230433434488	0.0510371510130168	0.33780865136044613	0.216728890618961	0.6406689836119178	0.34517060044079545	0.0377358491	0.8817901634348843	.	.
lun_lcp4_norm_bulk_1_2_2_top55.clonotypes.IGHG	lun_lcp4_tum_bulk_1_1_1_top55.clonotypes.IGHG	55	55	0	0	6663	11956	0	0	1.0	0.9999999999999993	0.0	0.0	0.0	0.0	0.0	0.0	0.0	0.3979975568264673	0.2685308803523199	0.7181812205941034	0.16394869273783366	0.0	NaN	.	.
lun_lcp4_norm_bulk_1_2_2_top55.clonotypes.IGHG	lun_lcp4_tum_bulk_1_1_2_top55.clonotypes.IGHG	55	55	1	1	6663	12520	128	151	1.0	0.9999999999999999	0.019210565811196158	0.01206070287539936	0.0	0.0	3.305785E-4	0.015221462686520706	0.015221462686520706	0.35819775997752495	0.26811647095420454	0.6967774044905832	0.1429470058221894	0.0091743119	0.9006415843759008	.	.
lun_lcp4_norm_bulk_1_2_2_top55.clonotypes.IGHG	lun_lcp4_tum_bulk_1_2_1_top55.clonotypes.IGHG	55	55	0	0	6663	9199	0	0	1.0	0.9999999999999999	0.0	0.0	0.0	0.0	0.0	0.0	0.0	0.40850339972311905	0.23034301039440444	0.6872325082397416	0.24268726382588865	0.0	NaN	.	.
lun_lcp4_norm_bulk_1_2_2_top55.clonotypes.IGHG	lun_lcp4_tum_bulk_1_2_2_top55.clonotypes.IGHG	55	55	1	1	6663	16033	49	148	1.0	0.9999999999999996	0.007354044724598529	0.009230961142643298	0.0	0.0	3.305785E-4	0.008239229399284252	0.008239229399284252	0.36783402280710553	0.21300000442701422	0.7241912263189064	0.12618289611428102	0.0091743119	0.9747092465820223	.	.
lun_lcp4_norm_bulk_1_2_2_top55.clonotypes.IGHG	lun_lcp4_tum_notPCsort_1_1_1_top55.clonotypes.IGHG	55	55	0	0	6663	3733	0	0	1.0	0.9999999999999996	0.0	0.0	0.0	0.0	0.0	0.0	0.0	0.5767017689824676	0.3699475433947994	0.8466922359394454	0.4244847670382454	0.0	NaN	.	.
lun_lcp4_norm_bulk_1_2_2_top55.clonotypes.IGHG	lun_lcp4_tum_PCsort_1_1_1_top55.clonotypes.IGHG	55	55	0	0	6663	24207	0	0	1.0	0.9999999999999999	0.0	0.0	0.0	0.0	0.0	0.0	0.0	0.39931709686431466	0.2581172451957211	0.672206658265626	0.15813514120578	0.0	NaN	.	.
lun_lcp4_norm_bulk_1_2_2_top55.clonotypes.IGHG	lun_lcp4_tum_PCsort_1_2_1_top55.clonotypes.IGHG	55	55	0	0	6663	16430	0	0	1.0	1.0	0.0	0.0	0.0	0.0	0.0	0.0	0.0	0.44466228617698106	0.26535001835363703	0.7357590835262686	0.12466131325124313	0.0	NaN	.	.
lun_lcp4_PBMC_bulk_1_1_1_top55.clonotypes.IGHG	lun_lcp4_PBMC_bulk_1_1_2_top55.clonotypes.IGHG	55	55	22	22	16368	19949	10559	14325	1.000000000000001	1.0	0.6451001955034213	0.718081106822397	0.9790449436858731	0.58208535807818	0.0072727273	0.6806131517965558	0.6687108602811038	0.07906973842268417	0.04580653258315725	0.18183650394054138	0.047110442997521755	0.25	0.9814380831416366	.	.
lun_lcp4_PBMC_bulk_1_1_1_top55.clonotypes.IGHG	lun_lcp4_PBMC_notPCsort_1_1_1_top55.clonotypes.IGHG	55	55	9	9	16368	5217	7272	1701	1.000000000000001	1.0000000000000002	0.4442815249266862	0.32604945370902816	0.33972692044518027	0.31666666666666665	0.0029752066	0.3806018240830698	0.31401792055665506	0.44117615954666956	0.26831539522326997	0.609673055538954	0.14060856456414492	0.0891089109	0.5476788167678681	.	.
lun_lcp4_PBMC_bulk_1_1_1_top55.clonotypes.IGHG	lun_lcp4_PBMC_PCsort_1_1_1_top55.clonotypes.IGHG	55	55	15	15	16368	35488	9249	17482	1.000000000000001	1.0000000000000002	0.565065982404692	0.492617222723174	0.8355071004950692	0.7357142857142857	0.0049586777	0.5275995023761312	0.507838220314134	0.14576536767397452	0.08367949271993355	0.28764696507258936	0.12663506187162207	0.1578947368	0.818649816613214	.	.
lun_lcp4_PBMC_bulk_1_1_1_top55.clonotypes.IGHG	lun_lcp4_tum_bulk_1_1_1_top55.clonotypes.IGHG	55	55	1	1	16368	11956	307	48	1.000000000000001	0.9999999999999993	0.018756109481915934	0.004014720642355303	0.0	0.0	3.305785E-4	0.008677588369318052	0.008677588369318052	0.4915055705462242	0.3299918973221793	0.6741501521255705	0.2871453915959045	0.0091743119	0.4093425930991256	.	.
lun_lcp4_PBMC_bulk_1_1_1_top55.clonotypes.IGHG	lun_lcp4_tum_bulk_1_1_2_top55.clonotypes.IGHG	55	55	1	1	16368	12520	498	151	1.000000000000001	0.9999999999999999	0.030425219941348974	0.01206070287539936	0.0	0.0	3.305785E-4	0.019155926958288536	0.019155926958288536	0.405565826112568	0.26264726397205057	0.6516644837053491	0.3151531119681703	0.0091743119	0.6851476911674269	.	.
lun_lcp4_PBMC_bulk_1_1_1_top55.clonotypes.IGHG	lun_lcp4_tum_bulk_1_2_1_top55.clonotypes.IGHG	55	55	0	0	16368	9199	0	0	1.000000000000001	0.9999999999999999	0.0	0.0	0.0	0.0	0.0	0.0	0.0	0.5812575042140168	0.33967626234408965	0.6551134742093417	0.3067994243513403	0.0	NaN	.	.
lun_lcp4_PBMC_bulk_1_1_1_top55.clonotypes.IGHG	lun_lcp4_tum_bulk_1_2_2_top55.clonotypes.IGHG	55	55	2	2	16368	16033	3938	363	1.000000000000001	0.9999999999999996	0.24059139784946237	0.022640803343104844	0.0	0.0	6.61157E-4	0.0738050304840556	0.06712763313515394	0.4323680122186833	0.26969642086590745	0.6581614877411017	0.26532722314176566	0.0185185185	0.12430888656630144	.	.
lun_lcp4_PBMC_bulk_1_1_1_top55.clonotypes.IGHG	lun_lcp4_tum_notPCsort_1_1_1_top55.clonotypes.IGHG	55	55	1	1	16368	3733	382	1	1.000000000000001	0.9999999999999996	0.02333822091886608	2.678810608090008E-4	0.0	0.0	3.305785E-4	0.0025003734475355197	0.0025003734475355197	0.6907013686787199	0.4584989350245122	0.8419544216756283	0.3556457833111456	0.0091743119	0.022953401052293373	.	.
lun_lcp4_PBMC_bulk_1_1_1_top55.clonotypes.IGHG	lun_lcp4_tum_PCsort_1_1_1_top55.clonotypes.IGHG	55	55	0	0	16368	24207	0	0	1.000000000000001	0.9999999999999999	0.0	0.0	0.0	0.0	0.0	0.0	0.0	0.5586720294056898	0.34951559735614135	0.7555664311656649	0.25819795816495067	0.0	NaN	.	.
lun_lcp4_PBMC_bulk_1_1_1_top55.clonotypes.IGHG	lun_lcp4_tum_PCsort_1_2_1_top55.clonotypes.IGHG	55	55	1	1	16368	16430	382	575	1.000000000000001	1.0	0.02333822091886608	0.034996956786366405	0.0	0.0	3.305785E-4	0.028579130654521816	0.028579130654521816	0.5209279140323829	0.3342095189953475	0.6877190717050279	0.21756776120629742	0.0091743119	0.9231821248476481	.	.
lun_lcp4_PBMC_bulk_1_1_2_top55.clonotypes.IGHG	lun_lcp4_PBMC_notPCsort_1_1_1_top55.clonotypes.IGHG	55	55	9	9	19949	5217	9402	1811	1.0	1.0000000000000002	0.4713018196400823	0.3471343684109641	0.2508778707524115	-0.11666666666666639	0.0029752066	0.4044812226688627	0.31308710356151614	0.3542838364330831	0.2397758777631329	0.5863423911441608	0.17785989323985482	0.0891089109	0.4954016448431341	.	.
lun_lcp4_PBMC_bulk_1_1_2_top55.clonotypes.IGHG	lun_lcp4_PBMC_PCsort_1_1_1_top55.clonotypes.IGHG	55	55	16	16	19949	35488	12393	18129	1.0	1.0000000000000002	0.6212341470750412	0.5108487376014427	0.8644156399701107	0.6176470588235294	0.0052892562	0.5633441930012182	0.5427345768489839	0.11959213293787414	0.07353254686915682	0.287537551277117	0.11779885216355976	0.170212766	0.8056843805937361	.	.
lun_lcp4_PBMC_bulk_1_1_2_top55.clonotypes.IGHG	lun_lcp4_tum_bulk_1_1_1_top55.clonotypes.IGHG	55	55	1	1	19949	11956	931	48	1.0	0.9999999999999993	0.046669005965211285	0.004014720642355303	0.0	0.0	3.305785E-4	0.013688061280062145	0.013688061280062145	0.4879907477946459	0.33006063642625905	0.6915054618566887	0.3816014362455454	0.0091743119	0.17078694461644942	.	.
lun_lcp4_PBMC_bulk_1_1_2_top55.clonotypes.IGHG	lun_lcp4_tum_bulk_1_1_2_top55.clonotypes.IGHG	55	55	1	1	19949	12520	312	151	1.0	0.9999999999999999	0.015639881698330742	0.01206070287539936	0.0	0.0	3.305785E-4	0.013734189680136335	0.013734189680136335	0.3853568706209882	0.24784839703534858	0.7085145256364257	0.3832754376239964	0.0091743119	0.9671581061757473	.	.
lun_lcp4_PBMC_bulk_1_1_2_top55.clonotypes.IGHG	lun_lcp4_tum_bulk_1_2_1_top55.clonotypes.IGHG	55	55	0	0	19949	9199	0	0	1.0	0.9999999999999999	0.0	0.0	0.0	0.0	0.0	0.0	0.0	0.5543280026640328	0.3370132857323724	0.6897905990132157	0.3982240278669528	0.0	NaN	.	.
lun_lcp4_PBMC_bulk_1_1_2_top55.clonotypes.IGHG	lun_lcp4_tum_bulk_1_2_2_top55.clonotypes.IGHG	55	55	2	2	19949	16033	4936	363	1.0	0.9999999999999996	0.24743094891974535	0.022640803343104844	0.0	0.0	6.61157E-4	0.07484674645894619	0.06509490554531626	0.4455763701653799	0.274102509833508	0.6984241754761821	0.32154887951301375	0.0185185185	0.11364407490192795	.	.
lun_lcp4_PBMC_bulk_1_1_2_top55.clonotypes.IGHG	lun_lcp4_tum_notPCsort_1_1_1_top55.clonotypes.IGHG	55	55	1	1	19949	3733	350	1	1.0	0.9999999999999996	0.0175447390846659	2.678810608090008E-4	0.0	0.0	3.305785E-4	0.002167926040624412	0.002167926040624412	0.635169586410239	0.4252801890148072	0.820961518713719	0.3694842435351221	0.0091743119	0.0305297929033281	.	.
lun_lcp4_PBMC_bulk_1_1_2_top55.clonotypes.IGHG	lun_lcp4_tum_PCsort_1_1_1_top55.clonotypes.IGHG	55	55	0	0	19949	24207	0	0	1.0	0.9999999999999999	0.0	0.0	0.0	0.0	0.0	0.0	0.0	0.5142637420600862	0.3297730704410884	0.7865801641745283	0.2942235994529357	0.0	NaN	.	.
lun_lcp4_PBMC_bulk_1_1_2_top55.clonotypes.IGHG	lun_lcp4_tum_PCsort_1_2_1_top55.clonotypes.IGHG	55	55	1	1	19949	16430	350	575	1.0	1.0	0.0175447390846659	0.034996956786366405	0.0	0.0	3.305785E-4	0.02477927512204758	0.02477927512204758	0.5673074029081219	0.3723104273127599	0.7155099037389558	0.24459294003296048	0.0091743119	0.801266515670186	.	.
lun_lcp4_PBMC_notPCsort_1_1_1_top55.clonotypes.IGHG	lun_lcp4_PBMC_PCsort_1_1_1_top55.clonotypes.IGHG	55	55	5	5	5217	35488	838	8998	1.0000000000000002	1.0000000000000002	0.16062871382020316	0.25355049594229034	0.4073924849264286	0.3000000000000001	0.0016528926	0.20181053008127386	0.17332559560525906	0.41613148491095103	0.27093161339337507	0.7138228995230134	0.17101884099727452	0.0476190476	0.7092235212600159	.	.
lun_lcp4_PBMC_notPCsort_1_1_1_top55.clonotypes.IGHG	lun_lcp4_tum_bulk_1_1_1_top55.clonotypes.IGHG	55	55	0	0	5217	11956	0	0	1.0000000000000002	0.9999999999999993	0.0	0.0	0.0	0.0	0.0	0.0	0.0	0.5358065264089984	0.3222259997956585	0.7655575361763627	0.2988244552580113	0.0	NaN	.	.
lun_lcp4_PBMC_notPCsort_1_1_1_top55.clonotypes.IGHG	lun_lcp4_tum_bulk_1_1_2_top55.clonotypes.IGHG	55	55	0	0	5217	12520	0	0	1.0000000000000002	0.9999999999999999	0.0	0.0	0.0	0.0	0.0	0.0	0.0	0.4788008364735087	0.3223125320913311	0.7867011768859424	0.2720993030263595	0.0	NaN	.	.
lun_lcp4_PBMC_notPCsort_1_1_1_top55.clonotypes.IGHG	lun_lcp4_tum_bulk_1_2_1_top55.clonotypes.IGHG	55	55	1	1	5217	9199	25	33	1.0000000000000002	0.9999999999999999	0.0047920260686218135	0.003587346450701163	0.0	0.0	3.305785E-4	0.004146161804481093	0.004146161804481093	0.4986158740687067	0.2897703338400221	0.828755855785808	0.358380379620551	0.0091743119	0.9594990522129243	.	.
lun_lcp4_PBMC_notPCsort_1_1_1_top55.clonotypes.IGHG	lun_lcp4_tum_bulk_1_2_2_top55.clonotypes.IGHG	55	55	1	1	5217	16033	371	215	1.0000000000000002	0.9999999999999996	0.0711136668583477	0.013409842200461548	0.0	0.0	3.305785E-4	0.030880787730668963	0.030880787730668963	0.3623346836700583	0.21827747930078245	0.7693903185024203	0.24272392255758823	0.0091743119	0.3641883335057051	.	.
lun_lcp4_PBMC_notPCsort_1_1_1_top55.clonotypes.IGHG	lun_lcp4_tum_notPCsort_1_1_1_top55.clonotypes.IGHG	55	55	1	1	5217	3733	291	1	1.0000000000000002	0.9999999999999996	0.05577918343875791	2.678810608090008E-4	0.0	0.0	3.305785E-4	0.0038655124926242727	0.0038655124926242727	0.611980609687283	0.36352906865481033	0.8377505327393344	0.482422018409132	0.0091743119	0.009604833414761775	.	.
lun_lcp4_PBMC_notPCsort_1_1_1_top55.clonotypes.IGHG	lun_lcp4_tum_PCsort_1_1_1_top55.clonotypes.IGHG	55	55	0	0	5217	24207	0	0	1.0000000000000002	0.9999999999999999	0.0	0.0	0.0	0.0	0.0	0.0	0.0	0.4636726575629032	0.28358555283675396	0.7924257788013671	0.26086544897262814	0.0	NaN	.	.
lun_lcp4_PBMC_notPCsort_1_1_1_top55.clonotypes.IGHG	lun_lcp4_tum_PCsort_1_2_1_top55.clonotypes.IGHG	55	55	1	1	5217	16430	291	575	1.0000000000000002	1.0	0.05577918343875791	0.034996956786366405	0.0	0.0	3.305785E-4	0.04418259467692018	0.04418259467692018	0.39405066151237617	0.22930308529190901	0.757036030661665	0.24720820972644506	0.0091743119	0.9003942442788903	.	.
lun_lcp4_PBMC_PCsort_1_1_1_top55.clonotypes.IGHG	lun_lcp4_tum_bulk_1_1_1_top55.clonotypes.IGHG	55	55	1	1	35488	11956	2005	48	1.0000000000000002	0.9999999999999993	0.05649797114517583	0.004014720642355303	0.0	0.0	3.305785E-4	0.015060663033470064	0.015060663033470064	0.4262234280693306	0.27637824638026043	0.6207669729887587	0.2725378198902732	0.0091743119	0.14140508900996573	.	.
lun_lcp4_PBMC_PCsort_1_1_1_top55.clonotypes.IGHG	lun_lcp4_tum_bulk_1_1_2_top55.clonotypes.IGHG	55	55	1	1	35488	12520	442	151	1.0000000000000002	0.9999999999999999	0.012454914337240757	0.01206070287539936	0.0	0.0	3.305785E-4	0.012256223772435468	0.012256223772435468	0.34455477798555656	0.21044054104542387	0.6894816817283899	0.30070246180393556	0.0091743119	0.9994829999947306	.	.
lun_lcp4_PBMC_PCsort_1_1_1_top55.clonotypes.IGHG	lun_lcp4_tum_bulk_1_2_1_top55.clonotypes.IGHG	55	55	0	0	35488	9199	0	0	1.0000000000000002	0.9999999999999999	0.0	0.0	0.0	0.0	0.0	0.0	0.0	0.46143538901358727	0.2726270833791943	0.6634273457748068	0.38297073182801405	0.0	NaN	.	.
lun_lcp4_PBMC_PCsort_1_1_1_top55.clonotypes.IGHG	lun_lcp4_tum_bulk_1_2_2_top55.clonotypes.IGHG	55	55	2	2	35488	16033	4076	363	1.0000000000000002	0.9999999999999996	0.11485572587917042	0.022640803343104844	0.0	0.0	6.61157E-4	0.05099437128213127	0.047508443626948026	0.4442959045998365	0.265021600193861	0.6791195613295796	0.2993141614905203	0.0185185185	0.2690214927330981	.	.
lun_lcp4_PBMC_PCsort_1_1_1_top55.clonotypes.IGHG	lun_lcp4_tum_notPCsort_1_1_1_top55.clonotypes.IGHG	55	55	1	1	35488	3733	468	1	1.0000000000000002	0.9999999999999996	0.01318755635707845	2.678810608090008E-4	0.0	0.0	3.305785E-4	0.0018795469098728708	0.0018795469098728708	0.5906499117839216	0.40159943677786814	0.8321857780330973	0.2958265138597474	0.0091743119	0.04060958145249761	.	.
lun_lcp4_PBMC_PCsort_1_1_1_top55.clonotypes.IGHG	lun_lcp4_tum_PCsort_1_1_1_top55.clonotypes.IGHG	55	55	1	1	35488	24207	642	600	1.0000000000000002	0.9999999999999999	0.018090622182146077	0.024786218862312553	0.0	0.0	3.305785E-4	0.021175413119041597	0.021175413119041597	0.5114628892224657	0.30318200679365476	0.7637733608483455	0.26901636838863785	0.0091743119	0.9523898500203379	.	.
lun_lcp4_PBMC_PCsort_1_1_1_top55.clonotypes.IGHG	lun_lcp4_tum_PCsort_1_2_1_top55.clonotypes.IGHG	55	55	0	0	35488	16430	0	0	1.0000000000000002	1.0	0.0	0.0	0.0	0.0	0.0	0.0	0.0	0.5034015648462568	0.3178123406239175	0.7473246430307968	0.22171936118752442	0.0	NaN	.	.
lun_lcp4_tum_bulk_1_1_1_top55.clonotypes.IGHG	lun_lcp4_tum_bulk_1_1_2_top55.clonotypes.IGHG	55	55	16	16	11956	12520	5317	7683	0.9999999999999993	0.9999999999999999	0.44471395115423223	0.6136581469648562	0.7999513584648542	0.7147058823529412	0.0052892562	0.5224005543591295	0.4852360291691995	0.20984090285422052	0.12788604934192377	0.3542405077850061	0.08396400970322586	0.170212766	0.8193677593497971	.	.
lun_lcp4_tum_bulk_1_1_1_top55.clonotypes.IGHG	lun_lcp4_tum_bulk_1_2_1_top55.clonotypes.IGHG	55	55	9	9	11956	9199	3266	2708	0.9999999999999993	0.9999999999999999	0.2731682837069254	0.29437982389390155	-0.008288514931523282	0.05857791861290026	0.0029752066	0.28357579454361764	0.20575266144878784	0.20377736004970884	0.15144509831180195	0.47738521227761865	0.15115734732915279	0.0891089109	0.3409149971340935	.	.
lun_lcp4_tum_bulk_1_1_1_top55.clonotypes.IGHG	lun_lcp4_tum_bulk_1_2_2_top55.clonotypes.IGHG	55	55	7	7	11956	16033	3724	3566	0.9999999999999993	0.9999999999999996	0.3114754098360656	0.22241626645044593	-0.2637010563775354	-0.1428571428571426	0.0023140496	0.2632056187600489	0.18233568268624561	0.24814794483770664	0.15099675659266693	0.5133983331296575	0.13034555214414498	0.067961165	0.2556688599099869	.	.
lun_lcp4_tum_bulk_1_1_1_top55.clonotypes.IGHG	lun_lcp4_tum_notPCsort_1_1_1_top55.clonotypes.IGHG	55	55	6	6	11956	3733	4064	2125	0.9999999999999993	0.9999999999999996	0.3399130143860823	0.5692472542191267	0.4243818124583246	0.3142857142857142	0.0019834711	0.43988015426093485	0.37095256841619156	0.3611452565207814	0.20418878105232693	0.4693410421970706	0.20298023307790863	0.0576923077	0.6667839554695687	.	.
lun_lcp4_tum_bulk_1_1_1_top55.clonotypes.IGHG	lun_lcp4_tum_PCsort_1_1_1_top55.clonotypes.IGHG	55	55	11	11	11956	24207	4722	10992	0.9999999999999993	0.9999999999999999	0.39494814319170296	0.45408352955756603	0.9360554856508746	0.29090909090909095	0.0036363636	0.42348488385383426	0.39467296219745973	0.15134164525183563	0.07879019687231673	0.39501123045914693	0.10731219979965077	0.1111111111	0.9542320204952168	.	.
lun_lcp4_tum_bulk_1_1_1_top55.clonotypes.IGHG	lun_lcp4_tum_PCsort_1_2_1_top55.clonotypes.IGHG	55	55	5	5	11956	16430	2866	5083	0.9999999999999993	1.0	0.23971227835396453	0.309373097991479	-0.2661709102930632	-0.09999999999999983	0.0016528926	0.2723243106682945	0.15988950316043182	0.3060871311953906	0.17618239972546648	0.602995389519237	0.1465827538479433	0.0476190476	0.2427474687779755	.	.
lun_lcp4_tum_bulk_1_1_2_top55.clonotypes.IGHG	lun_lcp4_tum_bulk_1_2_1_top55.clonotypes.IGHG	55	55	5	5	12520	9199	3476	2029	0.9999999999999999	0.9999999999999999	0.2776357827476038	0.22056745298402003	-0.33055703993249586	-0.6	0.0016528926	0.24746195153571326	0.18329741386176232	0.3384281519382811	0.24642238403976433	0.5901174842824964	0.1730311367316516	0.0476190476	0.33723552267992407	.	.
lun_lcp4_tum_bulk_1_1_2_top55.clonotypes.IGHG	lun_lcp4_tum_bulk_1_2_2_top55.clonotypes.IGHG	55	55	8	8	12520	16033	4265	4121	0.9999999999999999	0.9999999999999996	0.34065495207667734	0.25703237073535834	-0.31596442902772814	-0.07142857142857159	0.0026446281	0.29590429184959155	0.20881724893748232	0.3030732318403179	0.20152738249368238	0.5883870911196644	0.15110867335839454	0.0784313725	0.23127313908836375	.	.
lun_lcp4_tum_bulk_1_1_2_top55.clonotypes.IGHG	lun_lcp4_tum_notPCsort_1_1_1_top55.clonotypes.IGHG	55	55	8	8	12520	3733	6284	2556	0.9999999999999999	0.9999999999999996	0.5019169329073483	0.684703991427806	0.36643003530170987	0.23809523809523803	0.0026446281	0.5862290741057319	0.4871843523025559	0.38069074818715415	0.23609471794639234	0.4837212907788311	0.2146443981414899	0.0784313725	0.6558870083988451	.	.
lun_lcp4_tum_bulk_1_1_2_top55.clonotypes.IGHG	lun_lcp4_tum_PCsort_1_1_1_top55.clonotypes.IGHG	55	55	8	8	12520	24207	4156	10357	0.9999999999999999	0.9999999999999999	0.3319488817891374	0.4278514479282852	0.9557021671714231	0.09523809523809507	0.0026446281	0.37686179125994934	0.350976466130376	0.19650881852195506	0.12264039632767182	0.36295583662315856	0.12041052902822286	0.0784313725	0.9430733731967632	.	.
lun_lcp4_tum_bulk_1_1_2_top55.clonotypes.IGHG	lun_lcp4_tum_PCsort_1_2_1_top55.clonotypes.IGHG	55	55	4	4	12520	16430	3436	5050	0.9999999999999999	1.0	0.2744408945686901	0.30736457699330494	-0.4259947769900164	-0.6000000000000001	0.001322314	0.290436584246492	0.19611512543781406	0.35217853390731135	0.23849984724454132	0.6278672970129433	0.17804453046788601	0.0377358491	0.3096516365530265	.	.
lun_lcp4_tum_bulk_1_2_1_top55.clonotypes.IGHG	lun_lcp4_tum_bulk_1_2_2_top55.clonotypes.IGHG	55	55	12	12	9199	16033	3112	4988	0.9999999999999999	0.9999999999999996	0.33829764104793997	0.3111083390507079	0.6972866454195406	0.7600712181471055	0.0039669421	0.32441827508819104	0.30906685165885184	0.26427141691425166	0.16173082039393585	0.47099031327933	0.07136139375458415	0.1224489796	0.862657631345115	.	.
lun_lcp4_tum_bulk_1_2_1_top55.clonotypes.IGHG	lun_lcp4_tum_notPCsort_1_1_1_top55.clonotypes.IGHG	55	55	2	2	9199	3733	672	833	0.9999999999999999	0.9999999999999996	0.07305141863246005	0.22314492365389765	0.0	0.0	6.61157E-4	0.12767557806232643	0.12026337036428125	0.5221546161568987	0.35924066556242595	0.7167602383564062	0.19851583128680528	0.0185185185	0.4377266765947478	.	.
lun_lcp4_tum_bulk_1_2_1_top55.clonotypes.IGHG	lun_lcp4_tum_PCsort_1_1_1_top55.clonotypes.IGHG	55	55	8	8	9199	24207	2498	9009	0.9999999999999999	0.9999999999999999	0.2715512555712578	0.37216507621762307	0.034170704582214655	0.38095238095238093	0.0026446281	0.3179023336288496	0.2761177184893545	0.20036866977462237	0.13435410143982335	0.5165555178531365	0.16270860778020094	0.0784313725	0.48393321910736203	.	.
lun_lcp4_tum_bulk_1_2_1_top55.clonotypes.IGHG	lun_lcp4_tum_PCsort_1_2_1_top55.clonotypes.IGHG	55	55	8	8	9199	16430	2814	7133	0.9999999999999999	1.0	0.3059028155234265	0.43414485696895927	0.7302529711137146	0.7857142857142857	0.0026446281	0.3644257593692026	0.3514067643746504	0.2661676412488972	0.15125156109144655	0.4543029096636925	0.1676976537030251	0.0784313725	0.8041786723457838	.	.
lun_lcp4_tum_bulk_1_2_2_top55.clonotypes.IGHG	lun_lcp4_tum_notPCsort_1_1_1_top55.clonotypes.IGHG	55	55	5	5	16033	3733	2127	2021	0.9999999999999996	0.9999999999999996	0.13266388074596144	0.5413876238949906	-0.9349723440191565	-1.0	0.0016528926	0.2679973566543977	0.2043591502170564	0.3946337688808968	0.23919665982086596	0.6142364818339944	0.3163324255218558	0.0476190476	0.2203228438408176	.	.
lun_lcp4_tum_bulk_1_2_2_top55.clonotypes.IGHG	lun_lcp4_tum_PCsort_1_1_1_top55.clonotypes.IGHG	55	55	7	7	16033	24207	3989	9174	0.9999999999999996	0.9999999999999999	0.24879935133786565	0.37898128640475903	-0.29314573381498216	0.10714285714285682	0.0023140496	0.3070672535890044	0.2512690708873727	0.28512918577269986	0.15903361180165715	0.5191846203642904	0.10009118393430178	0.067961165	0.37696130833069275	.	.
lun_lcp4_tum_bulk_1_2_2_top55.clonotypes.IGHG	lun_lcp4_tum_PCsort_1_2_1_top55.clonotypes.IGHG	55	55	7	7	16033	16430	4288	6502	0.9999999999999996	1.0	0.26744838770036794	0.3957395009129641	0.19737987645979524	0.5	0.0023140496	0.3253304342795499	0.2930421408794487	0.28534077337829056	0.18233029554363622	0.5657178348967206	0.0728409084150807	0.067961165	0.6160261749704489	.	.
lun_lcp4_tum_notPCsort_1_1_1_top55.clonotypes.IGHG	lun_lcp4_tum_PCsort_1_1_1_top55.clonotypes.IGHG	55	55	6	6	3733	24207	2046	8712	0.9999999999999996	0.9999999999999999	0.5480846504152157	0.3598958978807783	0.4380549765641495	0.08571428571428616	0.0019834711	0.44413220709137563	0.380732196961699	0.36567113630642	0.21737667194125918	0.42121150777140587	0.2561181817853866	0.0576923077	0.6922327845963402	.	.
lun_lcp4_tum_notPCsort_1_1_1_top55.clonotypes.IGHG	lun_lcp4_tum_PCsort_1_2_1_top55.clonotypes.IGHG	55	55	4	4	3733	16430	836	2126	0.9999999999999996	1.0	0.2239485668363247	0.1293974437005478	0.5266341872256419	0.6000000000000001	0.001322314	0.17023035002320147	0.13130925683169403	0.4983115351489854	0.3115566159697723	0.7438339983585808	0.3109350007958538	0.0377358491	0.46158583249844903	.	.
lun_lcp4_tum_PCsort_1_1_1_top55.clonotypes.IGHG	lun_lcp4_tum_PCsort_1_2_1_top55.clonotypes.IGHG	55	55	6	6	24207	16430	7607	3754	0.9999999999999999	1.0	0.3142479448093527	0.22848447961046864	0.08349702600862913	0.4857142857142858	0.0019834711	0.2679566721289549	0.23043464447890644	0.36385636451340836	0.2031712130446964	0.6301965150991196	0.06661019749264786	0.0576923077	0.49090026142576626	.	.
