1_sample_id	2_sample_id	div1	div2	div12	div21	count1	count2	count12	count21	freq1	freq2	freq12	freq21	R	Rs	D	F	F2	vJSD	vjJSD	vj2JSD	sJSD	Jaccard	MorisitaHorn	1_metadata_blank	2_metadata_blank
mel_mp2_LN_bulk_1_1_2_top94.clonotypes.IGHG	mel_mp2_PBMC_bulk_1_1_1_top94.clonotypes.IGHG	94	94	4	4	5692	12673	251	718	0.9999999999999993	1.0000000000000002	0.04409697821503865	0.05665588258502328	0.08210528629175284	-0.0	4.526935E-4	0.04998352948827802	0.044736604715318345	0.21164993266549673	0.1209665953072836	0.5065958681489569	0.13589434251455187	0.0217391304	0.6816167915005245	.	.
mel_mp2_LN_bulk_1_1_2_top94.clonotypes.IGHG	mel_mp2_PBMC_bulk_1_1_2_top94.clonotypes.IGHG	94	94	4	4	5692	12646	390	1136	0.9999999999999993	0.9999999999999996	0.06851721714687281	0.08983077653012811	-0.28052050585807525	0.39999999999999997	4.526935E-4	0.07845352013763941	0.06808933174414286	0.2273335146513582	0.12529171675169853	0.4824074493266326	0.16646314240334292	0.0217391304	0.6417726918072223	.	.
mel_mp2_LN_bulk_1_1_2_top94.clonotypes.IGHG	mel_mp2_PBMC_PCsort_1_1_1_top94.clonotypes.IGHG	94	94	1	1	5692	7661	28	108	0.9999999999999993	0.9999999999999997	0.004919184820801124	0.01409737632162903	0.0	0.0	1.131734E-4	0.008327520616274613	0.008327520616274613	0.2932405248861948	0.1763995631073696	0.5904390104541027	0.16235860112901596	0.0053475936	0.6221345839415674	.	.
mel_mp2_LN_bulk_1_1_2_top94.clonotypes.IGHG	mel_mp2_tum_bulk_1_1_1_top94.clonotypes.IGHG	94	94	0	0	5692	9280	0	0	0.9999999999999993	1.000000000000001	0.0	0.0	0.0	0.0	0.0	0.0	0.0	0.4166812638287818	0.267173075258083	0.6927443467289095	0.24584176733163185	0.0	NaN	.	.
mel_mp2_LN_bulk_1_1_2_top94.clonotypes.IGHG	mel_mp2_tum_bulk_1_1_2_top94.clonotypes.IGHG	94	94	0	0	5692	11586	0	0	0.9999999999999993	0.9999999999999992	0.0	0.0	0.0	0.0	0.0	0.0	0.0	0.4904675950657434	0.28008969572238546	0.8065381832564069	0.20866325541301073	0.0	NaN	.	.
mel_mp2_LN_bulk_1_1_2_top94.clonotypes.IGHG	mel_mp2_tum_PCsort_1_1_1_top94.clonotypes.IGHG	94	94	0	0	5692	31934	0	0	0.9999999999999993	1.0000000000000018	0.0	0.0	0.0	0.0	0.0	0.0	0.0	0.6008353100543541	0.3847572798404159	0.7346709156887326	0.3921749836488789	0.0	NaN	.	.
mel_mp2_PBMC_bulk_1_1_1_top94.clonotypes.IGHG	mel_mp2_PBMC_bulk_1_1_2_top94.clonotypes.IGHG	94	94	6	6	12673	12646	784	1094	1.0000000000000002	0.9999999999999996	0.06186380493963545	0.08650956824292266	0.26045506538650876	0.4857142857142858	6.790403E-4	0.07315607326252721	0.07039082032799654	0.15909749679438137	0.08997155287932958	0.441716959516546	0.03867289178168318	0.032967033	0.8103365310983828	.	.
mel_mp2_PBMC_bulk_1_1_1_top94.clonotypes.IGHG	mel_mp2_PBMC_PCsort_1_1_1_top94.clonotypes.IGHG	94	94	2	2	12673	7661	359	610	1.0000000000000002	0.9999999999999997	0.028327941292511642	0.07962406996475656	0.0	0.0	2.263468E-4	0.04749300979546846	0.0452617056121823	0.20834726589745184	0.11872629240272876	0.5339770253424136	0.1431330692455977	0.0107526882	0.4954392554076282	.	.
mel_mp2_PBMC_bulk_1_1_1_top94.clonotypes.IGHG	mel_mp2_tum_bulk_1_1_1_top94.clonotypes.IGHG	94	94	1	1	12673	9280	100	13	1.0000000000000002	1.000000000000001	0.007890791446382071	0.0014008620689655172	0.0	0.0	1.131734E-4	0.0033247421601312476	0.0033247421601312476	0.30185108619981904	0.2086873292182579	0.5553893641712879	0.1825232336502195	0.0053475936	0.3442137951583558	.	.
mel_mp2_PBMC_bulk_1_1_1_top94.clonotypes.IGHG	mel_mp2_tum_bulk_1_1_2_top94.clonotypes.IGHG	94	94	1	1	12673	11586	111	72	1.0000000000000002	0.9999999999999992	0.0087587785054841	0.006214396685655101	0.0	0.0	1.131734E-4	0.007377704528840087	0.007377704528840087	0.3110016503554833	0.2010616345045578	0.5980441951334656	0.16283326444851637	0.0053475936	0.9438688781510471	.	.
mel_mp2_PBMC_bulk_1_1_1_top94.clonotypes.IGHG	mel_mp2_tum_PCsort_1_1_1_top94.clonotypes.IGHG	94	94	0	0	12673	31934	0	0	1.0000000000000002	1.0000000000000018	0.0	0.0	0.0	0.0	0.0	0.0	0.0	0.4631766296716384	0.34404066387819127	0.6599401402916619	0.35906914592212624	0.0	NaN	.	.
mel_mp2_PBMC_bulk_1_1_2_top94.clonotypes.IGHG	mel_mp2_PBMC_PCsort_1_1_1_top94.clonotypes.IGHG	94	94	2	2	12646	7661	387	647	0.9999999999999996	0.9999999999999997	0.030602562074964416	0.08445372666753688	0.0	0.0	2.263468E-4	0.050837981989899785	0.05075890561451156	0.26738153396936204	0.15610178242881664	0.47334967438555997	0.10674143226375994	0.0107526882	0.6198768942772914	.	.
mel_mp2_PBMC_bulk_1_1_2_top94.clonotypes.IGHG	mel_mp2_tum_bulk_1_1_1_top94.clonotypes.IGHG	94	94	0	0	12646	9280	0	0	0.9999999999999996	1.000000000000001	0.0	0.0	0.0	0.0	0.0	0.0	0.0	0.3383536521687396	0.20113642029032514	0.534449823153168	0.17427048938402986	0.0	NaN	.	.
mel_mp2_PBMC_bulk_1_1_2_top94.clonotypes.IGHG	mel_mp2_tum_bulk_1_1_2_top94.clonotypes.IGHG	94	94	2	2	12646	11586	429	256	0.9999999999999996	0.9999999999999992	0.033923770362169856	0.02209563266010703	0.0	0.0	2.263468E-4	0.027378224346519098	0.023457462837395464	0.3523963124238623	0.19504450143370317	0.6005280471665501	0.15435342932969734	0.0107526882	0.5215536985108208	.	.
mel_mp2_PBMC_bulk_1_1_2_top94.clonotypes.IGHG	mel_mp2_tum_PCsort_1_1_1_top94.clonotypes.IGHG	94	94	0	0	12646	31934	0	0	0.9999999999999996	1.0000000000000018	0.0	0.0	0.0	0.0	0.0	0.0	0.0	0.5695249446085838	0.3571483518035626	0.7212695789936537	0.33042913213557784	0.0	NaN	.	.
mel_mp2_PBMC_PCsort_1_1_1_top94.clonotypes.IGHG	mel_mp2_tum_bulk_1_1_1_top94.clonotypes.IGHG	94	94	0	0	7661	9280	0	0	0.9999999999999997	1.000000000000001	0.0	0.0	0.0	0.0	0.0	0.0	0.0	0.4054368497946461	0.24700897025372018	0.590680148158489	0.1337856509925971	0.0	NaN	.	.
mel_mp2_PBMC_PCsort_1_1_1_top94.clonotypes.IGHG	mel_mp2_tum_bulk_1_1_2_top94.clonotypes.IGHG	94	94	0	0	7661	11586	0	0	0.9999999999999997	0.9999999999999992	0.0	0.0	0.0	0.0	0.0	0.0	0.0	0.44969513000318534	0.2665204883119468	0.6613322278192748	0.14771485980759225	0.0	NaN	.	.
mel_mp2_PBMC_PCsort_1_1_1_top94.clonotypes.IGHG	mel_mp2_tum_PCsort_1_1_1_top94.clonotypes.IGHG	94	94	20	20	7661	31934	362	387	0.9999999999999997	1.0000000000000018	0.047252316929904704	0.012118744911379719	0.9648217878290744	0.5915965933263909	0.0022634676	0.02392987202943602	0.02355047956476025	0.6725713225442547	0.42061304380244213	0.8110176525736327	0.2923330694976845	0.119047619	0.4789229920376684	.	.
mel_mp2_tum_bulk_1_1_1_top94.clonotypes.IGHG	mel_mp2_tum_bulk_1_1_2_top94.clonotypes.IGHG	94	94	32	32	9280	11586	7715	9719	1.000000000000001	0.9999999999999992	0.8313577586206897	0.8388572414983598	0.8912433846182004	0.7488954471527385	0.0036215482	0.8350990816033814	0.7864884517824259	0.18040273971130644	0.09939346888077057	0.2630175311388757	0.03841583925092716	0.2051282051	0.9202303796769692	.	.
mel_mp2_tum_bulk_1_1_1_top94.clonotypes.IGHG	mel_mp2_tum_PCsort_1_1_1_top94.clonotypes.IGHG	94	94	10	10	9280	31934	6206	24055	1.000000000000001	1.0000000000000018	0.6687500000000001	0.7532723742719359	0.25899533554443377	-0.006060606060603305	0.0011317338	0.7097541125589603	0.5346620784406302	0.39473020269261583	0.25377321891361376	0.4744265101637295	0.27743126812894026	0.0561797753	0.4255147865822904	.	.
mel_mp2_tum_bulk_1_1_2_top94.clonotypes.IGHG	mel_mp2_tum_PCsort_1_1_1_top94.clonotypes.IGHG	94	94	12	12	11586	31934	6983	24810	0.9999999999999992	1.0000000000000018	0.6027101674434662	0.7769148869543433	0.5089979042750624	0.3537658665108648	0.0013580806	0.6842912403396479	0.5426701778468652	0.3877962451780661	0.24211337569626165	0.46243081963240085	0.2090328394836711	0.0681818182	0.49583978605320617	.	.
