1_sample_id	2_sample_id	div1	div2	div12	div21	count1	count2	count12	count21	freq1	freq2	freq12	freq21	R	Rs	D	F	F2	vJSD	vjJSD	vj2JSD	sJSD	Jaccard	MorisitaHorn	1_metadata_blank	2_metadata_blank
mel_mp8_LN_bulk_1_1_1_top112.clonotypes.IGHA	mel_mp8_LN_bulk_1_1_2_top112.clonotypes.IGHA	112	112	27	27	371	7290	170	3856	1.000000000000002	1.0000000000000004	0.45822102425876005	0.5289437585733882	0.8334656695536363	0.6871198849363592	0.0021524235	0.4923140774229153	0.4691811849752546	0.1319148932628911	0.07221063588229602	0.2783080097533389	0.055884030020305675	0.1370558376	0.8793423019244591	.	.
mel_mp8_LN_bulk_1_1_1_top112.clonotypes.IGHA	mel_mp8_LN_bulk_1_2_1_top112.clonotypes.IGHA	112	112	10	10	371	658	17	64	1.000000000000002	0.9999999999999987	0.045822102425876005	0.0972644376899696	0.019823367781666785	-0.09741266750213402	7.971939E-4	0.06675972607961346	0.05908416957311597	0.29109451852516144	0.1601414603700736	0.5190209395482415	0.1289640902260956	0.046728972	0.3988079860567844	.	.
mel_mp8_LN_bulk_1_1_1_top112.clonotypes.IGHA	mel_mp8_LN_bulk_1_2_2_top112.clonotypes.IGHA	112	112	8	8	371	10966	19	1146	1.000000000000002	1.0	0.05121293800539084	0.10450483312055443	-0.566089687986901	-0.629940788348712	6.377551E-4	0.07315736148786853	0.05963642852535742	0.2737306679770938	0.15226409718204942	0.4636269327262277	0.16086382657282725	0.037037037	0.32720233596532816	.	.
mel_mp8_LN_bulk_1_1_1_top112.clonotypes.IGHA	mel_mp8_LN_bulk_1_3_1_top112.clonotypes.IGHA	112	112	6	6	371	53161	28	4855	1.000000000000002	1.0000000000000004	0.07547169811320756	0.09132634826282425	-0.41168655060699433	-0.20597146021777488	4.783163E-4	0.08302141040643389	0.0663004954023764	0.26665742907425666	0.14853301632566127	0.481383603650541	0.13537670798339702	0.0275229358	0.43872615111225843	.	.
mel_mp8_LN_bulk_1_1_1_top112.clonotypes.IGHA	mel_mp8_LN_bulk_1_3_2_top112.clonotypes.IGHA	112	112	5	5	371	15450	13	1281	1.000000000000002	0.9999999999999999	0.03504043126684636	0.08291262135922331	0.08046632281619298	0.33541019662496846	3.985969E-4	0.05390077930690726	0.04641051381665265	0.33011191007216006	0.17838858293409707	0.5344118914992136	0.1487108941818825	0.0228310502	0.426448516482181	.	.
mel_mp8_LN_bulk_1_1_1_top112.clonotypes.IGHA	mel_mp8_PBMC_bulk_1_1_1_top112.clonotypes.IGHA	112	112	4	4	371	19157	61	719	1.000000000000002	0.9999999999999996	0.16442048517520216	0.037531972647074176	-0.4825205631183855	-0.31622776601683794	3.188776E-4	0.07855587280537561	0.05845662399448348	0.3264120697543294	0.18246113675238554	0.5601641969470155	0.0417808438319612	0.0181818182	0.12670478491040554	.	.
mel_mp8_LN_bulk_1_1_1_top112.clonotypes.IGHA	mel_mp8_PBMC_bulk_1_1_2_top112.clonotypes.IGHA	112	112	2	2	371	11419	2	284	1.000000000000002	0.9999999999999996	0.005390835579514825	0.024870829319555126	0.0	0.0	1.594388E-4	0.011579056593172791	0.01155821840925559	0.2895603698282085	0.16021016018733203	0.5236012320246685	0.10127661701974132	0.009009009	0.4084620583685969	.	.
mel_mp8_LN_bulk_1_1_2_top112.clonotypes.IGHA	mel_mp8_LN_bulk_1_2_1_top112.clonotypes.IGHA	112	112	10	10	7290	658	414	68	1.0000000000000004	0.9999999999999987	0.05679012345679013	0.1033434650455927	-0.19450843931263861	0.09877295966495901	7.971939E-4	0.07660866882012561	0.06275759266309956	0.21944446083609487	0.12145740229087693	0.488610296462325	0.08943174375099887	0.046728972	0.3495252468514613	.	.
mel_mp8_LN_bulk_1_1_2_top112.clonotypes.IGHA	mel_mp8_LN_bulk_1_2_2_top112.clonotypes.IGHA	112	112	9	9	7290	10966	272	984	1.0000000000000004	1.0	0.03731138545953361	0.08973189859565933	-0.22302033283189096	-0.3559833394009253	7.174745E-4	0.057862089977103556	0.05025869462274139	0.2616665732218497	0.14475709720815147	0.45791654647005514	0.10935848794005387	0.0418604651	0.2974917429802539	.	.
mel_mp8_LN_bulk_1_1_2_top112.clonotypes.IGHA	mel_mp8_LN_bulk_1_3_1_top112.clonotypes.IGHA	112	112	6	6	7290	53161	406	4772	1.0000000000000004	1.0000000000000004	0.05569272976680384	0.08976505332856795	0.18429308910034148	0.0285714285714303	4.783163E-4	0.07070545139895983	0.06010812943637554	0.23770292107850327	0.12594745761429152	0.46268511014281916	0.0999698844392275	0.0275229358	0.5258738330401258	.	.
mel_mp8_LN_bulk_1_1_2_top112.clonotypes.IGHA	mel_mp8_LN_bulk_1_3_2_top112.clonotypes.IGHA	112	112	3	3	7290	15450	300	1150	1.0000000000000004	0.9999999999999999	0.0411522633744856	0.0744336569579288	-0.06110837850055498	-0.5	2.391582E-4	0.05534540139034858	0.04664012238683541	0.2669808241890255	0.14197993145928803	0.4747983699276119	0.13038059371428	0.0135746606	0.5547777850805772	.	.
mel_mp8_LN_bulk_1_1_2_top112.clonotypes.IGHA	mel_mp8_PBMC_bulk_1_1_1_top112.clonotypes.IGHA	112	112	3	3	7290	19157	950	672	1.0000000000000004	0.9999999999999996	0.13031550068587106	0.03507856136138226	-0.9920615226186422	-0.5	2.391582E-4	0.06761124379234995	0.04222897817802901	0.25600906360383513	0.13873824410314334	0.4931193631000654	0.08499489804159119	0.0135746606	0.10512114488316898	.	.
mel_mp8_LN_bulk_1_1_2_top112.clonotypes.IGHA	mel_mp8_PBMC_bulk_1_1_2_top112.clonotypes.IGHA	112	112	0	0	7290	11419	0	0	1.0000000000000004	0.9999999999999996	0.0	0.0	0.0	0.0	0.0	0.0	0.0	0.24227506065446494	0.1252466366877332	0.5326417538299087	0.14030523758196364	0.0	NaN	.	.
mel_mp8_LN_bulk_1_2_1_top112.clonotypes.IGHA	mel_mp8_LN_bulk_1_2_2_top112.clonotypes.IGHA	112	112	33	33	658	10966	402	6594	0.9999999999999987	1.0	0.6109422492401214	0.6013131497355462	0.8020714252263217	0.6937075116394136	0.0026307398	0.6061085778943378	0.5830179454391519	0.10314508311081384	0.05341864264420719	0.2223158977625116	0.03711475425680024	0.1727748691	0.871762670021556	.	.
mel_mp8_LN_bulk_1_2_1_top112.clonotypes.IGHA	mel_mp8_LN_bulk_1_3_1_top112.clonotypes.IGHA	112	112	18	18	658	53161	299	18113	0.9999999999999987	1.0000000000000004	0.45440729483282666	0.3407197005323451	0.8082597702958556	0.6473084770515599	0.001434949	0.3934787381996056	0.35937266861127765	0.1758082325614822	0.10263205559792797	0.3493521499826018	0.05411261160176273	0.0873786408	0.8528715778592314	.	.
mel_mp8_LN_bulk_1_2_1_top112.clonotypes.IGHA	mel_mp8_LN_bulk_1_3_2_top112.clonotypes.IGHA	112	112	15	15	658	15450	321	5725	0.9999999999999987	0.9999999999999999	0.48784194528875374	0.3705501618122978	0.7867360337703672	0.6069851793501689	0.0011957908	0.4251704502497484	0.3716508170757233	0.1442488849237918	0.08342799844215873	0.3177128266671849	0.0461951422517943	0.0717703349	0.7932846571154092	.	.
mel_mp8_LN_bulk_1_2_1_top112.clonotypes.IGHA	mel_mp8_PBMC_bulk_1_1_1_top112.clonotypes.IGHA	112	112	0	0	658	19157	0	0	0.9999999999999987	0.9999999999999996	0.0	0.0	0.0	0.0	0.0	0.0	0.0	0.2422080433622463	0.1392151735740053	0.4985267406052527	0.08899000226696724	0.0	NaN	.	.
mel_mp8_LN_bulk_1_2_1_top112.clonotypes.IGHA	mel_mp8_PBMC_bulk_1_1_2_top112.clonotypes.IGHA	112	112	2	2	658	11419	9	284	0.9999999999999987	0.9999999999999996	0.013677811550151974	0.024870829319555126	0.0	0.0	1.594388E-4	0.018443928988392616	0.017958563751250944	0.21776411093631423	0.11852620363992462	0.5123554214155134	0.09169656162653343	0.009009009	0.7820088998793353	.	.
mel_mp8_LN_bulk_1_2_2_top112.clonotypes.IGHA	mel_mp8_LN_bulk_1_3_1_top112.clonotypes.IGHA	112	112	18	18	10966	53161	5082	18545	1.0	1.0000000000000004	0.4634324275031916	0.3488459585034141	0.35540868808104753	0.40361762495812226	0.001434949	0.40207776533142797	0.328555702765112	0.17529975218382388	0.09937055341273097	0.341130218201063	0.08752579991445159	0.0873786408	0.550956489444888	.	.
mel_mp8_LN_bulk_1_2_2_top112.clonotypes.IGHA	mel_mp8_LN_bulk_1_3_2_top112.clonotypes.IGHA	112	112	18	18	10966	15450	5277	6118	1.0	0.9999999999999999	0.4812146635053802	0.3959870550161813	0.33615230544137226	0.37377392693995515	0.001434949	0.436525803855967	0.3470807541102393	0.19646893176808736	0.10663226878083462	0.37708233376014566	0.09861262341170092	0.0873786408	0.4992883858774175	.	.
mel_mp8_LN_bulk_1_2_2_top112.clonotypes.IGHA	mel_mp8_PBMC_bulk_1_1_1_top112.clonotypes.IGHA	112	112	0	0	10966	19157	0	0	1.0	0.9999999999999996	0.0	0.0	0.0	0.0	0.0	0.0	0.0	0.2723678933772205	0.15467627492380906	0.48540632750494966	0.11362162267372931	0.0	NaN	.	.
mel_mp8_LN_bulk_1_2_2_top112.clonotypes.IGHA	mel_mp8_PBMC_bulk_1_1_2_top112.clonotypes.IGHA	112	112	1	1	10966	11419	209	125	1.0	0.9999999999999996	0.019058909356191867	0.010946667834311235	0.0	0.0	7.97193875E-5	0.014444083564092217	0.014444083564092217	0.23133530404083838	0.12679659494518744	0.47495008601738764	0.10032650090473566	0.0044843049	0.8637707792905142	.	.
mel_mp8_LN_bulk_1_3_1_top112.clonotypes.IGHA	mel_mp8_LN_bulk_1_3_2_top112.clonotypes.IGHA	112	112	50	50	53161	15450	38908	11645	1.0000000000000004	0.9999999999999999	0.7318899193017436	0.7537216828478965	0.977209503519404	0.6947626253714163	0.0039859693875	0.7427255897271356	0.7284422368101473	0.048608050397931986	0.025302140465846924	0.12599010506548033	0.0160374874229828	0.2873563218	0.9575913174086387	.	.
mel_mp8_LN_bulk_1_3_1_top112.clonotypes.IGHA	mel_mp8_PBMC_bulk_1_1_1_top112.clonotypes.IGHA	112	112	0	0	53161	19157	0	0	1.0000000000000004	0.9999999999999996	0.0	0.0	0.0	0.0	0.0	0.0	0.0	0.1924638141167562	0.10167344451101192	0.42650713340534685	0.10071835284152823	0.0	NaN	.	.
mel_mp8_LN_bulk_1_3_1_top112.clonotypes.IGHA	mel_mp8_PBMC_bulk_1_1_2_top112.clonotypes.IGHA	112	112	0	0	53161	11419	0	0	1.0000000000000004	0.9999999999999996	0.0	0.0	0.0	0.0	0.0	0.0	0.0	0.21671578142544054	0.11227091528997542	0.4867718480121173	0.11784536258318416	0.0	NaN	.	.
mel_mp8_LN_bulk_1_3_2_top112.clonotypes.IGHA	mel_mp8_PBMC_bulk_1_1_1_top112.clonotypes.IGHA	112	112	2	2	15450	19157	112	750	0.9999999999999999	0.9999999999999996	0.007249190938511327	0.039150180090828414	0.0	0.0	1.594388E-4	0.01684657623244319	0.016438999856331144	0.21544384415818443	0.11282352658808258	0.4366618667191462	0.09655913969426144	0.009009009	0.29764997339370425	.	.
mel_mp8_LN_bulk_1_3_2_top112.clonotypes.IGHA	mel_mp8_PBMC_bulk_1_1_2_top112.clonotypes.IGHA	112	112	0	0	15450	11419	0	0	0.9999999999999999	0.9999999999999996	0.0	0.0	0.0	0.0	0.0	0.0	0.0	0.24639054748181752	0.12798131627388376	0.5154794066147037	0.11861178544427096	0.0	NaN	.	.
mel_mp8_PBMC_bulk_1_1_1_top112.clonotypes.IGHA	mel_mp8_PBMC_bulk_1_1_2_top112.clonotypes.IGHA	112	112	10	10	19157	11419	2421	1935	0.9999999999999996	0.9999999999999996	0.12637678133319413	0.16945441807513795	0.8988046399651411	0.3525852153344376	7.971939E-4	0.14633900347831186	0.14371534826018353	0.1204898406617871	0.06440563341556617	0.301997915481588	0.041645120702917565	0.046728972	0.9176210482972367	.	.
