1_sample_id	2_sample_id	div1	div2	div12	div21	count1	count2	count12	count21	freq1	freq2	freq12	freq21	R	Rs	D	F	F2	vJSD	vjJSD	vj2JSD	sJSD	Jaccard	MorisitaHorn	1_metadata_blank	2_metadata_blank
mel_mp8_LN_bulk_1_1_1_top303.clonotypes.IGH	mel_mp8_LN_bulk_1_1_2_top303.clonotypes.IGH	303	303	54	54	745	11670	382	6252	0.9999999999999934	1.0000000000000018	0.5127516778523488	0.5357326478149101	0.8411615680370036	0.634756276230304	5.881776E-4	0.524116221889169	0.479083931023705	0.08700168670622778	0.04862402907659511	0.20739611494606844	0.026912455146117707	0.097826087	0.8768361896201591	.	.
mel_mp8_LN_bulk_1_1_1_top303.clonotypes.IGH	mel_mp8_LN_bulk_1_2_1_top303.clonotypes.IGH	303	303	22	22	745	1066	59	91	0.9999999999999934	1.0000000000000058	0.07919463087248323	0.08536585365853655	-0.12220126254649398	-0.2590541901545528	2.396279E-4	0.08222236477748754	0.06868580252296991	0.15399805008959397	0.08107448068952734	0.3477905034633916	0.1074603618469736	0.0376712329	0.5208102093780738	.	.
mel_mp8_LN_bulk_1_1_1_top303.clonotypes.IGH	mel_mp8_LN_bulk_1_2_2_top303.clonotypes.IGH	303	303	23	23	745	19130	95	2058	0.9999999999999934	1.0000000000000029	0.12751677852348994	0.10757971772085731	-0.13830971804979306	-0.15536307757990991	2.505201E-4	0.11712480112354567	0.08478492006001179	0.1792331894965831	0.09694302483838209	0.3264389377632917	0.11828080878856086	0.0394511149	0.23403819433988407	.	.
mel_mp8_LN_bulk_1_1_1_top303.clonotypes.IGH	mel_mp8_LN_bulk_1_3_1_top303.clonotypes.IGH	303	303	12	12	745	97465	38	5248	0.9999999999999934	1.0	0.05100671140939597	0.0538449699892269	0.3763487128339694	0.6623482725574059	1.307061E-4	0.05240662978181371	0.04872151553748053	0.14915181776730915	0.08024946066595677	0.3660629522577696	0.10925133191891576	0.0202020202	0.7529214975239072	.	.
mel_mp8_LN_bulk_1_1_1_top303.clonotypes.IGH	mel_mp8_LN_bulk_1_3_2_top303.clonotypes.IGH	303	303	14	14	745	27109	106	1383	0.9999999999999934	0.9999999999999999	0.14228187919463087	0.05101626766018666	-0.12567718141566359	0.23760299536415144	1.524905E-4	0.0851979485210039	0.05308807379267394	0.15438667236183162	0.08428400356402803	0.39501688314498795	0.11262961635304755	0.0236486486	0.06340636052064508	.	.
mel_mp8_LN_bulk_1_1_1_top303.clonotypes.IGH	mel_mp8_PBMC_bulk_1_1_1_top303.clonotypes.IGH	303	303	8	8	745	32425	66	993	0.9999999999999934	1.0	0.08859060402684564	0.030624518118735542	0.019232764565357264	0.7759705701987263	8.71374E-5	0.05208689430336445	0.03917951246642399	0.22875695978976557	0.1425121120208431	0.4182873323004612	0.0845187098992844	0.0133779264	0.15451512275613444	.	.
mel_mp8_LN_bulk_1_1_1_top303.clonotypes.IGH	mel_mp8_PBMC_bulk_1_1_2_top303.clonotypes.IGH	303	303	3	3	745	18582	4	369	0.9999999999999934	1.0000000000000016	0.005369127516778523	0.019857927026154343	-0.8756969969183245	-0.8660254037844386	3.26765E-5	0.010325683629779928	0.00911601325984959	0.22444720493289222	0.12889098433601737	0.3903326107034267	0.12259371697635946	0.0049751244	0.311133363022658	.	.
mel_mp8_LN_bulk_1_1_2_top303.clonotypes.IGH	mel_mp8_LN_bulk_1_2_1_top303.clonotypes.IGH	303	303	35	35	11670	1066	1223	172	1.0000000000000018	1.0000000000000058	0.1047986289631534	0.1613508442776735	-0.18359989717547326	-0.13278479419067896	3.812262E-4	0.130035946039345	0.0889680180823923	0.13680534432184913	0.07428833368370258	0.3810035830829825	0.08758663913128684	0.061295972	0.23177882265297864	.	.
mel_mp8_LN_bulk_1_1_2_top303.clonotypes.IGH	mel_mp8_LN_bulk_1_2_2_top303.clonotypes.IGH	303	303	42	42	11670	19130	1891	3092	1.0000000000000018	1.0000000000000029	0.16203941730934018	0.1616309461578672	-0.1317351006797136	-0.14801444347742282	4.574715E-4	0.1618350528611714	0.10234578298094435	0.18888222038002264	0.10525967450747796	0.35278666138842973	0.10308876539617286	0.0744680851	0.139972603624929	.	.
mel_mp8_LN_bulk_1_1_2_top303.clonotypes.IGH	mel_mp8_LN_bulk_1_3_1_top303.clonotypes.IGH	303	303	25	25	11670	97465	758	11056	1.0000000000000018	1.0	0.06495287060839759	0.11343559226388959	0.21465375312418955	0.15645501103566606	2.723045E-4	0.08583686473015757	0.06817862335574798	0.1489276391242029	0.07926648493426669	0.386220415630807	0.09233606939127025	0.0430292599	0.41943246339666873	.	.
mel_mp8_LN_bulk_1_1_2_top303.clonotypes.IGH	mel_mp8_LN_bulk_1_3_2_top303.clonotypes.IGH	303	303	20	20	11670	27109	1480	2483	1.0000000000000018	0.9999999999999999	0.1268209083119109	0.09159319783097865	-0.0360106276415705	0.0011303705377979612	2.178436E-4	0.10777723574167812	0.06307702347826415	0.12629501972327015	0.07015210616776928	0.3789146051293012	0.10017180947088809	0.0341296928	0.12227279383949778	.	.
mel_mp8_LN_bulk_1_1_2_top303.clonotypes.IGH	mel_mp8_PBMC_bulk_1_1_1_top303.clonotypes.IGH	303	303	6	6	11670	32425	983	1007	1.0000000000000018	1.0	0.0842330762639246	0.03105628373168851	-0.28785773307745915	0.28988551782622407	6.53531E-5	0.051146518122403985	0.030307278823971388	0.18675459611603296	0.11206056754573897	0.39733861611137017	0.08751685377626531	0.01	0.10139735400758475	.	.
mel_mp8_LN_bulk_1_1_2_top303.clonotypes.IGH	mel_mp8_PBMC_bulk_1_1_2_top303.clonotypes.IGH	303	303	1	1	11670	18582	4	125	1.0000000000000018	1.0000000000000016	3.4275921165381317E-4	0.0067269400495102785	0.0	0.0	1.08922E-5	0.0015184599659564969	0.0015184599659564969	0.2136729683441443	0.11391927028445259	0.43278508239051605	0.11931720172247141	0.0016528926	0.10164253933016289	.	.
mel_mp8_LN_bulk_1_2_1_top303.clonotypes.IGH	mel_mp8_LN_bulk_1_2_2_top303.clonotypes.IGH	303	303	90	90	1066	19130	655	10936	1.0000000000000058	1.0000000000000029	0.614446529080676	0.5716675378985886	0.8454357356433462	0.7328730182516403	9.80296E-4	0.5926711857766358	0.5694830080055502	0.05767268976237388	0.030367407666426798	0.14317041697176092	0.03787801663058437	0.1744186047	0.8847111676325455	.	.
mel_mp8_LN_bulk_1_2_1_top303.clonotypes.IGH	mel_mp8_LN_bulk_1_3_1_top303.clonotypes.IGH	303	303	39	39	1066	97465	383	26128	1.0000000000000058	1.0	0.3592870544090056	0.26807571948904735	0.8005775992144224	0.43985561420834096	4.24795E-4	0.3103484100390957	0.2773209392329993	0.11830316565407897	0.06084979468917061	0.26212660108708313	0.023341845523865316	0.0687830688	0.8374816728420886	.	.
mel_mp8_LN_bulk_1_2_1_top303.clonotypes.IGH	mel_mp8_LN_bulk_1_3_2_top303.clonotypes.IGH	303	303	40	40	1066	27109	452	7866	1.0000000000000058	0.9999999999999999	0.4240150093808631	0.29016193883949976	0.7063297029839278	0.43747407623105933	4.356871E-4	0.35076062666582164	0.29435812557689867	0.10867695476509202	0.055527099869508566	0.25336088813869434	0.015557545619546182	0.0706713781	0.7490426020598562	.	.
mel_mp8_LN_bulk_1_2_1_top303.clonotypes.IGH	mel_mp8_PBMC_bulk_1_1_1_top303.clonotypes.IGH	303	303	2	2	1066	32425	6	120	1.0000000000000058	1.0	0.005628517823639775	0.0037008481110254433	0.0	0.0	2.17844E-5	0.004564021204539951	0.004517022521801365	0.16143540186089667	0.0958360778231449	0.37704029178836973	0.041816885817294654	0.0033112583	0.8963891564322376	.	.
mel_mp8_LN_bulk_1_2_1_top303.clonotypes.IGH	mel_mp8_PBMC_bulk_1_1_2_top303.clonotypes.IGH	303	303	2	2	1066	18582	9	335	1.0000000000000058	1.0000000000000016	0.008442776735459663	0.018028199332687546	0.0	0.0	2.17844E-5	0.012337263144970356	0.011792830480077215	0.1390199494152669	0.07673019076695729	0.33691875421374967	0.036331708600571146	0.0033112583	0.6554756001403982	.	.
mel_mp8_LN_bulk_1_2_2_top303.clonotypes.IGH	mel_mp8_LN_bulk_1_3_1_top303.clonotypes.IGH	303	303	49	49	19130	97465	7128	28854	1.0000000000000029	1.0	0.3726084683742812	0.2960447340070795	0.42394856612761733	0.4011688963361609	5.337167E-4	0.33212764851582194	0.2731403248460787	0.10602833360346615	0.05501184134273998	0.22453306373356297	0.04402528893645195	0.0879712747	0.5524943718525293	.	.
mel_mp8_LN_bulk_1_2_2_top303.clonotypes.IGH	mel_mp8_LN_bulk_1_3_2_top303.clonotypes.IGH	303	303	49	49	19130	27109	8153	8428	1.0000000000000029	0.9999999999999999	0.42618923157344474	0.31089306134494066	0.3408715737016275	0.3680381866137119	5.337167E-4	0.36400449848335126	0.28217484294680406	0.12196761039465805	0.06185880084981698	0.25225389541912524	0.05105135534274274	0.0879712747	0.4563393094910056	.	.
mel_mp8_LN_bulk_1_2_2_top303.clonotypes.IGH	mel_mp8_PBMC_bulk_1_1_1_top303.clonotypes.IGH	303	303	2	2	19130	32425	23	670	1.0000000000000029	1.0	0.0012023000522739153	0.02066306861989206	0.0	0.0	2.17844E-5	0.004984296187209958	0.004715408502318368	0.1619149887371113	0.0950717050751541	0.34431393444337355	0.05777726444546078	0.0033112583	0.08508635381008052	.	.
mel_mp8_LN_bulk_1_2_2_top303.clonotypes.IGH	mel_mp8_PBMC_bulk_1_1_2_top303.clonotypes.IGH	303	303	1	1	19130	18582	209	125	1.0000000000000029	1.0000000000000016	0.010925248301097753	0.0067269400495102785	0.0	0.0	1.08922E-5	0.00857283444069105	0.00857283444069105	0.12445244810448992	0.0708120709775797	0.30921634483996047	0.058308006425388734	0.0016528926	0.8929257318979117	.	.
mel_mp8_LN_bulk_1_3_1_top303.clonotypes.IGH	mel_mp8_LN_bulk_1_3_2_top303.clonotypes.IGH	303	303	121	121	97465	27109	68748	19450	1.0	0.9999999999999999	0.7053608987841784	0.7174739016562764	0.9550804662130609	0.7287822989549322	0.0013179536	0.7113916193816613	0.6923074922291003	0.02713022673517149	0.014024084248109477	0.0914778039716084	0.006906908630354436	0.2494845361	0.9448583333965241	.	.
mel_mp8_LN_bulk_1_3_1_top303.clonotypes.IGH	mel_mp8_PBMC_bulk_1_1_1_top303.clonotypes.IGH	303	303	2	2	97465	32425	267	176	1.0	1.0	0.0027394449289488533	0.005427910562837317	0.0	0.0	2.17844E-5	0.0038560941464327093	0.0038076001867338232	0.13305511500713302	0.07789081885496561	0.3475600851900751	0.045377202945264865	0.0033112583	0.7699775480687133	.	.
mel_mp8_LN_bulk_1_3_1_top303.clonotypes.IGH	mel_mp8_PBMC_bulk_1_1_2_top303.clonotypes.IGH	303	303	2	2	97465	18582	219	157	1.0	1.0000000000000016	0.002246960447340071	0.00844903670218491	0.0	0.0	2.17844E-5	0.004357137969807025	0.004155291202294933	0.13744581337941011	0.07374192104331312	0.3330478767729563	0.03992297125378024	0.0033112583	0.3791927012907333	.	.
mel_mp8_LN_bulk_1_3_2_top303.clonotypes.IGH	mel_mp8_PBMC_bulk_1_1_1_top303.clonotypes.IGH	303	303	3	3	27109	32425	143	849	0.9999999999999999	1.0	0.005275000922202958	0.026183500385505012	0.9448358357715287	1.0	3.26765E-5	0.011752360983225475	0.01140762032047154	0.1356708498409745	0.07782166497472787	0.3248637572894361	0.045659904834545635	0.0049751244	0.2980437154723559	.	.
mel_mp8_LN_bulk_1_3_2_top303.clonotypes.IGH	mel_mp8_PBMC_bulk_1_1_2_top303.clonotypes.IGH	303	303	3	3	27109	18582	105	324	0.9999999999999999	1.0000000000000016	0.0038732524253937807	0.01743622860833064	-0.9536496828433657	-1.0	3.26765E-5	0.00821796293170863	0.007539589503268123	0.1507273598761787	0.08024640260088624	0.3392821079088709	0.03806777166821135	0.0049751244	0.2982270638058605	.	.
mel_mp8_PBMC_bulk_1_1_1_top303.clonotypes.IGH	mel_mp8_PBMC_bulk_1_1_2_top303.clonotypes.IGH	303	303	22	22	32425	18582	3310	2584	1.0	1.0000000000000016	0.10208172706245179	0.13905930470347647	0.8752705813812571	0.5338983050847458	2.396279E-4	0.11914450884633586	0.11472444148878273	0.06905399064790411	0.04085859526548366	0.21450660161838905	0.015216302516938052	0.0376712329	0.8759012974253777	.	.
