"rn"	"logFC"	"logCPM"	"PValue"	"FDR"
"CARDTTTSHYYYGMDVW"	8.86046469920344	14.2886063537832	1.52400420916666e-10	3.15468871297499e-07
"CVRDGTIPTSTSSHYYYGMDVW"	5.93762936297786	14.6711625782186	2.32095478786467e-09	1.60145880362662e-06
"CARHRYSSGWESVSDYW"	8.12428421261481	13.6285494376118	1.1999508866168e-07	6.20974583824193e-05
"CARLKAAAFNYW"	8.06793429443401	13.5795249270552	1.71848381142608e-07	7.11452297930399e-05
"CARGNIAARLGWLDPW"	7.83431528074906	13.3790465283952	8.78350042850408e-07	0.000303030764783391
"CSTEDYDAGW"	7.72108608307921	13.283544123865	2.07234937504795e-06	0.000573162638727899
"CTGDLRSHDGWFDPW"	7.69757164694774	13.2638541065279	2.21512130909333e-06	0.000573162638727899
"CARGGSSGWRAWVDAW"	7.29701264208845	12.9369611697365	2.45588740453145e-05	0.00564854103042233
"CAKNGGLGSISGWFDSW"	7.07216424592853	12.7606845377055	7.89467240921822e-05	0.0163419718870817
"CARQASVGATIALGYW"	6.90973226371779	12.6372701799247	0.000156223104621241	0.0293983478696335
