"rn"	"logFC"	"logCPM"	"PValue"	"FDR"
"CVPLGALLRYFDYW"	5.49231005065661	15.6505809024831	1.09501427697095e-47	4.85233726086342e-45
"CARDRAVGTFDYW"	2.63212219885608	15.8118307589661	1.0835635178586e-30	1.09921499089434e-28
"CARDLGIAAAGDFDYW"	6.01438407968093	14.6822727793189	2.86865579398542e-25	2.61908273990869e-23
"CAGFQLLLLDWFDPW"	3.95302804291654	14.5558388576907	5.48975332731202e-19	3.85549599064298e-17
"CTRRGGNSNYDYW"	2.64570317780344	14.7243570706875	5.97156869408247e-15	3.40752638606081e-13
"CARDRAVGTFEYW"	8.54322051950392	13.6082635030804	7.3210872925239e-13	2.90615334698884e-11
"CARDLLAVAGTGGDYW"	1.59126752009179	15.1713507825713	4.20339808410818e-11	1.53508098031631e-09
"CASGQYCSGGSCGFDAFDIW"	8.16046506117927	13.2476254673514	2.01222532760854e-10	6.56129187180928e-09
"CARDLGLTAASDFDYW"	3.83900359982055	13.5160837786208	3.33546179427989e-09	9.82347296186303e-08
"CARHSQPHTIDMGFDPW"	7.97357786553402	13.0736761110313	5.92742247833226e-09	1.69116772584917e-07
"CVPLGALLRDLDYW"	4.37597148230663	13.1281436839222	1.25734080450193e-07	3.27986329860074e-06
"CARGHIVVVVGQKTDYYMDVW"	7.73540093304642	12.8543993394535	1.68320457143272e-07	4.26879381588354e-06
"CARGTGDIVATNTGRSVYYYYMDVW"	7.42104426081593	12.5697400912253	1.22127598689335e-06	2.67707298930961e-05
"CARDYDSSGYLDYW"	7.36134013358582	12.5163557815155	1.79006979237631e-06	3.63185271208793e-05
"CAKRIVGATNFDYW"	1.50555569096546	14.2144418295231	6.20832770189265e-06	0.000111141239055451
"CARDPGIAAADPFDYW"	1.85762750715034	13.8756393488649	7.49730274815225e-06	0.000131635334789673
"CARVGVTMVQGVIKASAFDLW"	7.23378024411006	12.4031253555587	8.21886114484963e-06	0.000141581513683919
"CARSAPYSGYEVDYW"	7.13018266203914	12.3120080149817	1.75486896823023e-05	0.000281086906665649
"CARGTGDIVGTNTGRSVRYYYMDVW"	2.72760515166341	13.0362257612514	2.16904319259429e-05	0.000341437316351481
"CARKQGGDDFWSGYQYYFDYW"	7.05671504596597	12.2478807437096	3.73681177380659e-05	0.000568618191580903
"CAKDRRLGSPGLFDYW"	1.63479905425115	13.8106230687309	6.81086012291144e-05	0.00101939594954396
"CARDLGVAAAADFDYW"	2.92844274838499	12.6952667110249	7.54682247371911e-05	0.0011113304707267
"CARDLGIAAPEHFDYW"	0.742360227762936	15.4882730518069	0.000115028409130426	0.00162154630917608
"CVPLGAVLRYFDYW"	6.93900257405523	12.1460187073867	0.00011544415125569	0.00162154630917608
"CARVGAPGSW"	6.89751523027543	12.1103898416289	0.000167845030818527	0.00225356636966639
"CARVGAVGSW"	2.00712948578495	13.0737785591135	0.000379620267349319	0.00456043821170959
"CARVGAAGNW"	3.45689395216309	12.3120064644276	0.000710887422989334	0.00832102842550336
"CARDLGGAAAGDFDLW"	1.30351911658916	13.7541023366572	0.000937343038409744	0.0095088243785344
"CARGRGWFRQFPYFDIW"	6.62000495849416	11.8759597523521	0.00107332319478782	0.0107686162290251
"CTRRGGNSNSDYW"	3.12841726527838	12.0364167338249	0.00183818472169393	0.0178538579883677
"CTTASYDDYW"	6.45826872566735	11.7427108085273	0.00223459775379921	0.0214756605180914
"CARSAPYSGFEVDYW"	2.51611645214662	12.3430821790545	0.0023993526265085	0.0225878180420238
"CAKDLSPRLQVAEEFDCW"	6.06751058992203	11.4323993778073	0.00305082801463959	0.0246496104191676
"CARDLGTAAPGHFDYW"	6.06749365239966	11.4323863900804	0.00305082801463959	0.0246496104191676
"CAMRVDIVVVADGFDIW"	2.47889823030968	12.3120438417657	0.00324255632878752	0.0259688941068685
"CTTDEMNEDVWTGYYATW"	6.33940002655396	11.6465050555092	0.00462283023620609	0.0360738803902236
