"rn"	"logFC"	"logCPM"	"PValue"	"FDR"
"CVPLGALLRDLDYW"	7.88406641127917	16.2703363851155	1.20196543000298e-53	5.48697218796361e-51
"CARDRAVGTFDYW"	3.16785301808109	16.0698024020803	1.053310277652e-27	1.20209035437035e-25
"CVPLGALLRYFDYW"	4.99108572035372	14.9225259146843	1.08804434252273e-23	9.03076804293863e-22
"CARGTGDIVGTNTGRSVRYYYMDVW"	4.70684271753412	14.6519948960215	1.53083599114839e-20	1.07511789224499e-18
"CARVGAPGSW"	8.40014232649906	13.5315777031028	2.02848097317402e-12	1.02889062694882e-10
"CTTGTVAFGDW"	3.1464457741727	14.1333102395648	1.51760012479641e-11	6.59794720923391e-10
"CARDPGIAAADPFDYW"	2.68562185999179	14.4105959351836	3.06002195598663e-11	1.21469567209382e-09
"CARDRGYDLWSGRASGEYYYMDVW"	2.48479847218391	14.3613712228208	4.33069061066225e-10	1.46441501019801e-08
"CARVGAVGSW"	2.99839705612845	13.754246654878	9.47188792089765e-09	2.88261122392652e-07
"CARDNAGFDLW"	2.29277081218378	14.1919362564568	2.10750392946824e-08	5.86989619079575e-07
"CAAYQVLLLDWFDPW"	2.03064374932133	14.475584999073	2.12164922558882e-08	5.86989619079575e-07
"CARSAPYSGFEVDYW"	3.80813309639834	13.2885921475057	2.24867746862582e-08	6.03836037898639e-07
"CARDLGLTAADAFDYW"	7.66555670720011	12.8572506560458	4.33549216671002e-08	1.1309440994875e-06
"CAGFQLLLLDWFDPW"	3.0643067652095	13.5179281168261	1.25811149863027e-07	3.19071055069289e-06
"CARDFVVAAVAGSYW"	7.27044217493757	12.5064029912712	2.74601722850677e-07	6.5976677095439e-06
"CARGTGDIVGTNTGRSVRYYYLDVW"	1.76599462632247	14.4841089026566	6.55328968731251e-07	1.53414191910675e-05
"CARDRAVGTFEYW"	7.37168164222646	12.5952333878313	1.79006979237631e-06	3.89127076295135e-05
"CSRVVALSRFDPW"	6.87009754586405	12.1624445978584	1.57489322924903e-05	0.000276514907366224
"CVPLGALLRYLDYW"	2.40796318814487	13.2357562242551	3.23000498320027e-05	0.00053472692819922
"CTTASYDDYW"	6.56271229147401	11.90784746999	0.000119340943713519	0.0017294965334991
"CARDLGIAAPEHFDYW"	0.935225856085177	15.4685198915697	0.000187849707442994	0.00259858761962809
"CARDLGIAAAGDFDYW"	3.68139275729394	12.34508621773	0.000231261713048121	0.00315137229870052
"CTRRGGNSNYDYW"	1.66292944529966	13.6505307265355	0.000284591322730691	0.00362102426678669
"CARDLGVAAAADFDFW"	6.38036829088929	11.7614023294755	0.000402343635230707	0.00470948383289276
"CARVRSATVIDNRAYYYYMDVW"	6.31407557690877	11.7089638113182	0.000603319187658116	0.00688538022914824
"CAKDPLAW"	1.47147813879039	13.7178545403236	0.000613767741262708	0.00691814750336855
"CAKRIVGATNFDYW"	1.34043882323014	13.8920998038001	0.00062301537158627	0.00693674432022274
"CARSAPYSGYEVDYW"	6.24459938528262	11.6548572828197	0.000904699180907467	0.00861933678723913
"CARVGVTMVQGVIKASAFDLW"	6.24459938528262	11.6548572828197	0.000904699180907467	0.00861933678723913
"CVPLGAVLRYFDYW"	6.01348492557244	11.4782563804086	0.00305082801463959	0.0278540597736594
"CARDLGVAAAADFDYW"	2.57960908600783	12.2386542867099	0.00354266292158036	0.032024269776266
