"rn"	"logFC"	"logCPM"	"PValue"	"FDR"
"CTTGTVAFGDW"	7.28650139734539	17.670783803262	6.64176818252913e-88	6.0639343506491e-85
"CARGHVDIVATTHFDYW"	11.5648215591771	16.2225694956288	3.61280966868057e-62	1.64924761375268e-59
"CTRRGGNSNYDYW"	4.44240433885937	15.7447083775068	8.95616034366476e-39	1.63539487875319e-36
"CARDFVVAAVAGSYW"	9.93666218354101	14.6331822466824	2.97256283117597e-32	3.39243733107957e-30
"CAAYQVLLLDWFDPW"	3.0924417581929	14.9939664740923	2.25210833968272e-21	1.7134790951086e-19
"CARDRGIAAADPFDYW"	4.69637499284435	13.6647321327289	1.07464968603303e-16	7.00825116677255e-15
"CAKDPLAW"	2.65928369141304	14.3088125710766	4.05079834119802e-14	2.1755169914787e-12
"CARAQRQGYCSDTMCSYAFDIW"	2.48845467261123	14.1561137291947	3.07356949882069e-12	1.40308447621164e-10
"CARDRAVGTFDYW"	1.94337695679939	14.5258745334715	1.79701639211381e-10	6.56270386399963e-09
"CVPLGALLRYFDYW"	3.49641577924194	13.0910152558254	1.62997788016405e-09	5.31489215924919e-08
"CAGFQLLLLDWFDPW"	2.9431857712212	12.9737127098919	1.20001483085639e-07	3.65204513523962e-06
"CARGTGDIVATNTGRRVYYYHMDVW"	2.6877922324213	13.0412400928178	2.05878148456256e-07	5.87396092314255e-06
"CARGDQWLATPPLFDYW"	7.15860473706871	12.0456724659499	9.25110479969402e-07	2.48419373003548e-05
"CARANQYCSGGSCPYYFDYW"	1.96772708491698	13.4742125862276	1.1432149331359e-06	2.89932009431411e-05
"CARVDYYDSSGSIRGITFDYW"	6.95071284968963	11.8672393713424	7.00624217267243e-06	0.000148760444270929
"CARGRGLVDYW"	6.90529893318865	11.8294212075343	1.05042392398673e-05	0.00020689564517697
"CVTDGRPFWSGHYYYLMDVW"	6.85834304951548	11.7879199596734	1.57489322924903e-05	0.000281936768294973
"CARDPGIAAADPFDYW"	1.84986023598893	13.2459347346667	2.03560041900643e-05	0.000357404458183244
"CATQQAGHDFWSGYQYYFDYW"	3.12978747749756	12.2616764370741	9.68690269552053e-05	0.00163780410389079
"CARGTGDIVGTNTGRSVRYYYMDVW"	2.70153761982817	12.4001734218595	0.000104332487388203	0.00164233725836947
"CARDLGISAAGDFDYW"	6.47882390482759	11.4779524026814	0.000268320707389626	0.00401601321060211
"CARDLFKGDYSSGYFDRW"	6.41542367613373	11.4272310350549	0.000402343635230707	0.00583078950739103
"CARDLGVAAAADFDFW"	6.41540512247316	11.4264665273819	0.000402343635230707	0.00583078950739103
"CARDLGLTAASDFDYW"	2.74026505693436	11.94138956812	0.000464699879784865	0.00652724600374741
"CARVGAAGNW"	3.4214154738653	11.7073181429042	0.000512743684637662	0.00709295430415432
"CARANQYCGGFSCPYYFDYW"	6.34912771887032	11.3754343072119	0.000603319187658116	0.00822134952734119
"CARDLGVAAAADFDYW"	2.90884848450475	12.0766763565991	0.000710887422989334	0.00954470907631268
"CASPARPGLIAFDYW"	3.31150582868319	11.6208038452918	0.00107332319478782	0.0129266353642478
"CARDGEMATNGPRHYYYYMDVW"	1.92212065750304	12.4004998233858	0.00184755665288502	0.0213521420770129
"CARDRGITAPLPFDPW"	1.5232326843708	12.6853629708147	0.00235298680781326	0.0268534619441688
"CARDLGIAAAGDFDYW"	3.12910536087209	11.4788863789057	0.00321682511989263	0.0329673861548022
