"rn"	"logFC"	"logCPM"	"PValue"	"FDR"
"CVRVLNGFDGFDVW"	7.92755749365831	16.2551759224107	3.39222744322458e-13	4.37597340175971e-11
"CARHWGGSYRPEITW"	7.65868781820269	16.011610387512	1.69718808951438e-10	1.09468631773678e-08
"CARLRSGAHDPW"	7.45495672174635	15.8300037225925	1.44376136128242e-09	6.20817385351442e-08
"CARRGGRNPNYYLTGLDVW"	7.40549216984272	15.7863338458729	5.02725575188134e-09	1.62128997998173e-07
"CATDVGW"	7.30116468668819	15.6948063949057	1.73915150226711e-08	4.48701087584913e-07
"CARERSRAMVRGVAPGGAGAALGYW"	7.24602825709875	15.646763630498	5.97346988421864e-08	1.28429602510701e-06
"CAKDLLYDDPPYYFDYW"	7.06672264434289	15.4921956532854	1.49592613423911e-07	2.41218089146057e-06
"CARQGYCNTTKCPPAGGAFDIW"	7.06672264434289	15.4921956532854	1.49592613423911e-07	2.41218089146057e-06
"CARDLGAYSPHSRAGFAEPFEVW"	6.86192645677486	15.3190187373446	1.85539779710423e-06	2.65940350918273e-05
"CARDLQSGSGSYYVSWFDPW"	6.38874358066292	14.9346386601956	5.92725197511934e-05	0.000686861303410146
"CARDHDFGSRNNYFDYW"	6.33691370652418	14.8940224848359	5.92725197511934e-05	0.000686861303410146
"CARDRGNSIYLDYW"	6.22730947507474	14.809185211321	0.000214025627436702	0.00184062039595564
"CAREAGILTGYDDVLAYDSW"	6.22730947507474	14.809185211321	0.000214025627436702	0.00184062039595564
"CVRGYCSSISCYNPPDSW"	6.16921789913609	14.7648169068972	0.000214025627436702	0.00184062039595564
"CARTPYWNYLLGYSFDPW"	5.83744888277518	14.5198335127335	0.00268817609378136	0.0182513008472524
"CARGCGGDCDSRLLGDYW"	5.67994946532746	14.4088538553527	0.00268817609378136	0.0182513008472524
