"rn"	"logFC"	"logCPM"	"PValue"	"FDR"
"CAREGRGENPGQDWAGVDFW"	14.3112978660777	15.9961595902303	2.084083829874e-51	3.73051005547447e-49
"CARPQGNAYDSW"	13.695410067554	15.3814885494854	4.83370528631551e-39	4.32616623125238e-37
"CARRPIIGPVDLW"	13.4793810948827	15.1661125560758	1.34250991667545e-35	6.00773187712263e-34
"CARVGYSHGLVVW"	13.0761745235737	14.764159760865	9.44053854041057e-31	3.37971279746698e-29
"CARDIKVPGMFEYVWGSSFDYW"	13.0161247343756	14.704281854308	1.74459368668064e-28	5.20470449859724e-27
"CARHQGIGPTEGYW"	12.8644202276602	14.553206496326	7.83250930423514e-24	1.75252395682261e-22
"CARRKEYYVALTGYFPIDSW"	12.822160675864	14.5111304112673	9.38856606567011e-23	1.86728147306105e-21
"CARGGQRKWDLPSPLDSW"	12.6812108172909	14.3707693016873	1.17763249324017e-19	2.10796216289991e-18
"CARLKYSTGWGYYFYGMDVW"	12.3553543388153	14.0466858712804	1.03448092470968e-14	1.54310071269194e-13
"CARDRRAYSYGIRGGMDVW"	12.29483230215	13.9865385927604	4.9906262660876e-14	6.67310414567685e-13
"CARVGYSYGLVVW"	12.2931248604275	13.9848992818096	5.21918759997072e-14	6.67310414567685e-13
"CATPFKMVSTESPYHYW"	12.1323454671736	13.825107451468	2.81767733808656e-13	3.15227652198434e-12
"CARVFQDVLVVRAAFDIW"	12.1763027522123	13.8688066317911	7.82968164245289e-13	8.24419419999451e-12
"CAASGAGSFYFW"	12.0594474226207	13.7528013397049	1.23022699740662e-12	1.22339240297659e-11
"CTKQAARFFGMDVW"	11.9697031461314	13.6638187878057	6.44101077484579e-12	6.06811015103893e-11
"CARVGDFYGSGINGIDYW"	11.9654231729051	13.6597097608963	6.93741192352675e-12	6.20898367155644e-11
"CARDRYFQGSDYHYWFPFDDW"	11.8793217091443	13.5740883459224	2.96415099633345e-11	2.30688273192907e-10
"CATDLGRGAFDIW"	11.8520918724942	13.5470740157972	7.79830337534011e-11	5.8162346007745e-10
"CTTALYGDPLNDGFDIW"	11.7952342947122	13.4907077478823	1.86185240803972e-09	1.28181377322735e-08
"CARVGYNHGLVVW"	11.765534654864	13.4612829663599	7.10906687476614e-09	4.71304803919681e-08
"CATTEGGHYW"	11.7606403004114	13.4565494103981	8.690896735735e-09	5.55596612748774e-08
"CARGRSGSSSGDFDYW"	11.731886532487	13.4280245979699	2.67821078063469e-08	1.65310251632279e-07
"CASPNSFGYAGLSALDVW"	11.721484972623	13.4176137350597	3.91150069176199e-08	2.33386207941799e-07
"CAKYNDRGEQLDQEYVDYW"	11.6734515856939	13.3700658935327	1.84012476396291e-07	1.0625236540302e-06
"CARRPFPW"	11.622875523508	13.3200277928439	7.29065418940636e-07	3.95462757546588e-06
"CARDGGYARFDYW"	11.5911946623069	13.2886422283196	1.56008860879302e-06	8.21340767570443e-06
"CARGGGPDFGWFAPW"	11.5227944268436	13.2209550688049	6.40760387438237e-06	3.18600303754012e-05
"CARLGAAGEPRYFHYW"	11.5208826168289	13.2190907800957	6.6372343619574e-06	3.2109863534875e-05
"CARDGNGDWPNYSMDVW"	11.4152398047667	13.1145760659604	3.61536762847284e-05	0.000165936103973497
"CEVGLVSW"	11.3928614982556	13.092495904072	4.89183828397843e-05	0.000213570500690766
"CVRSAFSCSFTQTNTLDSW"	11.3733065589207	13.0731737961509	6.28077452999464e-05	0.000267680628778343
"CALNYHDSSGSFVDYW"	11.2319529786516	12.9335673290083	0.000408416407376247	0.00166151220273519
"CARDYDATDWYGMDYW"	11.2077135034325	12.9096637559006	0.000819806292839962	0.00319011579170333
"CARSYGAGSRTPRGGRFDYW"	11.2077135034325	12.9096637559006	0.000819806292839962	0.00319011579170333
"CARDCVGSSCYLDYW"	11.1190804225663	12.8222370271655	0.00513736710421798	0.0191580981594795
