"rn"	"logFC"	"logCPM"	"PValue"	"FDR"
"CARDQGGHTYGKDYW"	13.9978921613417	15.6084800505927	2.56502149141273e-61	2.62120319145768e-59
"CARHFFGGSSEGFDHW"	13.7403076627005	15.351445983707	7.35338748325569e-56	4.38752119834256e-54
"CARHHGTWGSSLRYFDYW"	13.7264402937435	15.3376371307257	1.52789046225428e-55	6.83730981858792e-54
"CARSLYYDNRGYNDFDYW"	12.73004299745	14.344295803513	9.74227837560477e-34	2.49123975604751e-32
"CARDPGGHSYAKDYW"	12.6923311389335	14.3071718120657	1.44599769555848e-32	3.2354198438121e-31
"CATYTSGLFGPFDSW"	12.6273613626248	14.2425328397609	1.12436304543108e-30	2.23623316813515e-29
"CARPQGNAYDSW"	12.4659912986232	14.0821264273959	1.89611946873799e-27	3.08550349912819e-26
"CARLKYSTGWGYYFYGMDVW"	12.2803922483209	13.897708929966	1.13239462367089e-23	1.4478474116935e-22
"CARTLNGLDSW"	12.2786924394432	13.8959164420343	1.21470192712736e-23	1.44954429970531e-22
"CARHPQLGYCSGGSCNDNWFDPW"	12.113042797011	13.7313775364518	6.68343792623369e-21	7.03726699291665e-20
"CAREGRGENPGQDWAGVDFW"	12.0710773513639	13.6898194411287	2.77380339114396e-20	2.75839337230427e-19
"CAASGAGSFYFW"	12.0084985893088	13.6276404989715	2.08793341768675e-19	1.81276645864433e-18
"CATQCGGGCNSEYW"	12.0076595607696	13.6268467854726	2.12670925315816e-19	1.81276645864433e-18
"CVESRWKEAGVYFDLW"	11.8779989864303	13.4982649912912	1.47557344423075e-18	1.14838107181436e-17
"CARLKVDHAFDIW"	11.8370971594201	13.457761543767	7.83412405184781e-18	5.84295085533649e-17
"CGRIAEMESLSGDYNMDVW"	11.7837374226445	13.4048550831863	8.5842858571019e-16	6.14634867368496e-15
"CARRGAVASEFDPW"	11.7681223776846	13.3893470054569	2.82265027741146e-15	1.87131259132093e-14
"CARTGHRSSWFIGDVFYDYW"	11.7289927459721	13.3506448357186	4.05643100673353e-14	2.50379706967345e-13
"CARRPIIGPVDLW"	11.6813290551716	13.3034844037644	6.3779488667803e-13	3.80550949051225e-12
"CTKEYEPGRGDKWLDPW"	11.6752223826448	13.2973175791881	8.8321541172764e-13	5.09985673223379e-12
"CARVHPHILTGYSPLSFW"	11.67034086177	13.2925773590961	1.12604373300444e-12	6.10793418811498e-12
"CARHLFGGSSEGFDYW"	11.6083112197178	13.2312758082094	2.01164172489689e-11	1.05907020222512e-10
"CTRRAIVYYDSRGYPPSRGMDVW"	11.5690247529269	13.1923281825613	9.61483851716436e-11	4.91730312734977e-10
"CARHETYGTSGYGMDVW"	11.5669388477329	13.1902062459276	1.04169142798935e-10	5.17952126694702e-10
"CAASGAGTFYFW"	11.5582633111419	13.1816278204769	1.43294052870432e-10	6.9323339091371e-10
"CARDQGGTHSYAFDIW"	11.551439812483	13.174888360275	1.82938072114257e-10	8.61734602854002e-10
"CARVGYSHGLVVW"	11.5338475993939	13.1574953303744	3.40207622336631e-10	1.56146575380146e-09
"CARGRIAAAGTFDSW"	11.5197197645849	13.1434933647917	5.44276491093917e-10	2.43563729764528e-09
"CARDAGGHSYGKDYW"	11.359184178889	12.9848998715035	4.07584264102111e-08	1.69668798312274e-07
"CACAYRPTEIDYW"	11.3504539969546	12.9762553042037	4.90160137872854e-08	1.99406056089184e-07
"CARAFPITGSTRYFDYW"	11.2963758407251	12.9228849903666	6.5104951233253e-08	2.5897302823894e-07
"CARDRRAYSYGIRGGMDVW"	11.2954405352543	12.9219329473044	7.38039834581557e-08	2.87193761717606e-07
"CARVGYSYGLVVW"	11.3219648345781	12.9480961237687	8.8551140602274e-08	3.37247961017171e-07
"CARLDDSGWPLGGYDYW"	11.2904816923672	12.9170773286562	1.3364906975556e-07	4.98399655963443e-07
"CARDGYDDYAGSGYNHDGGLDVW"	11.2283370813507	12.8557297713313	2.04228126018541e-05	7.16800677594489e-05
"CARAGVVVKDFDYW"	11.0573514526241	12.6872040388792	0.00359851949995379	0.0113006138682759
"CARRKEYYVTVTGYFPIDYW"	11.0546596104239	12.6845537285143	0.00376314721362384	0.0116138508834253
"CARDIKVPGMFEYVWGSSFDYW"	11.0270369024926	12.6573586450295	0.00574364207043991	0.0165824504936894
"CARVFQDVLVVRAAFDIW"	11.0108364689641	12.6414115154558	0.00718748634380537	0.0201025008678306
