"rn"	"logFC"	"logCPM"	"PValue"	"FDR"
"CARHFFGGSSEGFDHW"	13.6773182030809	15.2591194816004	9.01921038883665e-14	8.0721932980088e-12
"CARHHGTWGSSLRYFDYW"	13.119497515157	14.7029877379584	2.94336467808491e-11	1.317155693443e-09
"CARRGAVASEFDPW"	13.0677592690693	14.6514369097117	4.6505781514041e-11	1.66490697820267e-09
"CVESRWKEAGVYFDLW"	12.8895973414203	14.4739923261835	2.0616619722281e-10	5.27196418612613e-09
"CARDQGGHTYGKDYW"	12.7811788830761	14.3660532405594	1.02127420162424e-09	2.28510102613424e-08
"CARPQGNAYDSW"	12.7559971753558	14.3409878867874	1.54932823729323e-09	3.08144171639432e-08
"CARHPQLGYCSGGSCNDNWFDPW"	12.5449396013944	14.1310047032697	3.13619757740568e-08	5.10344878505106e-07
"CATYTSGLFGPFDSW"	12.4008501853195	13.9877236764399	4.02956699520753e-08	6.01077076785123e-07
"CARLKYSTGWGYYFYGMDVW"	12.3600409910543	13.9471694767156	6.28742014897051e-08	8.65729389742862e-07
"CGRIAEMESLSGDYNMDVW"	12.1584681809629	13.7469181590457	4.42034017794351e-07	4.65435818736405e-06
"CARDPGGHSYAKDYW"	12.1191698962697	13.7079072723092	6.20026219458482e-07	5.9847158336635e-06
"CATQCGGGCNSEYW"	12.1163243860695	13.705080858266	6.35249166701712e-07	5.9847158336635e-06
"CASPFKIMASESRYHYW"	12.0344771570395	13.6238459980809	1.24173903919468e-06	1.11135644007923e-05
"CARLKVDHAFDIW"	12.017770091321	13.6072650389461	1.41263456912015e-06	1.14937085396594e-05
"CARDQGGTHSYAFDIW"	11.8970413974941	13.4875239043747	3.44300476326283e-06	2.56790771926686e-05
"CARGRIAAAGTFDSW"	11.8200038068803	13.4111480368354	7.38442280483317e-06	5.08389108486591e-05
"CARTVFNSSGSSYDAFDIW"	11.7963673702133	13.3877275632506	1.22947157830025e-05	7.8598361612766e-05
"CARVHPHILTGYSPLSFW"	11.7183781129008	13.3104685077531	5.10354194538863e-05	0.000304511336074855
"CARTLNGLDSW"	11.5639200409308	13.1575638815784	0.000389024685242433	0.00224630382769018
"CARTGHRSSWFIGDVFYDYW"	11.5017422725282	13.0960741380412	0.000728195802978104	0.00394991056766911
"CTRRAIVYYDSRGYPPSRGMDVW"	11.4984114464736	13.0927692527676	0.000752247711930625	0.0039603629539877
"CAHRRAPQLQIDYW"	11.4890003700131	13.0834619145845	0.00082076780057988	0.00419764103725139
"CARHGTWFDPW"	11.4728256538685	13.0674703861703	0.000950170800122131	0.00472446036727393
"CACAYRPTEIDYW"	11.4550352229422	13.0498818796322	0.00111062789448903	0.00537303765171719
"CARERGSCSGGSCHYYSGMDVW"	11.449206426031	13.0441208285966	0.00116825238541941	0.00542959773336901
"CARRKEYYVTVTGYFPIDYW"	11.4475594991409	13.0424952151426	0.00118298498101336	0.00542959773336901
"CVRGDISLRGVPLDPW"	11.2875628112686	12.8844436829537	0.00568866904952695	0.0231425399969392
"CSKATYCGRTSCDDYW"	11.26381369513	12.8610022990106	0.00828566131574681	0.03224202990258
