"rn"	"logFC"	"logCPM"	"PValue"	"FDR"
"CARDQVATYGMDVW"	15.9039856673282	14.4907089390777	6.7524357114279e-08	1.00611292100276e-05
"CASRGGW"	15.3175376191678	13.904813896198	2.68430687213444e-06	0.000204211465118799
"CARRADDPRPYDYW"	15.0996383490403	13.6871844778289	8.15795797531234e-06	0.000486214295328616
"CARLIYDTSDRYSSYWYFDLW"	15.0409641473121	13.6285901693184	1.08055877419467e-05	0.000536677524516685
"CAKDPGDGSYYRFDPW"	14.9854707129552	13.5731753419853	1.39975418766457e-05	0.000595895354177201
"CTRGGDSHGADYLQYW"	14.8859382160578	13.4737916247772	2.39434343512897e-05	0.00089189292958554
"CASDYNYW"	14.8366121610759	13.4245431876559	3.18517743537233e-05	0.00105464763971217
"CARRRRHIIVVARRDYYQYGLDVW"	14.7393183997454	13.3274105146719	5.44975140776128e-05	0.00162402591951286
"CARGSRLDQSWAYYFDYW"	14.5380279079652	13.1264897949935	0.00014851765553429	0.0040234783044744
"CARDRGTIFGVAPSYGMDVW"	14.1100954626656	12.6995373585539	0.000841177854924532	0.0208892500639592
"CARGPGVVGVGHFDHW"	13.9453605694994	12.5352640747342	0.00223257122732381	0.0475218732673212
