"rn"	"logFC"	"logCPM"	"PValue"	"FDR"
"CARGGSSWYIDSW"	14.2600571761741	14.2800098016505	8.30500188147161e-27	3.6292858222031e-24
"CARHVAELRGRSNYMDIW"	13.8670193370692	13.8876845980758	1.14067749703711e-24	1.66158688735073e-22
"CATTPYRAVSSYFDSW"	13.7705536149644	13.7914218987423	3.61615047443268e-24	3.9506443933177e-22
"CARGGKRRAGPLGYW"	13.6986580518323	13.7196714961013	8.41463653062891e-24	7.35439232776967e-22
"CASFGRTGAGHSHDYW"	13.0938223586326	13.1165529619186	2.94995685116996e-20	2.14855190660212e-18
"CASAVYYYDSSGYYKDDAFDIW"	13.0661057084389	13.0889651612936	4.39312384050747e-20	2.74256445471681e-18
"CARGGSSWYIDYW"	12.4927719737932	12.5180599741103	7.34468138837542e-17	3.56625085191118e-15
"CATSIAVIGTSRASGDAFDMW"	12.3766675903832	12.4026197253938	2.81496601940687e-16	1.2301401504808e-14
"CVREYITSNIW"	12.3550448255485	12.3811016455999	3.58165630596845e-16	1.42289436882565e-14
"CARQQADYDFWRGYQYYFEYW"	12.3435401282614	12.3696812314919	4.17195223414691e-16	1.51928593860183e-14
"CARDAKMVAAGVLNYW"	12.2631788525706	12.2897949686431	1.41344220453492e-15	4.75134033370585e-14
"CAKAFGGRGGRHYMDVW"	12.0884206189996	12.1161243083285	1.72309395768298e-14	5.01994706338307e-13
"CARDGIAVADGPHFYFYYMDVW"	12.0729852764184	12.1008997011017	2.12012848358116e-14	5.79060092078104e-13
"CVREYISSNIW"	11.8397493940178	11.8694184224302	4.36025564483225e-13	1.00285879831142e-11
"CARHAPQLLRYYPNWFDPW"	5.06671426585647	15.5916315852565	4.90377360259541e-13	1.0714745321671e-11
"CARIPLCSHGPRKLYYFDYW"	11.742697142282	11.7731196818921	1.39874404433501e-12	2.89143024012006e-11
"CARVGVVKWFDAW"	11.6569640503957	11.6880673526452	3.76101883542552e-12	7.14593578730849e-11
"CASYGSGKIDYW"	11.5422582271192	11.5746008170924	1.33929173357834e-11	2.43862703155723e-10
"CARGDWFDPW"	11.4613487190513	11.4945751532168	3.13840280954622e-11	5.48592811108679e-10
"CARDLGSGHNYYYYYYMDVW"	11.4415978497753	11.4749782561926	3.86479265392973e-11	6.49582457602805e-10
"CARSLLSGYNYDSSVGFDPW"	11.419362036183	11.4530537336184	4.82918224225904e-11	7.81612088839704e-10
"CAKTTVTYFFDYW"	11.3315335144846	11.36624350212	1.1597107472814e-10	1.74756412607576e-09
"CTRVDFGAFDSW"	11.2860508252984	11.321281874608	1.80533284204449e-10	2.62976817324481e-09
"CASGGNIVVVLAASWFDPW"	11.2390885410838	11.2748742874383	3.01648720129476e-10	4.13737163651455e-09
"CASLADNGWW"	11.2385483429949	11.2743733351965	3.02965428760791e-10	4.13737163651455e-09
"CARGTGDIVGTNTGRSVYYYNMDVW"	4.64079800413452	14.4505244199922	3.15766159656082e-10	4.18150944756691e-09
"CARSPLYYGSVSFAPYYMDVW"	11.2156625714993	11.2516927700179	4.00409797467579e-10	5.1464435733333e-09
"CASYSYSSSWFLNYYSYYMDVW"	11.1894283315222	11.2258878451296	5.41494235344805e-10	6.76094230987656e-09
"CARDHVEVEDNYYYYYYIDVW"	5.71180972306303	12.6037103031318	6.05755596322033e-10	7.35319987757579e-09
"CARGVTGYSYW"	11.1672608542184	11.2038322650796	7.01240094196457e-10	8.2822140855095e-09
"CARLEYIVTTTSDYYYMDVW"	4.75269411518252	13.7767608314357	7.87570060935112e-10	9.05705570075379e-09
"CAKPPEYGSSWYFDYW"	11.1397359927317	11.1767901314468	9.58684783993013e-10	1.02770862386756e-08
"CARDWAPRRDDDSAYMDVW"	11.1389630100296	11.1760739065313	9.64211752370019e-10	1.02770862386756e-08
"CSRASWSYYLSHYYYYMDVW"	11.0876712498481	11.1254072435542	1.70366925494271e-09	1.7726272962142e-08
"CARSDPFDMW"	11.0595883835882	11.0977827564565	2.29200146769427e-09	2.27637418495999e-08
"CARHLYDSSGYYLDAFDIW"	11.0324072070361	11.0709696349352	3.05271390767703e-09	2.96452439478859e-08
"CARDRGSSWYEVTGENDYW"	10.8889428608576	10.9295231797821	1.26421036502435e-08	1.20099984677313e-07
"CARGFAKNFDYW"	10.8868624002983	10.9276001652218	1.29193338830933e-08	1.20122317168335e-07
"CSRSKVSTNYYYYYMDVW"	10.8552424791931	10.8965218743914	1.73184979405424e-08	1.57670491667021e-07
"CARDAHKIFERGWFDPW"	10.7587849528598	10.8016272020437	4.11620877784261e-08	3.53696177085229e-07
"CARELRITFGGVIWKFHFDSW"	10.7582777888504	10.8011591359475	4.12780435499924e-08	3.53696177085229e-07
"CARSHLGDFDSSDYYAKDGEFLGFDYW"	10.7249717379962	10.7683970464455	5.50337520613503e-08	4.62495185592502e-07
"CARGSGTVTAGAFDIW"	10.7226319490109	10.7662386201886	5.62583154137105e-08	4.63865732750783e-07
"CARRAGRPERYFDSW"	10.6537783258034	10.6985415857425	9.91059658037511e-08	8.02024204745171e-07
"CARAHSTLTGYYSGWGFDPW"	10.6170987922205	10.6625605948256	1.32945090235069e-07	1.03744650772723e-06
"CAKVEGYSSGWQDYW"	10.5817668195731	10.6277813803641	1.76483979808244e-07	1.29445785689468e-06
"CGRDCDRGGVMCYW"	10.5811909842096	10.6272510824209	1.76980795639047e-07	1.29445785689468e-06
"CARESHNWNYVPDYYYSYYMDVW"	10.580326765125	10.626455241977	1.77728767537027e-07	1.29445785689468e-06
"CAREKENGFDSW"	10.5425942726367	10.589424353592	2.378063313138e-07	1.70362896367427e-06
"CARANHYCSGNNCPYYFDYW"	10.4627840656931	10.5112347207941	4.29437314767108e-07	2.9075621866107e-06
"CASAVYYYDSSSYYKDDAFDIW"	10.4618429685218	10.5103694690129	4.3125716601613e-07	2.9075621866107e-06
"CARVAITFGGVIVKQYFDYW"	10.4612151999012	10.5097923223132	4.32474924781913e-07	2.9075621866107e-06
"CARGLRVASGYYDLW"	3.77958430087596	13.3376667822466	7.022972263181e-07	4.58065504329865e-06
"CARVNFGAFDSW"	10.3783003816264	10.4285649425047	7.79125457983202e-07	4.8708518971274e-06
"CATLGLEMATTPIVNWFDPW"	10.377967061544	10.4282588424932	7.80227992674869e-07	4.8708518971274e-06
"CARGKRVTTQTADYFYYYMDVW"	10.3344725156896	10.3856993895896	1.05009783061651e-06	6.14463786021493e-06
"CARLGHCSGGGCFSGDSW"	10.333440158401	10.3847519427974	1.05457171513986e-06	6.14463786021493e-06
"CARQGGYSGYDYFDYW"	10.330683258293	10.3822220991378	1.07774625789438e-06	6.19704098289266e-06
"CARDRYSGRRGPADFDFW"	10.2889173738058	10.3411965309445	1.41947521201395e-06	7.72372575568062e-06
"CARISGPFGYGSSEFEPW"	10.2889173738058	10.3411965309445	1.41947521201395e-06	7.72372575568062e-06
"CARVTIVAAGRFFDYW"	10.2889173738058	10.3411965309445	1.41947521201395e-06	7.72372575568062e-06
"CARNVVVQWDYYYMDVW"	10.2871387131093	10.3395652954885	1.42959548677388e-06	7.72372575568062e-06
"CARDFLSNYYAFDIW"	10.286782693158	10.3392388065651	1.43162880139618e-06	7.72372575568062e-06
"CARDPMISSTVTTPENNWFDPW"	10.242245073628	10.2956147538171	1.91923658097181e-06	9.83613818048446e-06
"CARANHYCSGNYCPYYFDYW"	10.2415094914333	10.2949405784447	1.92471288583446e-06	9.83613818048446e-06
"CARDYGMTIIGVILIRGWLDPW"	10.2407734983491	10.2942660580223	1.93020600032842e-06	9.83613818048446e-06
"CAREVLTGDDGFDLW"	10.2400370938859	10.2935911921696	1.93571598059877e-06	9.83613818048446e-06
"CAKEQGDPGGSYDIW"	10.1913461555884	10.2461042285061	2.62577457544046e-06	1.30040044982242e-05
"CARAGIAGDSYYMDVW"	10.1913461555884	10.2461042285061	2.62577457544046e-06	1.30040044982242e-05
"CARMGREWDYW"	10.1890550598541	10.2440063635796	2.64841281542782e-06	1.30040044982242e-05
"CARESDSSTWSQFDYW"	10.1433190321874	10.1991721023224	4.7613656676786e-06	2.26164869214734e-05
"CSYRLFAREGGGVYYYYYMDVW"	10.1393771207109	10.1955523974787	5.10068709299073e-06	2.3712768719542e-05
"CTTAGYDDYW"	10.1393771207109	10.1955523974787	5.10068709299073e-06	2.3712768719542e-05
"CARNSMVQGVIIGPFDYW"	3.34931385842197	13.1485550759539	1.17356590932497e-05	5.34216981640639e-05
"CARGTGDIVATNTGRSVYYYHMDVW"	10.08873811236	10.1461691500289	1.18875884013294e-05	5.35554240348553e-05
"CVTQSSNSDSTFDYW"	10.087109887671	10.1446653598478	1.2142285220056e-05	5.41446800118823e-05
"CARDLEIAAAGHFDYW"	2.82327444971331	14.6638639911166	2.41633071436197e-05	0.000106660254765271
"CARGEWLRGRLGWFDPW"	10.0345584747637	10.0934809890218	2.64081966538204e-05	0.000115403819377195
"CARRSLEFDAFAFW"	9.97913422309751	10.0396089208822	5.46091110183873e-05	0.000229188380325596
"CARHVTMLQGVSIPLYYYYYMDVW"	9.97826294420303	10.0387964031753	5.50989224989585e-05	0.000229188380325596
"CARDHVEVVDNYYYYYYMDVW"	9.9778271401126	10.0383899534496	5.53452781609599e-05	0.000229188380325596
"CAHRSGDCSGDSCYFSAFDIW"	9.97739122614547	10.0379833763602	5.55926048387029e-05	0.000229188380325596
"CARGDLWPGGTWFDPW"	9.97739122614547	10.0379833763602	5.55926048387029e-05	0.000229188380325596
"CARGYGDRNYEFDSW"	3.08860465023938	12.7451041095177	9.68932889584587e-05	0.000391091065896233
"CASGVLGDFSTSLSFQHW"	4.15649311171173	11.3289816110461	9.75490301663374e-05	0.000391091065896233
"CARLTGDRDYW"	9.9214880104203	9.98365173620689	0.000105805607350202	0.000420336821927622
"CARGSWSGPNYYFDFW"	9.91967986609624	9.98195820003525	0.000108532131925218	0.000425210152085004
"CARGDKQYELRYYMDVW"	9.91922752637085	9.98153446912705	0.000108978345614463	0.000425210152085004
"CARAPGGLCGSGSYCDYNYMDVW"	4.13954172756011	11.2045843553532	0.000154242002294104	0.000596493407101979
"CAKLPVFRSSSSEYWYFDLW"	9.85626196181609	9.92057564375974	0.000207201400544252	0.000793343882285419
"CARLGRPNWNDGDYW"	9.85531951064081	9.91968888610455	0.000208774705864584	0.000793343882285419
"CARDPFPSYW"	4.22667320689503	11.0605939484335	0.000225515205550872	0.000849570214014923
"CARAYLASSYYRGWFDPW"	9.79387029857076	9.86016593524612	0.0003671078814595	0.00133519322722301
"CAKDSTLVPGTGFFQDW"	9.79337956865915	9.85970251065806	0.000368401335469295	0.00133519322722301
"CARDRDITIFGVVRTFDYW"	9.79337956865915	9.85970251065806	0.000368401335469295	0.00133519322722301
"CARGAGYPEHFDYW"	9.79288868936887	9.85923891845761	0.000369698811199048	0.00133519322722301
"CARASGQRQQHYYYYMDVW"	9.79092367611913	9.85738287087292	0.00037492915100916	0.00134298392615576
"CATLGSGKGHW"	9.73171924832735	9.80003391007489	0.000609623707789149	0.00216589886425901
"CASRMAARTHWYFDLW"	9.72557318584111	9.794209655581	0.00063937102179337	0.00224993448945288
"CARGLRGYDYKSNGYW"	9.72454652371608	9.79323635649156	0.000643573938630688	0.00224993448945288
"CTTDPFDSANGVWLNFDYW"	9.65603853430643	9.72713149647678	0.00106223137295278	0.00366632150723507
"CAKYMSLQFSFYYHMDVW"	9.65550106366561	9.72662020797749	0.00106549847006603	0.00366632150723507
"CARVAITFGGIIVKQYFDYW"	9.65065549704978	9.72200931697312	0.00110406810963384	0.0037401377047286
"CAREECGGGSCYSAW"	3.78060223325918	10.7627729881276	0.0016649201096781	0.00555397013686512
"CARSLLSGDYYDSSVGFDPW"	9.58353792521493	9.65732570033066	0.00213964739109149	0.00702148861110605
"CARVGAAGSW"	9.58353792521493	9.65732570033066	0.00213964739109149	0.00702148861110605
"CVKDTGRVEVPNWRFDPW"	9.58297564400542	9.65678727824391	0.00215433848818604	0.00702148861110605
"CARDSSSNDNIVVEDGEGLGLDFW"	9.58241322612213	9.65624862642801	0.00216910975400301	0.00702148861110605
"CARTLVRYYFDYW"	2.41216757069896	12.5133766072407	0.00227005539552742	0.0072942221165109
"CAKDTGSGINYYYYYYMDVW"	9.50599855912246	9.58284321134645	0.00529929354244092	0.0155819204126491
"CARLGYCSGGSCYPFDYW"	9.50599855912246	9.58284321134645	0.00529929354244092	0.0155819204126491
"CARGYGDRNYEFDYW"	9.50541049335275	9.58227412392829	0.00532922426352628	0.0155819204126491
"CARSQFGNNYFDSW"	9.50541049335275	9.58227412392829	0.00532922426352628	0.0155819204126491
"CARDFDTSSTGAFDLW"	9.50482225835964	9.58170477832523	0.00535928505804384	0.0155819204126491
"CARRAARPERYFDYW"	9.50482225835964	9.58170477832523	0.00535928505804384	0.0155819204126491
"CVHRTRFCVRIRCYDRGFSEFDSW"	9.50482225835964	9.58170477832523	0.00535928505804384	0.0155819204126491
"CATDGRPFWSGHYYYLMDVW"	9.50423385387658	9.58113517427764	0.0053894763101067	0.0155819204126491
"CARGQWFFDLW"	9.5036452796372	9.58056531152549	0.00541979840439968	0.0155819204126491
"CARGQYCSGGSCGFHAFDIW"	2.72773344377672	11.1279820001749	0.00913453544145153	0.0260901437118583
"CAREYSSSVSPPKMYAFDIW"	3.29086298336727	10.3838351986179	0.0100347480908821	0.0284752267254253
"CTSTLTTWDDYW"	9.42281600977291	9.50310138232958	0.0113498705510645	0.0313888664693408
"CTTVGYDDYW"	9.42219766596018	9.50249736608171	0.0114031966764223	0.0313888664693408
"CARGRYYYASGSFGWGYYMDVW"	9.42157911839901	9.50189305700737	0.0114567131897834	0.0313888664693408
"CARVDYYDSSGSIRGATFDYW"	9.42157911839901	9.50189305700737	0.0114567131897834	0.0313888664693408
"CGRLTTPGAFDVW"	9.42157911839901	9.50189305700737	0.0114567131897834	0.0313888664693408
"CARDYHWNDPFDYW"	9.42096036682551	9.50128845479085	0.0115104205522319	0.0313888664693408
"CAAIWGGLSRIDYW"	9.42034141097582	9.50068355911586	0.0115643192255466	0.0313888664693408
