"rn"	"logFC"	"logCPM"	"PValue"	"FDR"
"CATRSTAGGNFFQHW"	15.703416603876	15.3142937456372	2.56670033376244e-12	6.21711858622458e-11
"CARVFAVSATSFDSW"	15.6858910364756	15.2967744055813	3.79846202988781e-12	8.28064722515543e-11
"CAKLGYSGAGAFDFW"	15.1900596210055	14.8011996935638	1.11901289158253e-08	2.03287341970826e-07
"CARSGYCRGGSCYFDLW"	15.17715918928	14.7883098274038	1.30321754227674e-08	2.18539557089485e-07
"CAKDRRALRWGSSHFDLW"	15.1283199057046	14.7394951996167	2.27809575142967e-08	3.5473205272262e-07
"CARSGNCRGGSCYFDLW"	14.7825194688038	14.3939488038941	5.58787875135535e-07	7.07650973025184e-06
"CARHIDFDYWAGHYGWFDPW"	14.7766866950748	14.3881259749992	5.84298968552904e-07	7.07650973025184e-06
"CATDRSGW"	14.7371932458895	14.3486625600075	7.86178464731597e-07	9.02036343744674e-06
"CARGDQANWGVCFDYW"	14.5665488380586	14.1781671735533	2.5247755076092e-06	2.75200530329402e-05
"CASAYSYGWYNYW"	14.5043418681461	14.1160238087583	3.7067936566304e-06	3.84800484354966e-05
"CARDQSDAYDWGEYYYYGLDVW"	14.220413143636	13.832402765405	1.71221450024731e-05	0.000155526150439131
"CARDIGNRNYILDHW"	14.1989756172069	13.8109948522456	1.89738892009415e-05	0.00016545231383221
"CARAPGFYDYW"	14.1691588806717	13.7812128511115	2.1833829555607e-05	0.000183068263197013
"CVREGTGYFFDYW"	14.1211959481005	13.7333084473902	2.72069247163489e-05	0.000215393784241371
"CARPDRKFLVPGAFDVW"	14.0979128010101	13.710068319349	3.01882386730428e-05	0.000226932276921494
"CARDGTYGMDVW"	14.0777809218011	13.6899540411336	3.29929593600271e-05	0.000239748838016197
"CARLGGSNKWFDFW"	13.9951678005669	13.6074577949902	0.000248797911031021	0.00174961111628266
"CMQDPALGEASAGASYNWLDPW"	13.931732791983	13.5441080296412	0.000813965052212734	0.00554513691819925
"CARGQTSTWNTVFDSW"	13.8506228534765	13.4631217891393	0.00243675920693332	0.0156239266797489
"CARDDYGDYEAFDIW"	13.8275774656336	13.4401181677948	0.00314106863148478	0.019564370333248
"CVKDRGNRADAFDVW"	13.7794346155835	13.3920454781083	0.00502645994698279	0.0296153586065473
