"rn"	"logFC"	"logCPM"	"PValue"	"FDR"
"CVRVLNGFDGFDVW"	7.9263843827708	16.2527458593642	3.39222744322458e-13	4.37597340175971e-11
"CARHWGGSYRPEITW"	7.65751569891154	16.0091801792943	1.69718808951438e-10	1.09468631773678e-08
"CARLRSGAHDPW"	7.45378548699243	15.8275734208175	1.44376136128242e-09	6.20817385351442e-08
"CARRGGRNPNYYLTGLDVW"	7.40432116936218	15.7839035232825	5.02725575188134e-09	1.62128997998173e-07
"CATDVGW"	7.29999420746095	15.6923760306574	1.73915150226711e-08	4.48701087584913e-07
"CARERSRAMVRGVAPGGAGAALGYW"	7.24485806895805	15.6443332454073	5.97346988421864e-08	1.28429602510701e-06
"CAKDLLYDDPPYYFDYW"	7.06555348354945	15.4897652056128	1.49592613423911e-07	2.41218089146057e-06
"CARQGYCNTTKCPPAGGAFDIW"	7.06555348354945	15.4897652056128	1.49592613423911e-07	2.41218089146057e-06
"CARDLGAYSPHSRAGFAEPFEVW"	6.86075863671682	15.3165882270087	1.85539779710423e-06	2.65940350918273e-05
"CARDLQSGSGSYYVSWFDPW"	6.38757969316843	14.9322080347644	5.92725197511934e-05	0.000686861303410146
"CARDHDFGSRNNYFDYW"	6.33575033346051	14.8915918489279	5.92725197511934e-05	0.000686861303410146
"CARDRGNSIYLDYW"	6.22614725268755	14.8067545544525	0.000214025627436702	0.00184062039595564
"CAREAGILTGYDDVLAYDSW"	6.22614725268755	14.8067545544525	0.000214025627436702	0.00184062039595564
"CVRGYCSSISCYNPPDSW"	6.16805632300468	14.762386239545	0.000214025627436702	0.00184062039595564
"CARTPYWNYLLGYSFDPW"	5.836291540474	14.5174027929287	0.00268817609378136	0.0182513008472524
"CARGCGGDCDSRLLGDYW"	5.67879450028752	14.406423114551	0.00268817609378136	0.0182513008472524
