"rn"	"logFC"	"logCPM"	"PValue"	"FDR"
"CAHSDFWSGLGYW"	10.4174098004162	14.9889552486185	0.00353014545439986	1
"CATELAGSAWYSRRYWLDPW"	9.32337457149127	13.9378380886507	0.00883086100695002	1
"CARHDYGTHPPDFW"	8.67718339601535	13.3356590859666	0.0153409679193711	1
"CARLKKKIPYYYYFGMDVW"	8.14179153188703	12.8546614201314	0.0241607438522728	1
"CAKQKAYALTGPSENW"	7.96254929903705	12.6958562206488	0.0278650611302684	1
"CITDSNPSRTSRLVFGYW"	7.78715140284525	12.5443531503413	0.0320666767422637	1
"CARGEALEGLDYW"	7.40501803318906	12.2235954113764	0.0442024350991219	1
"CARIDNTFESSSYRHCDCW"	7.38050401821974	12.2034957154033	0.0451930781381961	1
"CARHDWNYATPYFFDYW"	7.29163595326858	12.131039198677	0.0485553293883448	1
