"rn"	"logFC"	"logCPM"	"PValue"	"FDR"
"CARMKRWDNRGAIDLW"	14.9347662586219	16.7974845309921	6.63958771914829e-54	1.35447589470625e-51
"CGTEHSRYYFDYW"	13.0894386754037	14.9562941115998	5.28219420859729e-33	1.53938231221978e-31
"CARETDGSSSWPYW"	12.3397548062192	14.210502506887	2.47993816020506e-25	4.59915804256211e-24
"CARNGGYCSGGSCYSTLEYW"	12.2202440670794	14.0918079594643	3.35291504539311e-24	5.26149745584765e-23
"CARRRYSSWYSEYFQHW"	12.1774707419307	14.0493762869184	8.16811798996388e-24	1.11354173204336e-22
"CARALHSRSTVADSW"	12.0827485430606	13.9553151864129	2.79077050522087e-22	3.34892460626505e-21
"CARMKRWDHRGVIDLW"	11.9389824864785	13.8127157187755	1.51181369943775e-19	1.54204997342651e-18
"CASPGYTRGWAWW"	11.7966861537413	13.6717550705798	5.91764431621809e-18	5.24869321960213e-17
"CARARYCISDICPVTKNWFDPW"	11.597184513186	13.4743228589598	2.64083067385012e-15	2.07203637486702e-14
"CARTGHRSSWFIGDVFFDYW"	11.5052473218811	13.3834344203831	2.85182230941001e-14	2.15471018933201e-13
"CARNVDYFDSSGYPESW"	11.4937836433296	13.3721074005136	3.77274257017614e-14	2.74871244398547e-13
"CAHRRAPQLQIDYW"	11.4851888063001	13.3636563708906	4.59005268104499e-14	3.22886464459716e-13
"CARLLYDSRGYYYFDYW"	11.4732230746758	13.3518508744455	6.0908483753814e-14	4.14177689525935e-13
"CVRHLSGILGRW"	11.4540938851849	13.33293527212	9.51753619152449e-14	6.26315284861612e-13
"CLFSRGGAFGPNEW"	11.3908992252716	13.2704791184431	3.82722232602767e-12	2.36591925608983e-11
"CARDGGDSRLGAFDIW"	11.2888489811462	13.169772040395	7.93100959026188e-09	4.75860575415713e-08
"CAKVRDSGGYYSWYFDVW"	11.2801051377688	13.161145463004	1.2671073956647e-08	7.38542596330282e-08
"CATDSYDYDWGSYREVEYFQKW"	11.1303662049026	13.0135731316453	3.31680491973118e-06	1.73494411185938e-05
"CLSQLFPTPGVDYW"	11.1103479781772	12.9938632852606	5.54281097781629e-06	2.75788643774274e-05
"CARHGTWFDPW"	11.059713005871	12.9440185435986	1.73371588156092e-05	8.22507069391691e-05
"CARGFCKTGVCYGPLGHW"	11.049457660589	12.9339256727829	2.13337842175295e-05	9.89111813721822e-05
"CARYCTGNSCRPDFDDW"	10.9527767607636	12.838844739971	3.57253428017054e-05	0.000158434128946694
"CARWGDGYTSPVDYW"	10.872108429059	12.7595991582292	0.000111966836116815	0.000485983714209154
"CARSGTSNSDRHDAFDIW"	10.7753260723802	12.6646214445591	0.000333690713788856	0.00132149583263747
"CVRDLNWAFDYW"	10.7747933839648	12.6641013477999	0.000335268187012627	0.00132149583263747
"CARTSSSYLPIAAFAVW"	10.7742605046842	12.6635810589699	0.000336851878907591	0.00132149583263747
"CASGRAFLAYW"	10.7496742100402	12.6394699895487	0.000429484363163867	0.0016298534984164
"CCLVSGYYLGYW"	10.7491321053489	12.6389406311204	0.000431431808404341	0.0016298534984164
"CAGGYQSSDYW"	10.7037959591269	12.5945076223183	0.000914048369361192	0.00332974763124434
"CGADSAIDITAAGTFDNW"	10.5859888614071	12.4791812277337	0.00753739281035828	0.0264267537138966
"CARASFHSEASTYTGQWYYFDYW"	10.5427703739801	12.4369251399576	0.0126310183453504	0.0429454623741912
