"rn"	"logFC"	"logCPM"	"PValue"	"FDR"
"CARAPYDSSDPLGFSFDYW"	14.2500441117182	16.2937467885472	1.11952563640096e-15	2.28383229825796e-13
"CAKVGEFRYNWNNTGSYYYYGMDVW"	13.4922834257857	15.5376196799633	3.90643143704045e-12	3.98456006578126e-10
"CARQISSSSWYGLQVSWFDPW"	13.2175509378762	15.263721152654	3.85668871534327e-11	2.3529852730879e-09
"CARGDCSGGSCRFDNW"	13.1944543071818	15.2407024230305	4.61369661389785e-11	2.3529852730879e-09
"CARTGHRSSWFIGDVFFDYW"	12.9691272406095	15.0162374672003	2.43012537562229e-10	9.91491153253896e-09
"CARQYGSGSDRW"	12.2956397933332	14.3461670831343	1.09710530054003e-06	2.03463164827424e-05
"CARQYGSSFDYW"	12.2581761004613	14.30888898079	1.50815663458055e-06	2.56386627878693e-05
"CARDKDREWEGLGGEAFDVW"	12.1671493556219	14.2184902454348	3.1076331884384e-06	4.87659361878025e-05
"CARVYGDYADYW"	12.1106266302879	14.1623989109201	4.72095281734725e-06	6.87910267670599e-05
"CVRSGHRSSWFIGDVFFDYW"	12.0899516381088	14.1418557926683	5.46805114649529e-06	7.4365495592336e-05
"CARLVHVIRRFDPW"	12.0614311163927	14.1135840280038	6.65846987731742e-06	8.48954909357971e-05
"CARHRYHFHSVGYLLDFW"	11.9208115560048	13.9740329521113	1.64556308957344e-05	0.000197467570748813
"CARDRELFDFWTGQYYYYGMDVW"	11.8766804052116	13.9303000963853	2.1375431135608e-05	0.000242254886203558
"CASDLRQYGGPDRHWYFALW"	11.8622272171739	13.9159137682499	2.32458884659976e-05	0.000249587434055974
"CTRDLGTTAPYYFDYW"	11.7792118330886	13.8336527321707	3.68732555661012e-05	0.000376107206774232
"CARVYSGSWFDPW"	11.7662405537176	13.8207892899297	3.95600841390019e-05	0.000384297960207447
"CARGDYLDNSGPPHHLDYW"	11.6221900097323	13.6781230800502	9.86009548217049e-05	0.000874547599288165
"CARDRELFDFWSGQYYYYGMDDW"	11.5783427770162	13.6346894556204	0.000157899220103467	0.00134214337087947
"CARVAGNGIYRYLEYLSPDRG"	11.5634248286486	13.6199167789855	0.00018342319410443	0.00149673326389215
"CAKVAGNGIYRYLDYLSPDRG"	11.5483505492844	13.6049916516388	0.000212957922843275	0.00160901541703808
"CVRGTRDWAGFDYW"	11.5483505492844	13.6049916516388	0.000212957922843275	0.00160901541703808
"CARQYGSGIHHW"	11.5221628171704	13.5791194169204	0.000272856756005082	0.00191940614569092
"CTRLVHVIRWFDPW"	11.4894533924069	13.5467306064141	0.000366348842488022	0.00243955287354432
"CARHESYDFWTGYYLGLTIDYW"	11.4879389123286	13.5452168892863	0.000370716368038598	0.00243955287354432
"CARGGSSTSCSYW"	11.4590782589405	13.516692718826	0.000474125500516834	0.00302255006579482
"CATVDLESSPFFDYW"	11.3639175203922	13.4226307037379	0.000986902993633691	0.00592141796180214
"CASQRDGRSGSLPVSSYHGVDVW"	11.3095826233552	13.3689396906624	0.00142965722842128	0.00810139096105392
"CARESSGAARPPSKYLDLW"	11.2950652317833	13.3546106962689	0.00157281631791642	0.00867174402310677
"CARHLKFEGPGYDYVWGSYRPSFFDYW"	11.2584741632198	13.3184796422379	0.00197326681759988	0.0103217033535994
"CARPWLNGYNYYFDYW"	11.2584741632198	13.3184796422379	0.00197326681759988	0.0103217033535994
"CARDRGWAVAGTDNWFDPW"	11.2245861523019	13.2850311047141	0.00240517931815663	0.0116822995453322
"CARGYYDHSGSHRDYW"	11.2245861523019	13.2850311047141	0.00240517931815663	0.0116822995453322
"CATVGGNWFDPW"	11.2147129053765	13.2752824458838	0.0025445467460796	0.0120718031674474
"CTRIGYSMGITVAAYVNW"	11.130376748193	13.1920918193679	0.00398832074702724	0.0184913052816718
"CARDGQNGGPIFFFDYW"	11.0076993807691	13.0712032807377	0.00701845547264032	0.0292196921718087
