"rn"	"logFC"	"logCPM"	"PValue"	"FDR"
"CVKDRASYDVVSGSYPNWFDPW"	12.7201667333246	14.651428203934	5.20073505875215e-12	1.76824991997573e-10
"CARHNSPFWYFDLW"	12.4282921489388	14.3612413325819	7.46087150282497e-11	2.17431112368042e-09
"CARDKDREWEGLGGEAFDVW"	12.3803083171466	14.313438797352	1.76826992065275e-10	4.5090882976645e-09
"CARLVHVIRWFDPW"	12.3465660572987	14.2799590631291	3.1552233773258e-10	7.04415805941318e-09
"CARGMKGDFSRVMGDYYYYGMDVW"	12.2545494372026	14.1885162433873	1.35172681991733e-09	2.50683882966487e-08
"CATSSPGEHLEPFAGLDFW"	12.2382859620599	14.1724730385662	1.71677985959298e-09	2.91852576130807e-08
"CAGNLFSLWFGANWFDPW"	12.0780761784382	14.0133308475225	1.47046275433561e-08	2.14267429917475e-07
"CARHQEGSTSYSYSAMDVW"	12.0062552005578	13.9421120502461	3.43980837391306e-08	4.38575567673915e-07
"CAKVGEFRYNWNNTGSYYYYGMDVW"	11.8839546464374	13.8207739488998	1.27430995954704e-07	1.36820648288208e-06
"CARHRFHFNSVGYLLDYW"	11.8433102331437	13.7805106734802	1.90202599583911e-07	1.94006651575589e-06
"CVRRDGYCTEGACAIYFDHW"	11.6677164630785	13.6064921572467	2.25997845757098e-07	2.19540764449752e-06
"CARDRGWAVAGTDNWFDPW"	11.6595930014184	13.5985016179476	2.4230969107812e-07	2.2468716809062e-06
"CARRSPTTSHFDSW"	11.7711900788013	13.7090822614618	3.74492172628395e-07	3.18318346734135e-06
"CTTGTSIHCGFECYREYYQHW"	11.5977210460501	13.537316263477	4.07124156833776e-07	3.29592618437829e-06
"CARDRQGVSMVGGVIIYDFYGMDVW"	11.5918690681221	13.5314930666806	4.27545506877013e-07	3.29592618437829e-06
"CARGDYLDNSGPPHHLDYW"	11.5891913195015	13.5289306264015	4.36225524403009e-07	3.29592618437829e-06
"CVKGEITMIIRFFESW"	11.5714588318638	13.5112875360867	5.05096195504899e-07	3.51688175229075e-06
"CARPLGSTTGVLFNPFDLW"	11.5687423981614	13.508688330181	5.153249524008e-07	3.51688175229075e-06
"CAMTHSTSPTYRYYFDYW"	11.7349413873262	13.673155094392	5.17188492983935e-07	3.51688175229075e-06
"CARGPMLVVTKALDIW"	11.4746929630899	13.4156849826713	2.03517219902183e-06	1.2581064503044e-05
"CAKGTVGGLYFDFW"	11.4072019580957	13.3489400442653	5.48044493180397e-05	0.000319431647453717
"CAREASPRAEVFDRW"	11.3839762555532	13.3259879500173	0.000121486459350492	0.000688423269652789
"CARDHGGTHSYAFDIW"	11.3534433681412	13.295814390008	0.000293407460397427	0.00161770599786689
"CAKDRESSGWDSYFDLW"	11.3293207302566	13.2719952286398	0.000533527403472836	0.00286419974495943
"CAKDKESSGWDSYFDLW"	11.3190827331882	13.2619045640584	0.000672321286052927	0.00351675749627685
"CARDRPHLLHTGTFPQFDFW"	11.3119528571808	13.2548577278074	0.000785262901321858	0.00400484079674148
"CAKDYVAIVATLGRAQGWYYHGMDVW"	11.2252163877765	13.1692813049276	0.00357748877123997	0.017376374031737
"CARLEVVVVKNSFYFDSW"	11.1997399786054	13.1441543563977	0.00504865243706751	0.0239517464456226
"CARDIWGGGYDSVGYYYYYYGMDVW"	11.1876337117802	13.1322196623861	0.00587399614023251	0.0272339821047143
