"rn"	"logFC"	"logCPM"	"PValue"	"FDR"
"CARDTTTSHYYYGMDVW"	14.4202501979163	14.9251134985751	1.44036759907011e-06	0.000666890198369461
"CARHRYSSGWESVSDYW"	13.6753056661852	14.1815773623314	6.83736817357525e-06	0.00188981855939266
"CARLKAAAFNYW"	13.5881901926563	14.0946712345849	8.16336310752769e-06	0.00188981855939266
"CARGNIAARLGWLDPW"	13.3748507668948	13.8819251183389	1.6950228491917e-05	0.00313918231670303
"CSTEDYDAGW"	13.234804360993	13.7423149971278	2.65573489146559e-05	0.00361877919820722
"CTGDLRSHDGWFDPW"	13.2253319838398	13.7328732063461	2.73557822758645e-05	0.00361877919820722
"CARGGSSGWRAWVDAW"	12.8641448939287	13.3730446659382	7.85565312027992e-05	0.00909291848672401
"CAKNGGLGSISGWFDSW"	12.6038415639812	13.1139364182996	0.000155675614806104	0.0160172910344947
"CARQASVGATIALGYW"	12.4164018216632	12.9275111170646	0.000245941440647227	0.0227741774039332
"CASDRPIGETQGVLGYNWFDPW"	12.220121964243	12.7324460379888	0.000385920849148202	0.0299005201494162
"CARHTSVIAGTFPNPDPW"	12.217959487692	12.7302997891666	0.000387479742757014	0.0299005201494162
"CARHPYDYGDFNWFDPW"	12.033269029507	12.5469158422183	0.000577648148190442	0.0382072989445964
"CARDIEYSRPSHYFDHW"	11.8713312551938	12.3862473140154	0.000804609580119565	0.0434033477875091
"CARDSPGFQSWFDPW"	11.8480283044085	12.3631492153278	0.000843693585502337	0.0434033477875091
