"rn"	"logFC"	"logCPM"	"PValue"	"FDR"
"CVPLGALLRDLDYW"	8.34417313237948	15.9785863804622	7.79520255109772e-10	1.4514667150144e-07
"CARDRAVGTFEYW"	12.0959921277523	12.0677295064406	1.09065472669665e-08	1.3980511590504e-06
"CARDFVVAAVAGSYW"	12.0163514909339	11.9886889141923	1.52580590760465e-08	1.42052529997993e-06
"CSRVVALSRFDPW"	11.6315994401159	11.6072332086065	7.18382832332089e-08	4.77724583500839e-06
"CTTASYDDYW"	11.2581959984887	11.2379514708089	6.46731755737456e-07	3.34504035884207e-05
"CARDLGVAAAADFDFW"	11.0698035959176	11.0521020464469	2.10385133787062e-06	8.90311634344338e-05
"CARVRSATVIDNRAYYYYMDVW"	10.9881112275246	10.9715587215127	3.39040613744458e-06	0.000128444424292994
"CARVGVTMVQGVIKASAFDLW"	10.9813282703375	10.9650114149549	3.51464337509347e-06	0.000128444424292994
"CARSAPYSGYEVDYW"	10.9773868135717	10.9611123983587	3.58706233256482e-06	0.000128444424292994
"CVPLGALLRYFDYW"	5.48715715347877	14.5973782839845	6.35751455375239e-06	0.000182584164225951
"CARGTGDIVGTNTGRSVRYYYMDVW"	5.44223096218547	14.3251075762929	7.98031699944111e-06	0.000218519856661167
"CARVGAPGSW"	5.74616164004715	13.1451798910966	9.86782792413711e-06	0.000255192994371435
"CVPLGAVLRYFDYW"	10.7264197108131	10.7142652439052	1.35889165726818e-05	0.000324391828952993
"CARGHVDIVATTHFDYW"	10.6320284623325	10.6216139622	2.13462790701597e-05	0.00047667320729914
"CARDLGPAAAADFDYW"	10.6219733677937	10.6117053913929	2.24157933115886e-05	0.000485327990071838
"CARKQGGDDFWSGYQYYFDYW"	10.5256468309426	10.517306488006	3.4962615338878e-05	0.000707612932184683
"CARDVGGAAAGDFDLW"	10.3467097732837	10.3421970170741	7.49834611878569e-05	0.00134249235319028
"CARGRGLVDYW"	10.3112465947104	10.3076766960665	8.91818842181955e-05	0.00150960607649345
"CARKQADYDFWSGYKYYFDYW"	10.2812840928494	10.2785788994765	0.000103173684112823	0.00168517017384277
"CARDLGLTAADAFDYW"	5.01148868717502	12.430989378464	0.000142085938139761	0.00216855751488717
"CARITTGTLGGVIASRAFDYW"	10.2043061580524	10.2034531040086	0.000147025204299505	0.00220774943875546
"CASGQYCSGGSCGFDAFDIW"	10.1229941497971	10.12420549045	0.000209753008168105	0.00295878864552281
"CARDLGIAAAGDFDSW"	10.0443692087935	10.047716634802	0.000291450951178912	0.00387629765067953
"CARDLGLAAAGDFDYW"	10.0443692087935	10.047716634802	0.000291450951178912	0.00387629765067953
"CARGRSAHYDFWGGYHNYYYYMDAW"	10.0004922590037	10.0052435229632	0.000347566070318447	0.00444734848891465
"CARANQYCGGFSCPYYFDYW"	9.94721395245716	9.95366322075239	0.000426604945665854	0.00509191287711423
"CARGSVTVYSKLTSYMDVW"	9.85807784507695	9.86728092067352	0.000595613606008122	0.0064396586680436
"CARDRAVGTFDYW"	3.69051489983803	15.8105215986835	0.000775623109152405	0.00802339016245432
"CARRKPSAGNVLNAFDMW"	9.77217797903091	9.78423302392976	0.000804604780919171	0.00823172583555767
"CARSAPYSGFEVDYW"	4.07167852304726	12.8982718764561	0.000828054813460985	0.00837955468839323
"CTTGTVAFGDW"	3.70589986063615	13.7932477939847	0.00105053513928638	0.0101880022362043
"CAGFQLLLLDWFDPW"	3.66963519287021	13.1533319343549	0.00177995657605204	0.0160887337116937
"CAADRGARNAFDIW"	9.59364524392207	9.61220891823917	0.00228250979044771	0.0200473265557247
"CARPAHYGNDAFDIW"	9.56249574431201	9.58215920042039	0.0026793197193391	0.0233125855953711
"CASSSYFYYMDVW"	9.52257903184162	9.54405208306875	0.00325957370712941	0.0273393073994368
"CARVGAVGSW"	3.33415656946859	13.4258700621929	0.00332217045535099	0.0276155419101051
"CARQERGAVAGTGGYFDNW"	9.46758652248677	9.49114320351918	0.00423186033926675	0.0325608427756805
"CARDPGIAAADPFDYW"	3.09638071889481	14.124140137836	0.00470921238601685	0.0359366945195221
"CARVGEQAMLFGFINGHWLDPW"	9.40163962266758	9.42815676647639	0.00566818682372597	0.0425571123620071
"CARDGYHYDSGTGGQPDLDYW"	9.38985516211746	9.41685728502092	0.00594428904029768	0.0435758511536783
"CARSEDIDTGRLFSW"	9.38985516211746	9.41685728502092	0.00594428904029768	0.0435758511536783
"CARDRGYDLWSGRASGEYYYMDVW"	2.97361384599895	14.0800814162229	0.00639360594995264	0.0465034932766086
