"rn"	"logFC"	"logCPM"	"PValue"	"FDR"
"CARGHVDIVATTHFDYW"	16.1046675140432	16.0467796817374	3.40908461423517e-40	3.17385777585294e-37
"CTTGTVAFGDW"	7.83534803141233	17.5011086075478	2.38080168131953e-30	1.10826318265424e-27
"CARDFVVAAVAGSYW"	14.4790432420709	14.4224555406026	3.84011464178549e-27	1.19171557716743e-24
"CTRRGGNSNYDYW"	4.81488485517775	15.5774170602142	1.54419058498066e-12	2.05377347802428e-10
"CARGDQWLATPPLFDYW"	11.6989425750189	11.6534651887978	6.76859567595484e-11	5.25130214526163e-09
"CARGRGLVDYW"	11.4615823102063	11.4184259854269	7.54213935329222e-10	4.13043043406768e-08
"CARVDYYDSSGSIRGITFDYW"	11.4477207243501	11.4047398878306	8.61743698015038e-10	4.22254412027369e-08
"CVTDGRPFWSGHYYYLMDVW"	11.4046738779704	11.3622354831835	1.28401897200409e-09	5.97710831467903e-08
"CARDRGIAAADPFDYW"	5.01320173084152	13.4341548791469	6.6209654275191e-09	2.80187218773649e-07
"CARDLGISAAGDFDYW"	10.9815726619565	10.9444845735012	4.14665634128302e-08	1.6085571057227e-06
"CARDLFKGDYSSGYFDRW"	10.9608877498239	10.9241213447742	4.81919652482846e-08	1.79466878584612e-06
"CARANQYCGGFSCPYYFDYW"	10.9154666476619	10.87935110624	6.66753829741041e-08	2.29906598329226e-06
"CARDLGVAAAADFDFW"	10.8978986059871	10.862161962313	7.55964062242974e-08	2.51358050695789e-06
"CAAYQVLLLDWFDPW"	3.53812426106328	14.8363767043652	1.45675512213036e-07	4.23824693344801e-06
"CARTAHTRKYWYFDLW"	10.4213280904208	10.3943707099346	1.35188311228186e-06	2.84528245504407e-05
"CARERRVGVAAFDFW"	10.3862183236526	10.3599418505427	1.63323420426132e-06	3.30552400905933e-05
"CAHSGDSWGYAFDMW"	10.2521752132834	10.2290024160687	3.31477258479301e-06	6.42927765925478e-05
"CARDLGIAAAGDFDSW"	10.2177055987148	10.1954059311288	3.94064900850122e-06	7.40119188994909e-05
"CASGVLGDLSTSLSFQHW"	10.2148189707303	10.1925152046454	3.97486138020897e-06	7.40119188994909e-05
"CARKQGGDDFWSGYQYYFDYW"	10.180913750937	10.1595285639371	4.88329431081291e-06	8.91440588895454e-05
"CVPLGALLRYFDYW"	3.97098141361479	12.8241226309428	6.41981843886631e-06	0.000112093569123383
"CARPAHYGNDAFDIW"	9.9797192869444	9.96371320974437	1.88094257224859e-05	0.000292981000476191
"CARDRRTGYLSYWYFDLW"	9.97887043291701	9.96286745699773	1.88816971305816e-05	0.000292981000476191
"CAKDPLAW"	3.00901535809119	14.1441687184776	2.90435213758818e-05	0.00044327079345813
"CARQGYDFWSGYHYYYYYYMDVW"	9.89768932043768	9.88426878576599	3.1057468075854e-05	0.000466362948042259
"CAGFQLLLLDWFDPW"	3.55121117851605	12.7267832115485	4.63261942882727e-05	0.000644540071176386
"CARAQRQGYCSDTMCSYAFDIW"	2.98739046134603	13.9863010769621	4.638473122322e-05	0.000644540071176386
"CARDLGTAAPGHFDYW"	9.80114491001339	9.79069986895699	5.39309226165741e-05	0.000727676651536674
"CARLAGGYDIW"	9.80114491001339	9.79069986895699	5.39309226165741e-05	0.000727676651536674
"CARLYCSDGNCYPEIDYW"	9.64889429202855	9.64369309818914	0.000120568163837826	0.0014316269407099
"CARKQADYDFWSGYQYYFDYW"	9.64676418649265	9.64158982434235	0.000121480696365287	0.0014316269407099
"CARHVTMVQGVSIPLYYYYYMDVW"	9.60059843996735	9.59732149023245	0.000152151851129958	0.00172748016343891
"CARGSGITGTTFYW"	9.53804851259606	9.53702511840494	0.000207383503253182	0.00221924185665186
"CARGTGDIVATNTGRRVYYYHMDVW"	3.12869318986703	12.8243129765964	0.000216868464081097	0.00229436977340343
"CARGTGDIVGTNTGRSVRYYYMDVW"	3.41282787726926	12.0813895913695	0.000281641201745227	0.00288140614093194
"CARKQAGDDFWSGYHYSFDYW"	9.4858244878442	9.48702137608827	0.000298730810147362	0.00302302591573037
"CARDRAVGTFDYW"	2.44373987972988	14.3818513749527	0.000338485419734841	0.0033884938255176
"CATQQAGHDFWSGYQYYFDYW"	3.32636540636217	11.9495100814022	0.000574928652094994	0.00551812964021072
"CARDLGLTAASDFDYW"	3.48459051040112	11.5574645114247	0.000969516045682288	0.0090261943853021
"CARANQYCSGGSCPYYFDYW"	2.52773538959442	13.2877991771578	0.00124178276680658	0.0113343113323228
"CARDRAVGTFEYW"	9.29384556734078	9.30327789095661	0.00156645960952694	0.0138892752044722
"CARFEGDNAYW"	9.28973838753799	9.29930385714896	0.00160743137389405	0.0141181000858053
"CARDRGVAAPDWFDPW"	9.28836655790193	9.29797687899491	0.00163819558590234	0.0142432888495792
"CASLGYFDLW"	9.2869933392521	9.2966487476095	0.00165228270220682	0.0142432888495792
"CARGHRQPYFYDYMDVW"	9.28010632267953	9.28999072627433	0.00172432592242068	0.0147279581080151
"CARVGAAGNW"	3.4502378259288	11.3176196692044	0.00190232625031567	0.0161005976276717
"CASPARPGLIAFDYW"	3.44664992114294	11.2059042161417	0.00241612294016427	0.0200840219401155
"CARDLFKGDYSSGYFDLW"	9.22611211124748	9.23873884401108	0.00250803618149648	0.0204822954822212
"CATASSASSSWYEGKGLGRFAGYW"	9.22036151176828	9.23320169756351	0.00261667239735606	0.0211836695820738
"CARDLGVAAAADFDYW"	2.91313296536347	11.7726090845688	0.00312044239693906	0.0246197616233073
"CASSSYFYYMDVW"	9.13987324562063	9.15664080252155	0.00430944016216368	0.0320967103277951
"CARDPGIAAADPFDYW"	2.25326794979321	13.0797810239824	0.00451358606191207	0.0333503859019059
"CARDGEMATNGPRHYYYYMDVW"	2.53585512214016	12.1286931271891	0.00457513592963836	0.0335389885865615
"CARIFYYGSGHLYHFDSW"	9.06751488609769	9.08809142901844	0.00639851136787282	0.0454540622760371
"CARGAAYSSTRYGTGTTQSYSYYYMDVW"	9.06590808959609	9.08656192842786	0.0064446146299	0.0454540622760371
"CARTLLSGNNYDSSVGFDPW"	9.06590808959609	9.08656192842786	0.0064446146299	0.0454540622760371
