"rn"	"logFC"	"logCPM"	"PValue"	"FDR"
"CARDRAVGTFEYW"	13.0033152901864	12.9527430350954	4.3359863717467e-14	8.04074143757779e-12
"CASGQYCSGGSCGFDAFDIW"	12.6068899301159	12.5580731417254	1.21496663747806e-12	1.61590562784582e-10
"CARHSQPHTIDMGFDPW"	12.4292056576178	12.3813441318423	4.76273969752064e-12	4.43411065839171e-10
"CARGHIVVVVGQKTDYYMDVW"	12.1840436910048	12.1377104749672	2.7884291813846e-11	1.85430540562076e-09
"CARDYDSSGYLDYW"	11.8426122277666	11.7988806625208	4.69304005797944e-10	2.29958962840992e-08
"CVPLGALLRYFDYW"	5.78994078851411	15.075137250287	9.42731213027049e-10	4.38841379664091e-08
"CARVGVTMVQGVIKASAFDLW"	11.7020978375523	11.6596322559948	1.3499674809268e-09	5.71281693064932e-08
"CARSAPYSGYEVDYW"	11.6035095735416	11.5620044118316	2.73301547093173e-09	1.06018225143227e-07
"CARKQGGDDFWSGYQYYFDYW"	11.5434270419078	11.5025409855672	4.14171451480629e-09	1.54237448531386e-07
"CVPLGAVLRYFDYW"	11.4045992845761	11.3652434163996	1.05005619590397e-08	3.62074932735776e-07
"CARDLGIAAAGDFDYW"	5.43064848703261	14.0935478511609	3.57177222936574e-08	1.00767271076955e-06
"CARGRGWFRQFPYFDIW"	11.0930243199088	11.0576843703553	7.10323056790395e-08	1.74029148913647e-06
"CTTASYDDYW"	10.9271516268647	10.8943232017851	2.9638171319344e-07	6.41700872053703e-06
"CTTDEMNEDVWTGYYATW"	10.8369102995542	10.805573195238	6.24953149665475e-07	1.32234405076945e-05
"CARGRSAHYDFWGGYHNYYYYMDAW"	10.7490418927423	10.7192491197796	1.23911574928526e-06	2.45450375017995e-05
"CARDGYHYDSGTGGQPDLDYW"	10.6707512903664	10.6424129616209	2.19155578662122e-06	4.16395599458032e-05
"CAGFQLLLLDWFDPW"	4.35561749452135	13.9843741249746	3.68183664036626e-06	6.34775909663146e-05
"CAKDLSPRLQVAEEFDCW"	10.5696547915425	10.5433104392278	4.42225786786723e-06	7.48567649997161e-05
"CARDLGTAAPGHFDYW"	10.5006998478298	10.4758011016838	6.90004027125945e-06	0.000110757542974872
"CVPLGALLRDLDYW"	4.64818449959679	12.4969799210806	1.57381460622063e-05	0.000236326031998614
"CARDLGLTAASDFDYW"	4.35252051573729	12.8931254719646	1.9790350246956e-05	0.000279163879998728
"CARHSFGVLTSDYLQVFDCW"	10.2939076066986	10.273755306689	2.3685602128469e-05	0.000329123814650815
"CARSMTIFGVRFDPW"	10.2300929192555	10.2115465730915	3.3443606012844e-05	0.000444799959970825
"CARGGGLNFLYYYMDVW"	10.2207583588362	10.2024557580493	3.51740563765803e-05	0.000448589677898579
"CARDVGGAAAGDFDLW"	10.1875435622594	10.1701101091386	4.19876998652422e-05	0.000508332891187338
"CARQERGAVAGTGGYFDNW"	10.1737366312811	10.1566654147807	4.48318566137478e-05	0.000521557537325737
"CAKGTAGSYYYYMDVW"	9.98228610131567	9.97067506221951	0.000114319051167581	0.00114441974878513
"CARGTGDIVATNTGRSVYYYYMDVW"	4.1031553192838	11.9269304873784	0.000272299245083145	0.00261351131105576
"CVRGWDYW"	9.87481507797201	9.86658839844863	0.000279944966551446	0.00265947718223874
"CARDRAVGTFDYW"	2.95608230507495	15.3300512040796	0.000286796344011506	0.00269704440681527
"CARGHVDIVATTHFDYW"	9.84379270183126	9.83658476747774	0.000366906918361405	0.0033164110776162
"CARKAGSKWASDYYYYMDVW"	9.80322585226157	9.79739229366315	0.00051077389727268	0.00440306017000801
"CARDLGVAAAADFDFW"	9.78517779384208	9.77996138896702	0.000589670062747829	0.00499075298562026
"CAGYQLLLLDWFDPW"	9.77614820434029	9.771253506136	0.000630183939612585	0.00528559682684069
"CARDRGVAAPDWFDPW"	9.75775596158523	9.75350197346511	0.000725189915922897	0.00602814117610908
"CTRRGGNSNYDYW"	2.84165425217806	14.2448200875323	0.00101741864882005	0.00816566174182302
"CARTSSYGDYKSYYYYYYMDVW"	9.69643499782168	9.69439063588278	0.00112117893201137	0.00892151782651783
"CARGTGDIVGTNTGRSVRYYYMDVW"	3.2506642810854	12.4051492356058	0.00136959932545034	0.0103666420487338
"CARVGAPGSW"	3.7518166152347	11.3939893697005	0.00167214514833725	0.0124541370648158
"CARAPPPDDYGGPYWYFDLW"	9.54406472778874	9.5479137688965	0.00283667062773344	0.0203848347826348
"CAREEERDYWFDPW"	9.54189730480999	9.5458329177431	0.0028649751238738	0.0203848347826348
"CARVGAAGNW"	3.3079510417115	11.6575184197706	0.00324962262923235	0.0229196868773888
"CTRRGGNSNSDYW"	3.21092116403776	11.3287177823984	0.00643198700270703	0.0415845826355573
"CARDLGVAAAADFDYW"	2.74670017558357	12.1258409394932	0.00736395689559975	0.0472816818607129
