"rn"	"logFC"	"logCPM"	"PValue"	"FDR"
"CVRVLNGFDGFDVW"	15.822240574108	15.0609604490477	0.000352971159572481	0.0271285797269061
"CARHWGGSYRPEITW"	15.5433865107372	14.7823557296335	0.000700865305208651	0.0271285797269061
"CARLRSGAHDPW"	15.3507457484851	14.5899176030126	0.00107448008141432	0.0271285797269061
"CARRGGRNPNYYLTGLDVW"	15.2888195136162	14.5280624613319	0.0012238374050778	0.0271285797269061
"CATDVGW"	15.2108190038195	14.4501559469204	0.001435528046886	0.0271285797269061
"CARERSRAMVRGVAPGGAGAALGYW"	15.1424338755304	14.381857507743	0.00164415634708522	0.0271285797269061
"CAKDLLYDDPPYYFDYW"	14.9637332485586	14.2034037720789	0.00230601249621731	0.0285369046406892
"CARQGYCNTTKCPPAGGAFDIW"	14.9637332485586	14.2034037720789	0.00230601249621731	0.0285369046406892
"CARDLGAYSPHSRAGFAEPFEVW"	14.7413483519293	13.981371990601	0.00448048520107099	0.0492853372117808
