"rn"	"logFC"	"logCPM"	"PValue"	"FDR"
"CARMKRWDNRGAIDLW"	14.6089942771371	14.2557421310977	2.47742588198053e-28	2.64836826783719e-25
"CARAPYDSSDPLGFSFDYW"	14.0724676302602	13.7199993362807	1.02282473984906e-26	4.48937873165948e-24
"CAKVGEFRYNWNNTGSYYYYGMDVW"	14.0427105683567	13.690293993716	1.25988177689228e-26	4.48937873165948e-24
"CARTGHRSSWFIGDVFFDYW"	13.4621038392553	13.1109586158146	7.37341445583519e-25	1.97054501332195e-22
"CARDKDREWEGLGGEAFDVW"	13.3327555660655	12.9819616346638	1.83913344102605e-24	3.9320672969137e-22
"CVKDRASYDVVSGSYPNWFDPW"	13.2142773720642	12.8638280548991	4.24874566646335e-24	6.48844159635618e-22
"CARGDCSGGSCRFDNW"	13.0966070169819	12.746573499426	9.76543782349808e-24	1.15991700370216e-21
"CARQYGSGIHHW"	12.8859219164261	12.5366336026386	4.70882936452645e-23	4.19478215889898e-21
"CGTEHSRYYFDYW"	12.7627506547631	12.4140016046013	1.43674044355766e-22	1.18144271858703e-20
"CATSSPGEHLEPFAGLDFW"	12.6998970316835	12.3514660726449	2.52435672343399e-22	1.92752666953639e-20
"CARHNSPFWYFDLW"	12.6089818338963	12.2609841796213	5.68656135162269e-22	3.79933380305291e-20
"CARGDYLDNSGPPHHLDYW"	12.5859622758833	12.2380322408107	6.97430128988467e-22	4.3856047522863e-20
"CARLVHVIRWFDPW"	12.5525451034789	12.2047788987541	9.36132856177724e-22	5.55958901807771e-20
"CARDRGWAVAGTDNWFDPW"	12.5156147122124	12.1679952779475	1.29806741251755e-21	7.30333717884875e-20
"CARGMKGDFSRVMGDYYYYGMDVW"	12.4728155046354	12.1254349835073	1.8976995416296e-21	9.94253084229384e-20
"CAGNLFSLWFGANWFDPW"	12.2874450300401	11.9411235855769	9.597462197412e-21	4.66349413137883e-19
"CARHQEGSTSYSYSAMDVW"	12.1970363602769	11.8513162589729	2.09814464006663e-20	9.34548591763012e-19
"CARQYGSSFDYW"	12.1109522319356	11.7657708249561	4.38442244993583e-20	1.79457126499368e-18
"CARQYGSGSDRW"	12.0767581437174	11.731759587741	5.87053310562361e-20	2.24128567496844e-18
"CARHRFHFNSVGYLLDYW"	12.0516115763424	11.7068262972957	7.41615309431899e-20	2.73374746821621e-18
"CARETDGSSSWPYW"	12.0126833201	11.6681797172873	1.0717070139605e-19	3.81884932641258e-18
"CARPWLNGYNYYFDYW"	12.0020168605387	11.657611534315	1.17843943891345e-19	4.06371535547894e-18
"CAMTHSTSPTYRYYFDYW"	11.9409984642827	11.5970290207022	2.06587956003301e-19	6.4953683813979e-18
"CVRRDGYCTEGACAIYFDHW"	11.9212416187286	11.5772966811427	2.47851465213516e-19	7.46562886385101e-18
"CARNGGYCSGGSCYSTLEYW"	11.8939068289947	11.5502851537957	3.1953204271824e-19	8.98894088594206e-18
"CVRSGHRSSWFIGDVFFDYW"	11.8907123462292	11.5470998959455	3.28864806457713e-19	9.01426866931526e-18
"CARVYGDYADYW"	11.8863995947379	11.5428004963319	3.43064830685934e-19	9.16840760008159e-18
"CARRRYSSWYSEYFQHW"	11.8491734566494	11.505947313508	4.79546420119521e-19	1.25032956855553e-17
"CARDRQGVSMVGGVIIYDFYGMDVW"	11.8173543599376	11.4743108171155	6.43871617780891e-19	1.6006947893204e-17
"CTTGTSIHCGFECYREYYQHW"	11.8074867589722	11.4645702651968	7.04298480742423e-19	1.71112517253102e-17
"CVKGEITMIIRFFESW"	11.8036111781939	11.4606623881797	7.26697564393919e-19	1.71328287592533e-17
"CARLVHVIRRFDPW"	11.8022896068747	11.4593407439157	7.37240526590881e-19	1.71328287592533e-17
"CARPLGSTTGVLFNPFDLW"	11.759342425436	11.4168914513637	1.09378234063023e-18	2.43910427878359e-17
"CARALHSRSTVADSW"	11.7587956509681	11.4162353023933	1.09520117288692e-18	2.43910427878359e-17
"CARLEVVVVKNSFYFDSW"	11.7241967862295	11.382135993032	1.49538381240401e-18	3.19713059091977e-17
"CASQRDGRSGSLPVSSYHGVDVW"	11.7018202846378	11.3598554628398	1.83594619210193e-18	3.77428169107109e-17
"CARHRYHFHSVGYLLDFW"	11.6975950152554	11.35558277897	1.89827661463122e-18	3.82878811517128e-17
"CASDLRQYGGPDRHWYFALW"	11.674569148817	11.3327979809977	2.33840160135793e-18	4.62916909602153e-17
"CARGPMLVVTKALDIW"	11.6646225759322	11.3230200638854	2.54004536810592e-18	4.93692454273678e-17
"CAKGTVGGLYFDFW"	11.6182747901853	11.277037656463	3.83807562396941e-18	7.06294536560865e-17
"CARMKRWDHRGVIDLW"	11.6171357127914	11.2758046220924	3.89816442068205e-18	7.06294536560865e-17
"CAREASPRAEVFDRW"	11.6024896672067	11.2613787450845	4.45455872525829e-18	7.80643160213297e-17
"CARDRELFDFWTGQYYYYGMDVW"	11.5986983974164	11.2575476309024	4.60823949937919e-18	7.82922107329144e-17
"CARDHGGTHSYAFDIW"	11.5980328427763	11.2568801176935	4.61404048285651e-18	7.82922107329144e-17
"CAKDRESSGWDSYFDLW"	11.5820250246961	11.2409998353589	5.29291162346204e-18	8.84081644606395e-17
"CARDRPHLLHTGTFPQFDFW"	11.5540742322956	11.2133560399113	6.83602407739571e-18	1.12426303672862e-16
"CARVYSGSWFDPW"	11.5461891885597	11.2056094855969	7.32788744447035e-18	1.18689570880891e-16
"CAKDKESSGWDSYFDLW"	11.5422125223077	11.2016752879705	7.58847036930662e-18	1.21075743653564e-16
"CARESSGAARPPSKYLDLW"	11.530720407431	11.190311865662	8.30678611565849e-18	1.30587564082925e-16
"CARHIGPTGPDSW"	11.476598276192	11.13690886732	1.34288934021722e-17	2.02189958407353e-16
"CASPGYTRGWAWW"	11.4727041651355	11.1328584204067	1.39241745266593e-17	2.06735313458316e-16
"CAGFWRWGPSALYDPLDVW"	11.4690587343386	11.1294817333405	1.44210433810073e-17	2.11179388688998e-16
"CAKDYVAIVATLGRAQGWYYHGMDVW"	11.4619207325541	11.122158730147	1.5264021770318e-17	2.20503233411755e-16
"CARAPGRGVMAGRLDFW"	11.4143773104939	11.0750679992686	2.29826857778626e-17	3.19071312942015e-16
"CARDIWGGGYDSVGYYYYYYGMDVW"	11.4004488651912	11.0614341924261	2.57702184086823e-17	3.53184147165146e-16
"CAKVAGNGIYRYLDYLSPDRG"	11.3861845451539	11.0473499538405	2.93814129876592e-17	3.92609131047597e-16
"CVRGTRDWAGFDYW"	11.3861845451539	11.0473499538405	2.93814129876592e-17	3.92609131047597e-16
"CARVAGNGIYRYLEYLSPDRG"	11.3831325860541	11.0443123023001	2.9993629807634e-17	3.95841855115564e-16
"CARDRELFDFWSGQYYYYGMDDW"	11.3800742410069	11.041268250523	3.10912748033813e-17	4.05324058107495e-16
"CARHESYDFWTGYYLGLTIDYW"	11.3544315601205	11.0159856048312	3.85143777013855e-17	4.90141306699774e-16
"CGRHQGIGPTEGYW"	11.3308905757465	10.9926410546387	4.69128302618823e-17	5.83137390115723e-16
"CARASYGLDGRYGMDVW"	11.3116096066655	10.9735481590888	5.59344460565851e-17	6.87286469361948e-16
"CTRLVHVIRWFDPW"	11.3091595446689	10.9711850425799	5.70680307553802e-17	6.93246873607971e-16
"CATVGGNWFDPW"	11.2864811160277	10.9486178744357	6.85776246414864e-17	8.23702030806168e-16
"CARDRGASGTAYYYYHGMDVW"	11.2778174001767	10.9402072113436	7.42455533650766e-17	8.81872183858521e-16
"CARARYCISDICPVTKNWFDPW"	11.2723188359742	10.9347425570102	7.74294854515759e-17	9.09583735689391e-16
"CARGGSSTSCSYW"	11.2690488349674	10.9315397466698	8.0445258614496e-17	9.24687972676304e-16
"CARDRSTSSSYFDHW"	11.2521769470411	10.9147056043269	9.29075073453242e-17	1.05657580161863e-15
"CARWGDGYTSPVDYW"	11.2467482707986	10.9095121279199	9.68925108786098e-17	1.09029572767615e-15
"CVRRDDDKFDNLVDFW"	11.2284630337415	10.891607634633	1.15929657096348e-16	1.29092503579163e-15
"CARGTRKTWTQAPLDYW"	11.2077553627019	10.8711198875033	1.96596151754959e-16	2.14450292067399e-15
"CVRSRYDRGWFDLW"	11.1808299290162	10.8443564361012	3.83667888086465e-16	3.98195118800418e-15
"CARGPMLVVIKALDIW"	11.1736842415599	10.8375481166751	4.57184653574784e-16	4.69933071799465e-15
"CARNVDYFDSSGYPESW"	11.1686470151414	10.8323692066903	5.19607893889997e-16	5.29010322446101e-15
"CARGGDTQPLDYW"	11.1594219317812	10.8231820636646	6.56118297492836e-16	6.37627690927129e-15
"CARSVGYW"	11.1594219317812	10.8231820636646	6.56118297492836e-16	6.37627690927129e-15
"CARLLYDSRGYYYFDYW"	11.143386633146	10.8075710601684	9.58582621233355e-16	8.98881422893383e-15
"CATVDLESSPFFDYW"	11.1415599803309	10.8056160633549	9.92276451668439e-16	9.22385675507444e-15
"CARDWGSTSPSFAARPLLWFDPW"	11.1279803358353	10.7923564458762	1.38419166253713e-15	1.27560421314844e-14
"CVRHLSGILGRW"	11.1256530112885	10.7900318668547	1.46558540625342e-15	1.32504576979713e-14
"CARDRPLDEIWSGYSGGAFDVW"	11.1156288079866	10.7798780249718	1.8361685685028e-15	1.63572016644125e-14
"CARHLKFEGPGYDYVWGSYRPSFFDYW"	11.1112509179063	10.7757991005122	2.03605689214449e-15	1.79879737000204e-14
"CARDRYGSETYYFDLW"	11.08320708916	10.7481021748387	3.83625269687139e-15	3.36143781389796e-14
"CLFSRGGAFGPNEW"	11.0664005051586	10.7314713143429	5.57415072866351e-15	4.84452612109049e-14
"CAGAVEGRPYYYTMDVW"	11.0304358835989	10.6958222959176	1.22466703182766e-14	1.05578149759981e-13
"CARSTPYTISWYGYWLDPW"	11.0265832384966	10.6924425965475	1.33522055805096e-14	1.14188062124518e-13
"CARNSGLGELDPW"	11.0133294693775	10.6790678145055	1.75667819570961e-14	1.49038808826474e-13
"CARGYYDHSGSHRDYW"	11.0096354937206	10.675515101445	1.88656106070731e-14	1.5879793495245e-13
"CARQYGSGSDYW"	11.0039645683029	10.6701104552165	2.11898011578455e-14	1.75596104168502e-13
"CAREGRCGEAKCYSGQLDYW"	10.9784951245693	10.6449625627689	3.59784237300534e-14	2.89179962161106e-13
"CARDGGDSRLGAFDIW"	10.9647106936356	10.6312288889629	4.79121571946176e-14	3.7939330400775e-13
"CAKVRDSGGYYSWYFDVW"	10.956351354028	10.6229832049496	5.68243853069174e-14	4.46656381566873e-13
"CTRIGYSMGITVAAYVNW"	10.9130594472453	10.580372147911	1.31685115948668e-13	1.02008252861686e-12
"CTRDLGTTAPYYFDFW"	10.9045776734627	10.5719615464511	1.55599951745458e-13	1.19666437709277e-12
"CATPEQEEGAFHYW"	10.9032181643952	10.5706791703613	1.5836329573185e-13	1.20921687955248e-12
"CARAMAGTKTGEFDYW"	10.8644219994459	10.5325082509918	3.24469749543318e-13	2.39212525697798e-12
"CARDAYTIKLVAGLPPNDAFDIW"	10.8581900522921	10.5264293439565	3.63642743519842e-13	2.66256227960761e-12
"CGRVERWVATDMLAPLDYW"	10.8556487940616	10.5238133612279	3.82774422360826e-13	2.78357726193009e-12
"CARERGYCSGGSCHYYYGMDVW"	10.8507599916668	10.5189444392108	4.22004588389171e-13	3.03335237136368e-12
"CARHGDRGVATPFDYW"	10.831367604067	10.4999879573194	5.96842751288157e-13	4.25349934084693e-12
"CARAKNWDDARYFDYW"	10.8276091881263	10.496396064147	6.35554220662588e-13	4.47299130017197e-12
"CASSGGELLPLGW"	10.8276737095486	10.4963397166815	6.36009988424826e-13	4.47299130017197e-12
"CARPLRFLEGSTTFDPW"	10.8231159381013	10.4919450249982	6.8407755202821e-13	4.77960067397488e-12
"CARGGHHILTGWEYEPYYYAMDVW"	10.8199128655118	10.4885332021138	7.26535278589293e-13	5.01074976007712e-12
"CARITKIVVDPFDYW"	10.8186086792546	10.4874802396808	7.4893268793767e-13	5.13210925259852e-12
"CARDGQNGGPIFFFDYW"	10.8140873245	10.4830016232064	8.05998244006173e-13	5.48797530472993e-12
"CAKSYYNDNDAFDIW"	10.8095517859381	10.4785090897973	8.67354161705165e-13	5.86836454976469e-12
"CATDSYDYDWGSYREVEYFQKW"	10.805663931898	10.4746902396247	9.25359639771676e-13	6.22144311267875e-12
"CLSQLFPTPGVDYW"	10.784915380099	10.4543075536774	1.64825342978468e-12	1.08097111438026e-11
"CARDTFHLGIDPW"	10.7840021248066	10.4534791048826	1.67985726807421e-12	1.09498013388496e-11
"CASGPFYEGTRIPFDPW"	10.7636872433365	10.4336352452472	2.90769997917673e-12	1.86127621421552e-11
"CARLAISGPLLAFDYW"	10.7619330974262	10.4317354763598	3.03265240472599e-12	1.91828723115508e-11
"CARTGHRTSWFIGDVFFDFW"	10.7619330974262	10.4317354763598	3.03265240472599e-12	1.91828723115508e-11
"CARGGYYRFDYW"	10.7557502882414	10.4256533828979	3.58525582353307e-12	2.22827818334701e-11
"CARGYVGGPFDLW"	10.7557502882414	10.4256533828979	3.58525582353307e-12	2.22827818334701e-11
"CSDGGPHDWYFDLW"	10.7557502882414	10.4256533828979	3.58525582353307e-12	2.22827818334701e-11
"CVKDGGCGSDCYQYW"	10.7477760864935	10.4177248646659	4.47945414836608e-12	2.7679401645106e-11
"CARVGLWFGETRDYFYYGMDVW"	10.7350319544153	10.4054200697122	6.12767139631836e-12	3.74313184152247e-11
"CCLVSGYYLGYW"	10.7345067913067	10.4048601626144	6.20078081470112e-12	3.76626971074744e-11
"CAKEGLGSTHFLDFW"	10.7269326979048	10.397280748128	7.64428781661389e-12	4.59086723368553e-11
"CARGFCKTGVCYGPLGHW"	10.7250245851418	10.3954156710792	7.94782442569044e-12	4.74649402852686e-11
"CATVFSGGSQW"	10.6931201982475	10.3640415837537	1.74487024284136e-11	1.02487158769089e-10
"CAKDGIVDTVMVGMNWFDPW"	10.6759507407608	10.3472793603223	2.62876332146837e-11	1.5272543427444e-10
"CARDVIVEYCSGGTCSYYYYGMDVW"	10.6759507407608	10.3472793603223	2.62876332146837e-11	1.5272543427444e-10
"CAREMASRDSGKDDAFDIW"	10.6675068118128	10.3388057304746	3.19533562705032e-11	1.83645902436387e-10
"CATSHSRSFASGGASFDYW"	10.6577341062175	10.3293889347574	4.00920681280574e-11	2.29189416197291e-10
"CGKDIRAGGMDVW"	10.6540498276692	10.3259067816633	4.34936882023376e-11	2.46003982477772e-10
"CVREDIAAPGMDHW"	10.6540498276692	10.3259067816633	4.34936882023376e-11	2.46003982477772e-10
"CARGLSTDCNAVTCIESFDPW"	10.6454752411579	10.3173066628798	5.26989808055611e-11	2.96501107795499e-10
"CARYCTGNSCRPDFDDW"	10.6291285309102	10.3012327178682	7.5326361257807e-11	4.21590995730868e-10
"CAKEERTSSNFDSW"	10.6143407577447	10.2866984692919	1.04020836465409e-10	5.67338133579197e-10
"CARALPVVRDYYGMDVW"	10.6143407577447	10.2866984692919	1.04020836465409e-10	5.67338133579197e-10
"CATVSYDSTGYQWYYFDYW"	10.5825182835595	10.2554272661858	2.05491761307086e-10	1.10387282832801e-09
"CARSGHRSSWFIGDVFFDYW"	10.5718273553815	10.2450032477121	2.52334148811037e-10	1.34872602539499e-09
"CAKGDGGSYYTYDYW"	10.5591434907101	10.2326374347496	3.29112406362957e-10	1.72461354118628e-09
"CARFSPFGEIDYYYAMDVW"	10.5591434907101	10.2326374347496	3.29112406362957e-10	1.72461354118628e-09
"CARDDEDCFGTSCNTHYFDSW"	10.5260654558411	10.200158784207	6.24326433851813e-10	3.19332515687841e-09
"CARDTRERSGWWDDSFDPW"	10.5210775990818	10.1953365554977	6.83121325181134e-10	3.46093221146271e-09
"CARLGTAKWIHWYFDLW"	10.5210775990818	10.1953365554977	6.83121325181134e-10	3.46093221146271e-09
"CASFEGTGNYYHAW"	10.5017530743078	10.1764703009029	9.8294507486978e-10	4.91013217306446e-09
"CARQHGSGIHHW"	10.4742272607102	10.1495591502406	1.62582735072763e-09	8.00926008261676e-09
"CARAPGRGVMAGRLDYW"	10.4627096803193	10.1382139245552	1.97166917839147e-09	9.66841445734165e-09
"CARSGTSNSDRHDAFDIW"	10.4519242999217	10.1275391558858	2.39906878561465e-09	1.160454539286e-08
"CVRDLNWAFDYW"	10.4493896902068	10.125104395233	2.52020229254231e-09	1.21355686969718e-08
"CARTSSSYLPIAAFAVW"	10.4468506782165	10.1226654830735	2.60704820910863e-09	1.24974642849198e-08
"CTRDRELFDYWTGQYYYYGMDVW"	10.4452582053599	10.1210274843589	2.66690553803482e-09	1.27273304471394e-08
"CAGTLGGNYYYGMDVW"	10.4335049495939	10.1094553654801	3.27269110869987e-09	1.55489190897785e-08
"CVKDSPRRMAETNFDFW"	10.4320363439841	10.1080945285323	3.38509853978517e-09	1.60118156594263e-08
"CASGRAFLAYW"	10.4253600982548	10.1015604442105	3.75476960135318e-09	1.76045995782744e-08
"CARHEIPYYDFWSGYWFGHW"	10.4018819967372	10.0787350672017	5.56699644154814e-09	2.57624207619696e-08
"CARENPEHSNSLGYHYYFDYW"	10.3958708684973	10.0726527128953	6.11693158082368e-09	2.81853442237091e-08
"CARVGILYVESDNWFGPW"	10.3897682178264	10.0668174605606	6.6954991306223e-09	3.05875579941677e-08
"CAGGYQSSDYW"	10.3783291712492	10.0555798587823	8.08472911166786e-09	3.6776916682438e-08
"CAKGYFDPLTGDSPDVFDIW"	10.3421269383219	10.0203783152329	1.86158361531347e-08	8.39676322687805e-08
"CARDATRTETRTTFDYW"	10.3337798216434	10.0119166357313	2.26897137605744e-08	1.0148662765713e-07
"CAKASSGGSLFDPW"	10.3314501395553	10.0097518900374	2.36766984083699e-08	1.05459960827281e-07
"CARDRYFQGSGFHYWFPFDDW"	10.3193451614106	9.99799245900904	3.10490522761586e-08	1.37723804494662e-07
"CARDGGGTWDVFYFDLW"	10.3129422795528	9.99170344930871	3.54839258526879e-08	1.56745110481501e-07
"CAKDREIMDSVMATDYW"	10.303607437939	9.98268501232424	4.31859664107751e-08	1.88431828951505e-07
"CARSGQYCGGHCYTFWHFDLW"	10.303607437939	9.98268501232424	4.31859664107751e-08	1.88431828951505e-07
"CARTREPSSPDVAPW"	10.303607437939	9.98268501232424	4.31859664107751e-08	1.88431828951505e-07
"CAREGNIYRLDYW"	10.3000494187268	9.97904283002753	4.68309079027207e-08	2.01863873177453e-07
"CARSRGEAGVHDAFDVW"	10.3000494187268	9.97904283002753	4.68309079027207e-08	2.01863873177453e-07
"CARGPHVLSKPGTTLGGLDVW"	10.2926330346129	9.97177772900446	5.41766114707154e-08	2.30736245666115e-07
"CATQEGSGYYPHFDYW"	10.2926330346129	9.97177772900446	5.41766114707154e-08	2.30736245666115e-07
"CAQHATIFGVMLPFDTW"	10.2640267661805	9.94398124457354	9.55843871209544e-08	3.97586419580935e-07
"CARTIHHDVLTDYYDGRLLDPW"	10.2640267661805	9.94398124457354	9.55843871209544e-08	3.97586419580935e-07
"CAREPGDSSGWCDYW"	10.2587005091454	9.93885324216489	1.07096268247165e-07	4.42030543460306e-07
"CGADSAIDITAAGTFDNW"	10.2577118559625	9.93779845200297	1.08990993849829e-07	4.48120663174872e-07
"CARDEDVW"	10.252020717582	9.93230077315877	1.21012901277319e-07	4.95642879177984e-07
"CARQISSSSWYGLQVSWFDPW"	3.71629756611133	12.8210032942619	1.24712829170951e-07	5.08847383144071e-07
"CTRTKIFAPLYYFDYW"	10.2413582434075	9.92148770594797	1.48242853087635e-07	6.00271249813189e-07
"CARAYGDYEGFDIW"	10.2385665029676	9.9191061505579	1.56124927301384e-07	6.25084446760972e-07
"CARWFGNGGDCTGGGCVYGLDVW"	10.2385665029676	9.9191061505579	1.56124927301384e-07	6.25084446760972e-07
"CTHYTISWMKSDSW"	10.2385665029676	9.9191061505579	1.56124927301384e-07	6.25084446760972e-07
"CARRRTATAFDWYFDLW"	10.2249841743137	9.90579011965576	1.97802247001191e-07	7.88994783747287e-07
"CARDTRERSGWWEDSFDPW"	10.2233254698308	9.90421138798904	2.05467905129744e-07	8.04561137669218e-07
"CARGKGYCTSKSCFYYGMDVW"	10.2233254698308	9.90421138798904	2.05467905129744e-07	8.04561137669218e-07
"CARQDSASVTDFFDFW"	10.2233254698308	9.90421138798904	2.05467905129744e-07	8.04561137669218e-07
"CVKDMAASGPEGSFDSW"	10.2233254698308	9.90421138798904	2.05467905129744e-07	8.04561137669218e-07
"CAGQEGHCTSQSCFYYGMDVW"	10.2181442241922	9.89908587608219	2.25327857969421e-07	8.79107591858799e-07
"CARASFHSEASTYTGQWYYFDYW"	10.2162938800856	9.89735232448182	2.31360400489523e-07	8.99360974993818e-07
"CVGGYCRGDNCYVFDYW"	10.1880048455963	9.8697446191548	3.77136735210029e-07	1.45021284150907e-06
"CARAMYYDFWSGYGDNAFDIW"	10.1814388597336	9.86331509958709	4.18886915660865e-07	1.59355912043226e-06
"CARHSDYNGPHYF"	10.1814388597336	9.86331509958709	4.18886915660865e-07	1.59355912043226e-06
"CARLRGMTAGTYSRAYGYW"	10.1705844639361	9.85279755204395	4.98451558875163e-07	1.88284352098074e-06
"CSRTYGGFGLHFDSW"	10.1679549023366	9.85016302831758	5.23817167546295e-07	1.96477386704207e-06
"CARGGGYFEVAFW"	10.1644359816531	9.8468939680849	5.47886181119651e-07	2.04786827838079e-06
"CARRHSRVNEVRLDYW"	10.1529922630438	9.83565632771393	6.63601846342301e-07	2.47174346250843e-06
"CARDWDASGWYRNWYFDLW"	10.1505283199856	9.83332218928802	6.84613478795311e-07	2.53235920011138e-06
"CARQSGGYDFWSGYPTYFDSW"	10.1505283199856	9.83332218928802	6.84613478795311e-07	2.53235920011138e-06
"CVRGLSAAGLNWFDPW"	10.145799982008	9.82861779063815	7.38286578181312e-07	2.70283682217748e-06
"CARVTPGSVVGATKPDYYGMDVW"	10.1385713489004	9.82154486152655	8.20656087537329e-07	2.9760879372383e-06
"CARDGWVDSSRSTFDSW"	10.1382963935149	9.82122676855164	8.24061767467295e-07	2.9760879372383e-06
"CATLDTSGYFDDYW"	10.1382963935149	9.82122676855164	8.24061767467295e-07	2.9760879372383e-06
"CARDLGVLDGGYHYGMDVW"	10.1259567997552	9.80903021437953	1.00220723037245e-06	3.58314223835503e-06
"CARGDFLDNSGPPHHLDCW"	10.1064398381017	9.79033545678354	1.31526611022204e-06	4.62506405206368e-06
"CARDILIGYCSGGTCPGDNWFDPW"	10.1024034307399	9.78636241022208	1.39841263546886e-06	4.8853042722752e-06
"CARRPCTGGNCNYNWFDPW"	10.0620178085372	9.7470825067402	2.42161797956661e-06	8.37770103610583e-06
"CARGASNPTILSAFDVW"	10.0609582668517	9.74602974446287	2.48158305990442e-06	8.4754386295138e-06
"CARQARSIVWFGEVMNYHYYGMDVW"	10.0609582668517	9.74602974446287	2.48158305990442e-06	8.4754386295138e-06
"CATLYTSGYLTPWEFSFDNW"	10.0609582668517	9.74602974446287	2.48158305990442e-06	8.4754386295138e-06
"CSEGGPHDWYFDLW"	10.0609582668517	9.74602974446287	2.48158305990442e-06	8.4754386295138e-06
"CARMRGRITFGGTFWFDPW"	10.0543541756568	9.73959797802002	2.70067051256271e-06	9.10730844772726e-06
"CASYISGYCSTTSCHPGNWFDPW"	10.0543541756568	9.73959797802002	2.70067051256271e-06	9.10730844772726e-06
"CATVGGSSGEDYW"	10.0543541756568	9.73959797802002	2.70067051256271e-06	9.10730844772726e-06
"CARKYCITSSCYEGWFDPW"	10.0528740693103	9.73818467000793	2.74345088029607e-06	9.19357050481663e-06
"CTTDGGTMGTSVWFDPW"	10.0371001170392	9.72283648262083	3.36975211055284e-06	1.12570781443156e-05
"CTRDLGTTAPYYFDYW"	3.29582177980665	11.5572597897518	3.50069710077095e-06	1.16218795053545e-05
"CTTSSPGEHLEPFAGLDFW"	10.0273344478492	9.71346345294089	3.81946163338484e-06	1.26408807618836e-05
"CAGDPSQGEQWLYHFDPW"	10.013993208177	9.70032162857927	4.49434091275469e-06	1.47375780237263e-05
"CSRSAVPFYYNPQGHFFVWGWFDPW"	10.013993208177	9.70032162857927	4.49434091275469e-06	1.47375780237263e-05
"CVKDGFCSGGRCYPDAFDIW"	10.013993208177	9.70032162857927	4.49434091275469e-06	1.47375780237263e-05
"CARRVGVTTSFDLW"	10.0005248155001	9.68706044467684	5.27759629478029e-06	1.7148177626505e-05
"CVRGGPIVGATYYFDHW"	10.0005248155001	9.68706044467684	5.27759629478029e-06	1.7148177626505e-05
"CARTGHRTSWFIGDVFFDYW"	9.99202733258837	9.67913321044189	5.85812862060144e-06	1.89767863497665e-05
"CIRRHFFESTNYNPEYW"	9.99170028220927	9.67875693272067	5.88018738567212e-06	1.89906958165664e-05
"CARIWLRLNSDYW"	9.98923999030689	9.67642551807374	6.01844086323423e-06	1.93786544662572e-05
"CARPRPLSWFDPW"	9.97924558600267	9.66669350230995	6.78905324946524e-06	2.16641729065025e-05
"CARDRGGFDIW"	9.97874214850354	9.66611876731016	6.8273079889999e-06	2.17214054769074e-05
"CGRPLAGYW"	9.97307002032566	9.66066117419987	7.28793276588349e-06	2.31181012662595e-05
"CVRNGGYCRGGSCYSTLEYW"	9.97172746800762	9.65939301040738	7.37787064360355e-06	2.33341530118704e-05
"CATGAGQYYDSW"	9.96491617368271	9.65271417528727	7.96313275795267e-06	2.49636038658399e-05
"CVRGGKYCGGHCRTFYYFDLW"	9.96491617368271	9.65271417528727	7.96313275795267e-06	2.49636038658399e-05
"CARQPTGFPNPFDPW"	9.95503551100602	9.64317846658769	8.93033762308998e-06	2.78324516591347e-05
"CARGVWSGTSPLFDYW"	9.94846816135963	9.63668813893807	9.60448744002933e-06	2.96739799808999e-05
"CARVVYYDVNGYIDGIKWYDPW"	9.94846816135963	9.63668813893807	9.60448744002933e-06	2.96739799808999e-05
"CVRAMYYDFWSGYGDNAFDIW"	9.94846816135963	9.63668813893807	9.60448744002933e-06	2.96739799808999e-05
"CASPGYTSGWAWW"	9.94174141260789	9.63022390997567	1.06787177425092e-05	3.2803302490639e-05
"CVREGAPLASHGMDVW"	9.94017196452967	9.6286081239336	1.10967331637659e-05	3.39897070259763e-05
"CARGPGQWMDKGYDYW"	9.93814851359422	9.62677974330502	1.17254743267637e-05	3.58129487294582e-05
"CARDSLRGMAAAVSIDFW"	9.92949595681181	9.61835806013868	1.4417400781501e-05	4.37846631688199e-05
"CGKDLTKGGMDVW"	9.92949595681181	9.61835806013868	1.4417400781501e-05	4.37846631688199e-05
"CVRGGPDTGAADPPFDNW"	9.87930428387552	9.56966670977357	4.35221713636804e-05	0.000130322692402729
"CARHLGALRGSYFEYW"	9.87796012472651	9.56834880813493	4.46283965635442e-05	0.00013326188806265
"CARRPASSWYFDYW"	9.87230867512837	9.56286618990199	5.00053774063338e-05	0.000148488190131586
"CTSPLLVQEYYYYHGMDVW"	9.86956796369861	9.5602601875756	5.30364516711446e-05	0.00015661869291838
"CTADVVGGRPSFDYW"	9.86956796369861	9.5602601875756	5.30364516711446e-05	0.00015661869291838
"CARDPGGRELERW"	9.8647736041928	9.55563707985471	5.83161583993296e-05	0.000171735463715932
"CASLFLVEQWLVLKTKPLPGDYW"	9.8607988274941	9.55173997103254	6.25409236465307e-05	0.000183167801036004
"CATTGATENGGWRYYFQHW"	9.8607988274941	9.55173997103254	6.25409236465307e-05	0.000183167801036004
"CARIATDCTDTPCFKGWFDRW"	9.8577070592821	9.54876994464922	6.66130624736004e-05	0.000194561103235734
"CVIVGYDIAYC"	9.84678709965118	9.53820676988344	8.07841203438561e-05	0.000234669088716256
"CARLDRYTTGFYPKRGVYCFDFW"	9.84309547400578	9.53454770795692	8.680028787666e-05	0.000250782453351756
"CTRHFSGSGGW"	9.84309547400578	9.53454770795692	8.680028787666e-05	0.000250782453351756
"CVKPPKGLNLVADW"	9.83976363165383	9.53145170940405	9.13869478345275e-05	0.000263322499286011
"CARRLSGTTESPPTPSRVDSW"	9.83963045569895	9.53125618007804	9.16829596085423e-05	0.000263465279090139
"CARGGYPYGYFQLW"	9.83578454990654	9.52756555791724	9.84004565817765e-05	0.000281256920015826
"CARVLCSTTSCYTYYYYAMNVW"	9.83243734323661	9.52427209123454	0.000104846253237635	0.000298086821039979
"CVRGVDVDTDMGTSFYFDFW"	9.79883806858943	9.49179442513258	0.000180578879564689	0.000507996900670137
"CARGLGLGEVSPDELSSENWSDTW"	9.78485431235185	9.47827995607717	0.000222622846885628	0.000618139800833082
"CTTDLGSGWYPRSEDYW"	9.78485431235185	9.47827995607717	0.000222622846885628	0.000618139800833082
"CARAPGSGVMAGRLDSW"	9.78399571578082	9.47740300274378	0.000225323583984717	0.000624017904869593
"CIRGADSWVGIDYW"	9.76091724878866	9.45511451169955	0.000311304465325206	0.000853293521622168
"CAGAYGGWLLPTARELDSW"	9.75805527406471	9.45234778380213	0.000325424719550872	0.000885188359287231
"CARETSSPDYW"	9.75805527406471	9.45234778380213	0.000325424719550872	0.000885188359287231
"CARGDNGDWEFDPW"	9.75805527406471	9.45234778380213	0.000325424719550872	0.000885188359287231
"CTNAGTFGSPYYFDSW"	9.7568614914088	9.45122224993013	0.000330092196109741	0.000895605476246988
"CARHEIPYYDFWSGYWFDWW"	9.73902547145861	9.43392416279659	0.000415814257601885	0.00111404872525417
"CARRETALDYGRPIDYW"	9.73902547145861	9.43392416279659	0.000415814257601885	0.00111404872525417
"CASRYCSRCFSGLPLDYW"	9.73902547145861	9.43392416279659	0.000415814257601885	0.00111404872525417
"CAREPCSGRNCQSRDYYGIDVW"	9.7374659532068	9.43247568412266	0.000426861228645923	0.00114078663355623
"CVRDRLSMYSSSSPDYW"	9.72776137639025	9.42307580618668	0.00048099474743419	0.00128225283044177
"CAGGDLDFAYGHAGGFHRW"	9.69787254134846	9.39423619227787	0.000686311985539882	0.0018026228809389
"CARGTRLGSDGFSHGAFDIW"	9.69787254134846	9.39423619227787	0.000686311985539882	0.0018026228809389
"CAEYCSGDSCRPDFHYW"	9.68567200126831	9.38247286372665	0.000789760830220208	0.00206419150979316
"CARDVYSGGFYPIDW"	9.67336789830001	9.37061266029623	0.000905870950255929	0.00234800761612903
"CATGNTNYDKWFDSW"	9.67336789830001	9.37061266029623	0.000905870950255929	0.00234800761612903
"CGRLLGLHTVGWNYDDSAYYGAIDIW"	9.66960229267788	9.36694528938051	0.000939509957311175	0.00242593271585905
"CARDRGRLLYSSSSKWFDSW"	9.65760876206417	9.35541891584224	0.00106860907750106	0.00271986453297294
"CARRMNCGGDCPMDYW"	9.65760876206417	9.35541891584224	0.00106860907750106	0.00271986453297294
"CASYGGSSYADDTFDVW"	9.65760876206417	9.35541891584224	0.00106860907750106	0.00271986453297294
"CLRPLGGVSVAGTNWFDPW"	9.65760876206417	9.35541891584224	0.00106860907750106	0.00271986453297294
"CARGRGEFGVDIFIAHW"	9.65280686865997	9.3507819265124	0.00111692456405026	0.00283608636334853
"CARTDYSNRHFDQW"	9.64743568040923	9.34559738554033	0.00118235815322264	0.00298099260800709
"CARDGVTTVTSDLW"	9.64460844202667	9.34286691010828	0.00122267228470568	0.00306816120270039
"CARGYKSGWYGEFDPW"	9.64460844202667	9.34286691010828	0.00122267228470568	0.00306816120270039
"CAKDDTGQISVTATLGVLDFW"	9.62686945754578	9.32575239303805	0.00145127523397193	0.00359123431739813
"CAKSSEVFNPHYGMDAW"	9.62686945754578	9.32575239303805	0.00145127523397193	0.00359123431739813
"CANFRTW"	9.62408745395553	9.3231217894034	0.00148548091156719	0.00365052665394328
"CAREGGGYSGHDPQNWFDPW"	9.62408745395553	9.3231217894034	0.00148548091156719	0.00365052665394328
"CARHMAPTEVPGLSWLDPW"	9.62408745395553	9.3231217894034	0.00148548091156719	0.00365052665394328
"CALDRGVHW"	9.61526130753897	9.31457823571377	0.00161326022830563	0.00395544766985944
"CVGGYCRGNNCYVFDYW"	9.60233946556783	9.30214395741527	0.0018215765251057	0.00444581119940181
"CAKDLREVRFLEWLFDNW"	9.57848259186113	9.27926642498344	0.00224634710999978	0.00542064347762928
"CASSTHW"	9.57848259186113	9.27926642498344	0.00224634710999978	0.00542064347762928
"CAREECSVGARCYYYGLDVW"	9.56286735810724	9.26418366341107	0.00256513573111741	0.00610719397898554
"CARSFRVRGWLSGFDPW"	9.56286735810724	9.26418366341107	0.00256513573111741	0.00610719397898554
"CAKCSSSYGNDAFDVW"	9.56010249678061	9.26151801117692	0.00263762394127421	0.00621061672515889
"CALGFNYGPANLDFW"	9.56010249678061	9.26151801117692	0.00263762394127421	0.00621061672515889
"CARALFDMSTDSYVGGYYAADVW"	9.56010249678061	9.26151801117692	0.00263762394127421	0.00621061672515889
"CARDPPHTGGLAYELW"	9.56010249678061	9.26151801117692	0.00263762394127421	0.00621061672515889
"CVRDLGSNTGWPPLDFDYW"	9.56010249678061	9.26151801117692	0.00263762394127421	0.00621061672515889
"CARDKQWKHDYW"	9.54147858670768	9.24355213542122	0.00306097566386923	0.00711344127103523
"CARDRIVVVPADMIYYYGMDVW"	9.54147858670768	9.24355213542122	0.00306097566386923	0.00711344127103523
"CARSTGTYPFDYW"	9.54147858670768	9.24355213542122	0.00306097566386923	0.00711344127103523
"CARGGYHILTGWEYEPYYYGMDVW"	9.53921783382803	9.24149997532915	0.00310712448780741	0.00720502402921067
"CATSLSDSSAYYPSSFDSW"	9.52762882681742	9.2303114207785	0.00341710044128624	0.00787258700804954
"CVRENADSINWYTLLDYW"	9.52762882681742	9.2303114207785	0.00341710044128624	0.00787258700804954
"CVRTMYYDFWSGYGDNAFDIW"	9.52762882681742	9.2303114207785	0.00341710044128624	0.00787258700804954
"CARLSRYTTGFFPKRGVYCFDYW"	9.52704610139587	9.22975217600973	0.00343067523573225	0.00788686414408124
"CALARGDGFNYDYW"	9.50525964034839	9.20880737833831	0.0042287774733918	0.00961821940224647
"CAREEGYCSAGSCYGMDVW"	9.50525964034839	9.20880737833831	0.0042287774733918	0.00961821940224647
"CSRDLGGKNWFDPG"	9.50427081360198	9.20787326202315	0.00434277536319787	0.00983565013402228
"CTRGRSSWYVNEERHFDYW"	9.50427081360198	9.20787326202315	0.00434277536319787	0.00983565013402228
"CARQIKDYNNSPPFTWFDPW"	9.49517510607907	9.19913395394049	0.00521831989177193	0.0117687425407261
"CAKDMAFNRYDSSGYDYW"	9.49031488246958	9.19447869983426	0.00571006246045395	0.0127699932431491
"CGRFPCGGGSCQRWIMDYW"	9.49031488246958	9.19447869983426	0.00571006246045395	0.0127699932431491
"CVRDPHALDHW"	9.49031488246958	9.19447869983426	0.00571006246045395	0.0127699932431491
"CVRSGVASAFDPW"	9.48112945227317	9.18565777371866	0.00676864897800322	0.0150743453280947
"CARDMSDFHDSSGYHQFYW"	9.46694745454046	9.17205427183521	0.00867090388162687	0.0191117448442456
"CARDPEYGSSHPFDCW"	9.46694745454046	9.17205427183521	0.00867090388162687	0.0191117448442456
"CARGGTGNWYFDLW"	9.46694745454046	9.17205427183521	0.00867090388162687	0.0191117448442456
"CSRLAYDDIGLPTYSHDW"	9.46694745454046	9.17205427183521	0.00867090388162687	0.0191117448442456
"CARVDTGWFDLW"	9.4594210878544	9.16481844362939	0.00980973513585135	0.0215330736349591
"CARGTGMLLDSW"	1.75546170989767	11.0460835171716	0.0100130264380997	0.0219342730785422
"CARGAVTPYGVLIMLPSHGPFDYW"	9.44480544131416	9.15082780721558	0.0122848512341113	0.0266379431425253
"CARDLWYKITSPHGMDVW"	9.44319312319031	9.14927614829938	0.0125657498136354	0.0271369425268206
"CVRDGDYDRPDSYYGMDVW"	9.44319312319031	9.14927614829938	0.0125657498136354	0.0271369425268206
"CARDPNWGPSPPNDACDLW"	9.42863349868026	9.13532316965987	0.0154430134466752	0.0330833294078071
"CVRIATDCTDTPCFKGWFDRW"	9.41903929216359	9.12613300471015	0.0175183037540298	0.0373049137710317
"CAGDLFASGWRYW"	9.4042331722219	9.11195316727276	0.0209879849189533	0.0441656611778761
"CASSSGTYRPAGGFDIW"	9.4042331722219	9.11195316727276	0.0209879849189533	0.0441656611778761
