"rn"	"logFC"	"logCPM"	"PValue"	"FDR"
"CARGHVDIVATTHFDYW"	8.45322592973651	14.197147007646	1.8827471528372e-27	1.36661241385173e-24
"CARDFVVAAVAGSYW"	13.0920532749307	12.8111355010784	3.51217670653261e-25	1.6314060801844e-22
"CVPLGALLRDLDYW"	6.67409958801949	14.5506014917629	2.82071545967224e-22	9.85189322530283e-20
"CTTGTVAFGDW"	5.95478944092367	15.7370140703043	3.71169281900537e-22	9.85189322530283e-20
"CVPLGALLRYFDYW"	5.68959978522131	14.483532328357	4.57631844302604e-18	8.50279966714237e-16
"CARHSQPHTIDMGFDPW"	11.3299253060517	11.061019199039	5.53259673249795e-14	6.04680278175364e-12
"CARDLGIAAAGDFDYW"	4.82982799794926	13.015989270022	5.02878036065567e-12	3.7373895640393e-10
"CVPLGAVLRYFDYW"	10.8426884877509	10.5806350108747	9.64939558931937e-12	6.4030632160555e-10
"CTTASYDDYW"	10.8239553919565	10.5622003980156	1.25841258221477e-11	8.06251923363808e-10
"CARGRGLVDYW"	10.7023579045495	10.4427821827794	6.41505747542175e-11	3.61187175434352e-09
"CARGTGDIVGTNTGRSVRYYYMDVW"	4.28750633014478	13.3047955114394	7.08554075713564e-11	3.87203962551706e-09
"CAGFQLLLLDWFDPW"	4.2485168836238	13.3865749738878	7.82773911428049e-11	4.15541122123805e-09
"CARDYDSSGYLDYW"	10.6073503384374	10.3492432864183	2.13321609243825e-10	1.10097652770841e-08
"CTRRGGNSNYDYW"	3.6844390747602	14.5124303243511	5.07899100569671e-10	2.55047710502284e-08
"CARDRAVGTFDYW"	3.37527947924282	15.2755096297611	1.41615976304906e-09	6.5780620993629e-08
"CSRVVALSRFDPW"	10.3469484952615	10.0947255315568	3.89971180114059e-09	1.57514446228679e-07
"CARVDYYDSSGSIRGITFDYW"	10.2717390409926	10.0212855170282	8.22741694811781e-09	3.06270003833413e-07
"CARGRSAHYDFWGGYHNYYYYMDAW"	10.2105109688623	9.96160968178629	1.48559491018506e-08	5.14702266359473e-07
"CASGQYCSGGSCGFDAFDIW"	5.02167969607062	11.3924166600859	1.49590540276704e-08	5.14702266359473e-07
"CARGRGWFRQFPYFDIW"	10.1576875126146	9.91001034268553	2.44071972009147e-08	8.24519498169081e-07
"CARGDQWLATPPLFDYW"	10.1374114573612	9.89022981409676	2.93456612332494e-08	9.73647117346025e-07
"CARDRAVGTFEYW"	4.13091634434946	12.2333893509935	3.70753431804332e-08	1.18768944188353e-06
"CARDLGTAAPGHFDYW"	10.0936045254645	9.84793060998497	4.29243411609012e-08	1.35175298096533e-06
"CARVGAPGSW"	4.07610148876564	12.0195210704381	1.26686931663119e-07	3.73625903222343e-06
"CTTDEMNEDVWTGYYATW"	9.94728476099486	9.70548798183546	1.45725721545544e-07	4.16551370202494e-06
"CARDGYHYDSGTGGQPDLDYW"	9.9237334747501	9.68287337335988	1.75568303649599e-07	4.66926115552309e-06
"CARGHIVVVVGQKTDYYMDVW"	4.95420441563857	10.7572351178578	2.70304590166466e-07	6.87980724012732e-06
"CARQERGAVAGTGGYFDNW"	9.82737281931536	9.58910094411376	3.70751647282512e-07	9.18475414201211e-06
"CARSAPYSGYEVDYW"	4.62126088754948	10.9272341170468	4.59022736366757e-07	1.09341569765312e-05
"CVTDGRPFWSGHYYYLMDVW"	9.72101641827715	9.48712474028499	7.94933954159205e-07	1.73763210215036e-05
"CARVGVTMVQGVIKASAFDLW"	4.16888691230923	10.9891072373474	2.84388036123098e-06	5.74340185996431e-05
"CARDPGIAAADPFDYW"	2.80913616764634	13.5593500012333	3.2586224268438e-06	6.37317944113239e-05
"CARDLGLTAASDFDYW"	3.45770351468879	11.9463827859628	4.52697825052223e-06	8.76158915569824e-05
"CARDRGIAAADPFDYW"	3.38802068846267	11.9082168136965	7.38616719351556e-06	0.000138621198439918
"CARGGGLNFLYYYMDVW"	9.40617218950554	9.1842530952341	1.1596093029019e-05	0.000207168661999204
"CASSSYFYYMDVW"	9.40210657771849	9.18069128224543	1.20902414272665e-05	0.000213939700684393
"CAAYQVLLLDWFDPW"	2.49767273648923	13.9233685348137	1.83148792167956e-05	0.000321028731932133
"CARDLGLAAAGDFDYW"	9.29859098433864	9.08110927636619	2.72699976452982e-05	0.000445917107728296
"CARSAPYSGFEVDYW"	3.05887894701722	12.0524738585991	2.73598225409181e-05	0.000445917107728296
"CARDLGISAAGDFDYW"	9.2909709606075	9.07433188784688	2.88930936236007e-05	0.000466811895240436
"CARPAHYGNDAFDIW"	9.26290137824349	9.04728648729744	3.56241002129915e-05	0.000565722890561865
"CARVGAVGSW"	2.75557716323128	12.5974675116962	3.70007988581315e-05	0.000582605798969562
"CARRKPSAGNVLNAFDMW"	9.24016746602146	9.02563099820972	4.24751586720141e-05	0.0006631835698538
"CARDLGLTAADAFDYW"	3.26425060300522	11.4188276961287	4.45468583170647e-05	0.000689733856275886
"CARDLGVAAAADFDYW"	3.00007668922377	11.8546307000411	5.95507923494318e-05	0.000890711954600903
"CARKQADYDFWSGYKYYFDYW"	9.18753406817423	8.97610815652535	6.07298439234424e-05	0.000895524206426634
"CARSMTIFGVRFDPW"	9.17103786877429	8.96006017603271	6.84879682372739e-05	0.00100197358255791
"CARGHRQPYFYDYMDVW"	9.07329705135762	8.8673556283705	0.000127491320283706	0.00176775278423228
"CARHSFGVLTSDYLQVFDCW"	9.06222376199488	8.85677750315995	0.000136438662737836	0.00187780026197703
"CARKAGSKWASDYYYYMDVW"	8.93454699895395	8.73669454018606	0.000296727529080052	0.00367546499353824
"CARGTGDIVATNTGRSVYYYYMDVW"	2.99958479355678	11.0202245570736	0.000314606461774497	0.00387111792037759
"CARDLGVAAAADFDFW"	3.06923625637959	10.7328952322096	0.000400569151109996	0.00489643080764718
"CARVGEQAMLFGFINGHWLDPW"	8.8792136494711	8.68461665668148	0.000450626123858801	0.00540169895567518
"CARHSQPHTVDKGFDPW"	8.80816822893033	8.61822882130673	0.000736974769084434	0.00855811950599299
"CARDRGYDLWSGRASGEYYYMDVW"	2.0706870368337	13.0048723514368	0.000757742515317148	0.00874463101527492
"CARVGAAGNW"	2.69306584827377	11.1902619948127	0.000809903852551257	0.0092888972718533
"CAKDPLAW"	1.98550734394854	13.2866906054986	0.000825551038489967	0.00941026889272613
"CAKGTAGSYYYYMDVW"	8.77532971620884	8.58741350365529	0.000902232427420687	0.0100380110787284
"CARTAHTRKYWYFDLW"	8.73995913502455	8.55462358216643	0.0011284069919116	0.0121894197149521
"CARDTADIVATMDYW"	8.71705815375839	8.53271543617798	0.00128157596897962	0.0137639777477696
"CARERRVGVAAFDFW"	8.69621617359875	8.51362994432028	0.00145743957002852	0.0155627742592701
"CARKQGGDDFWSGYQYYFDYW"	2.56948247780175	11.0782470644816	0.00148231362197082	0.015737935483553
"CAKRIVGATNFDYW"	1.86079392363356	13.4148259946387	0.001514704486806	0.0159001182852291
"CVRGWDYW"	8.67165154599459	8.49081252441804	0.00168266397359492	0.0173688314607742
"CAHSGDSWGYAFDMW"	8.66750497115688	8.4869849429661	0.00171289868406822	0.0174728880730532
"CARGSVTVYSKLTSYMDVW"	8.64321648792689	8.46451074382513	0.00196725997518898	0.0193356090387939
"CATQQAGHDFWSGYQYYFDYW"	2.45286213703305	11.192914689028	0.00197726895445147	0.0193356090387939
"CAADRGARNAFDIW"	8.58502810701244	8.41046599240333	0.00267354328639663	0.0256053784851801
"CARDPKALDTGMHYYYYYMDVW"	8.55345224949713	8.38105512038341	0.00312882960509397	0.0293604313447707
"CAHNTLRSDSQTSLDDAFDIW"	8.54070508037706	8.36917338975713	0.00328339361072582	0.0303509717847192
"CVPLGALLRYLDYW"	2.06315308573215	12.0207130388186	0.00331205621975964	0.0304643586946208
"CARDVGGAAAGDFDLW"	2.91272077945374	10.0870907866224	0.00409017365368523	0.036361448079173
"CARANQYCGGFSCPYYFDYW"	2.74815306629428	10.2292766687766	0.00443308004689748	0.0390363162423485
"CARGTGDIVGTNTGRSVRYYYLDVW"	1.60685403902936	13.5212960760852	0.00549009902428772	0.0467050683588288
"CARDLGPAAAADFDYW"	2.97987568257419	9.83362456560826	0.00574925167296268	0.0474760427038429
"CARDNAGFDLW"	1.7249304014001	12.765747873349	0.00601525917739226	0.0485928328330209
"CARAQRQGYCSDTMCSYAFDIW"	1.6828971870371	12.9085876561359	0.00625824104370187	0.0496915036717867
