"rn"	"logFC"	"logCPM"	"PValue"	"FDR"
"CARMKRWDNRGAIDLW"	15.0125872907502	17.1026717097446	1.04864613970125e-05	0.00169880674631603
"CGTEHSRYYFDYW"	13.1699158112228	15.265115355079	0.000101442293378512	0.00821682576365947
"CARETDGSSSWPYW"	12.421373691092	14.5213812226568	0.000329249519560112	0.0144577776175454
"CARNGGYCSGGSCYSTLEYW"	12.299822686035	14.4008716665866	0.000415907742850328	0.0144577776175454
"CARRRYSSWYSEYFQHW"	12.2625291167765	14.3639170569815	0.000446227704245227	0.0144577776175454
"CARALHSRSTVADSW"	12.1556556456514	14.2580571615561	0.000543727019398633	0.0146806295237631
"CARMKRWDHRGVIDLW"	12.0060012644389	14.109956517573	0.000710074863800762	0.0164331611336748
"CASPGYTRGWAWW"	11.8697504139965	13.9752687327265	0.00089679062248052	0.0181600101052305
"CARARYCISDICPVTKNWFDPW"	11.6727652432846	13.7808158873189	0.00123857269769616	0.0218613177588067
"CAHRRAPQLQIDYW"	11.5707243745289	13.6802283950696	0.0015638806356549	0.0218613177588067
"CARNVDYFDSSGYPESW"	11.5701404782441	13.6796518612517	0.0015671460805641	0.0218613177588067
"CARLLYDSRGYYYFDYW"	11.562537942184	13.672163268743	0.00161935687102272	0.0218613177588067
"CVRHLSGILGRW"	11.5395831046304	13.6495504201463	0.00178004259883208	0.0221820693085228
"CLFSRGGAFGPNEW"	11.4655184264723	13.5766281382977	0.00239013278063974	0.0276572507474027
"CARDGGDSRLGAFDIW"	11.36251303657	13.4753123723004	0.00347383729189906	0.0363823873135176
"CAKVRDSGGYYSWYFDVW"	11.3527120270608	13.4656785760824	0.00359332220380421	0.0363823873135176
