"rn"	"logFC"	"logCPM"	"PValue"	"FDR"
"CARDTTTSHYYYGMDVW"	13.63402584143	14.8069348300208	5.59428181707889e-13	3.19992919936913e-10
"CARHRYSSGWESVSDYW"	12.8890943845779	14.0643931182925	1.90332211046966e-11	5.44350123594323e-09
"CARGGSSGWRAWVDAW"	12.0779743908031	13.257716414232	1.59393841612904e-09	3.0391092467527e-07
"CAKNGGLGSISGWFDSW"	11.8177792457474	12.9994769622357	5.69980752442395e-09	6.520579807941e-07
"CARHNSQLSTWYFLDSW"	11.6814600018431	12.8643521855498	1.086119204141e-08	8.87514549669504e-07
"CASDRPIGETQGVLGYNWFDPW"	11.4340566642468	12.6195433589	3.32430748766946e-08	1.91939210979227e-06
"CARHTSVIAGTFPNPDPW"	11.4318780696874	12.6174035833321	3.35558061152494e-08	1.91939210979227e-06
"CARDIEYSRPSHYFDHW"	11.0853791624725	12.2751849286144	1.46478923998644e-07	5.98471032337318e-06
"CAQGPSGLGMDVW"	10.7162104579755	11.9119286266377	1.0858295309694e-06	3.26891837744471e-05
"CAHRPHPTTVTREYYFDLW"	10.5576400644311	11.7564061361932	2.67030826482687e-06	6.36423469783736e-05
"CARQARWSYFFDSW"	10.4653053445946	11.665932407408	4.36226442559904e-06	9.59698173631789e-05
"CARKGDYGVYFDYW"	10.408377068202	11.6101616418085	5.86987328366457e-06	0.000124354352528005
"CTKTDYW"	10.3415577335885	11.5450182141443	8.17908896633791e-06	0.000161177131194233
"CARHGRIAATILGTFDHW"	10.2527333998908	11.4583813287277	1.26427372282899e-05	0.000212695461605348
"CARTLRHPHYYDFW"	10.1887681400397	11.3960361419448	1.70204815765986e-05	0.000270436540605955
"CARIETQYYAMFLDAW"	10.1788752890574	11.3863349189626	1.78174847898132e-05	0.000275448683777653
"CARRYRWLSLDRPPTVDGAFDVW"	10.1299745411132	11.3387128021993	2.23174302594319e-05	0.000335936055484079
"CAKRSGYHYDSSGYCFDYW"	10.118971061122	11.3281607215663	2.34079227951539e-05	0.000337192499282472
"CARDLGVKTIYGVIISNGMDVW"	10.049379789013	11.26026873186	3.1787205807402e-05	0.000432911469567475
"CARESATYSDGPALDAFDVW"	9.94276031065673	11.1568679092808	4.99276010163227e-05	0.000634635284029702
"CARAGQCSTVSCYGGGFDFW"	9.92792031951057	11.1424333301909	5.28054652505263e-05	0.000642653747304278
"CARRGLGYCTNGVCLRAAFDYW"	9.86286246363476	11.0795264213811	8.09891224250472e-05	0.000965120375565146
"CARDHYGGWFDPW"	9.82463100556822	11.0425076896316	0.000103458753259624	0.0011835681372901
"CASHSAYGHFDYW"	9.81171875836565	11.0299938690472	0.000112195238423157	0.00125834659564796
"CARRSGYGRGRGIDYW"	9.78535895363935	11.004515181041	0.000131951531658619	0.00145146684824481
"CARQALVGATIALGHW"	9.73789531120595	10.9587205267564	0.000175053241613218	0.00188925385288228
"CARWYYYDRSALHAFDIW"	9.71356468999693	10.93526579349	0.000202471450844198	0.00214469759042373
"CVKGPSLYYYDSSGPFDYW"	9.67793729488471	10.9009874236676	0.000247407629469672	0.00248275726415179
"CATLTIPLDVW"	9.62735508161866	10.8521411955935	0.000326291888561374	0.00321791310788113
"CARARWIESTGDYYFDDW"	9.61212591724056	10.8375743053066	0.000353468347946839	0.00336973158375986
"CVRDRGPGSPDDSETGPIYYFDSW"	9.57848578187251	10.8050836632371	0.000419478612523262	0.00393347157972632
"CASAFNAAGTLAPDARIPLDSW"	9.56229733488183	10.7897342935226	0.000459295217286632	0.00418099321965853
"CARDSDLGVEIGENWFDPW"	9.54723332650844	10.775114778406	0.000496125029224237	0.00436590025717329
"CARIDEEQWLVRHYWYFDLW"	9.49904647382767	10.7289574406425	0.000628137525786991	0.00536260693656953
"CARHNSQFSTWYFLDSW"	9.49108365734829	10.7212757479409	0.000652883542346742	0.00549190273856377
"CAKDQGGDGVDYW"	9.48261949443867	10.7132365804561	0.000679379297673609	0.00563195591694644
"CARTDYGEKSVEIW"	9.41075844743356	10.6445213240624	0.000941999124135601	0.00748365970841061
"CARLKAAAFNYW"	3.58053529752126	14.0928158582468	0.00123203108566837	0.00952326731084196
"CAKDGDYGDFEGWFDPW"	9.33563688735339	10.5727211364399	0.00131565776817945	0.0100340832453153
"CVSSLLDNW"	9.21748531655522	10.4601553914669	0.00214079006384544	0.0151355042212078
"CARIIGVTGPPPHYYYYGLDVW"	9.17750357307589	10.4221734978442	0.00249674045702726	0.0166062272258092
"CSTEDYDAGW"	3.36311427522843	13.7589493109902	0.00276486848109979	0.018178215760794
"CARGPIVVLASTLDFYRGLDVW"	9.13638228890657	10.3831649714665	0.00291147809967598	0.0185546504210024
"CVRDSAVAGISHFDSW"	9.13127022086349	10.3782953111981	0.00295187620334128	0.0185546504210024
"CATLGPTADYFDDW"	9.09436032554343	10.3432972270651	0.00339269905882453	0.0202148318921628
"CARRAASRISANYYGMDVW"	9.02279088140741	10.2756596874471	0.00433156801849783	0.0250268374402097
"CARASLVAPFLIVVW"	8.99955566958348	10.2538362784929	0.00473127861869357	0.0270629136989272
"CARDGYNSYYYYYGLDVW"	8.95294832601572	10.2099262410771	0.00551699728320161	0.0309384553528561
"CARELGARTAFDIW"	8.92924097375763	10.1875904138854	0.00595585453593309	0.0330752310150848
"CARGFDTHGYW"	8.89878311485051	10.158976761709	0.0065222782026094	0.0342883510047867
"CARQALVGATIALGYW"	8.87343884445085	10.1352852529682	0.00705076635191447	0.0366639850299552
"CAKDWGAAIPAVSQNWFDSW"	8.85495849552813	10.1178832516376	0.00772967358571354	0.0391746140886641
"CARDLYGDFGDYW"	8.85459304978413	10.1176036600724	0.0077390408951382	0.0391746140886641
"CARELVTVVAGRTYVGDGMDVW"	8.8417683614703	10.1056003040774	0.0082360438045357	0.040612216001676
"CARAPHCRSPNCQGGVFDYW"	8.8362357444204	10.1002721665468	0.00842443437307292	0.0411861236016898
"CARGEEYFDNSGPHKNWFDPW"	8.81614579142483	10.081578142081	0.00930315861446302	0.0447177035922088
