"rn"	"logFC"	"logCPM"	"PValue"	"FDR"
"CSTHAGLDDW"	11.8579391988443	13.0394590770754	4.70924391948386e-09	6.520579807941e-07
"CAFRGTSTSTFDVW"	11.7226928242734	12.9052359151235	8.95248865657046e-09	8.53470585259717e-07
"CAHRLGGYDWNDGYFDYW"	11.5838773971431	12.7678386948923	1.69528007679009e-08	1.21212525490491e-06
"CARDSPGFQTWFDPW"	11.3591169995368	12.5454229164819	4.61670754820426e-08	2.40068792506622e-06
"CARGGAESSGYYFDYW"	11.1928141698792	12.3811443391172	9.37323877824944e-08	4.4679104842989e-06
"CARGEVANYFDQSGDYPYYYTGLDVW"	11.1512293780626	12.3402322945607	1.11771739962885e-07	4.91795655836694e-06
"CAHRSLITFHPW"	10.8675619751437	12.0607704750881	4.33433683988623e-07	1.65282711494328e-05
"CARKRRYFDWLQPRHSSWYFDLW"	10.8504350621349	12.0437920653091	4.81222132204851e-07	1.72036912263234e-05
"CTTFNFW"	5.71890186562184	16.0482862524393	5.50596165993651e-07	1.85259415851981e-05
"CAKDREVTPLHYWYFDLW"	10.7395845385191	11.9348393156479	9.5193126532411e-07	3.02502602091884e-05
"CAKGDLGRRFKLGARLRKYYGVDVW"	10.6446096379382	11.8416953426772	1.64995533979197e-06	4.71887227180504e-05
"CATGWDHSARWLFDSW"	10.6193519436186	11.8170690436026	1.90289044103506e-06	4.97875081229913e-05
"CASTRKVTHFSIW"	10.6177931663884	11.8153304151221	1.91490415857659e-06	4.97875081229913e-05
"CARGFRYYYGLGSDQYYFGMDVW"	10.5971160675267	11.7953674966013	2.15372645123918e-06	5.35622404395135e-05
"CARQMGGFGDEYLETEGWFDSW"	10.5340572582399	11.733308380254	3.0324272057835e-06	6.93819344683264e-05
"CTTQSQYAFDLW"	10.3627336505204	11.5656305645841	7.4132362152585e-06	0.000151441825540281
"CARESGVSILGVADYW"	10.3358886869629	11.5398347527898	8.45334604165556e-06	0.000161177131194233
"CAAGTTGTNYYYYGMDVW"	10.3216824156808	11.5255851607156	9.06274646272263e-06	0.000167222289570237
"CARVERWSYFFDSW"	10.300709430097	11.5051372754971	9.98525396626897e-06	0.000174723843160282
"CSTVGSVVYKNVAMTDYYEVDYW"	5.14180504256921	14.7035896300845	1.00802217207855e-05	0.000174723843160282
"CATRDFCNSRKCYSSHSDYW"	10.2249331652447	11.4311558591657	1.44424603152825e-05	0.000236031065724045
"CARRRTTAFDSW"	10.1160685474501	11.3255395533631	2.35798950547183e-05	0.000337192499282472
"CAKDPSDNYDSKGFDPW"	10.0549014120531	11.2659733406195	3.10112961609413e-05	0.000432645400098986
"CAKGGDPGYCINGVCLGSW"	10.0399241746069	11.2512868597162	3.31782745122705e-05	0.000441348209791134
"CARGYSADLIDSW"	10.0273831368274	11.2389236723101	3.49421684403138e-05	0.000454248189724079
"CARGMNYYGSGSYDYW"	9.92977209460323	11.1442181300348	5.25679101032639e-05	0.000642653747304278
"CVRFALVVLTANDHYFDYW"	9.82761959788759	11.0457243161952	0.000101825575845227	0.0011835681372901
"CAKDLGSGSPYYFDYW"	9.69921661696451	10.9215417323317	0.0002195053573886	0.00228285571684144
"CARDVDTTMVRGAFDIW"	9.68614143232912	10.9091440042513	0.000236424027386264	0.00241490256544541
"CARSQGERDVW"	9.62043730689764	10.8454776171371	0.000338771214918315	0.00328435821920807
"CAAQRATAPDGHWLDPW"	9.56184845165576	10.789071943228	0.000460494008458894	0.00418099321965853
"CARGFGVTDYYYYYGLDVW"	9.55467101216998	10.7822839524858	0.000477659057738531	0.00426907782853812
"CATYYGDRTAYWYFDLW"	9.52246892513382	10.7513566256673	0.00056015722114306	0.00485469591657319
"CATDYISGGLDIW"	9.44421718694638	10.6764889516091	0.000808237636878776	0.00660445611849514
"CARGYFGLPSPGWFDPW"	9.42918536441039	10.6618129479986	0.000868843884318585	0.0069997000257779
"CAKMIVSDSW"	9.36147196991734	10.5975079265145	0.00117539438823423	0.00920993958999968
"CATQFHGFGELWGYYGMDVW"	9.27436285367845	10.5140551986558	0.00170586646134248	0.0128364823061403
"CVRWKRMTLVRPGLSFFDPW"	9.26998386858695	10.5099417599543	0.00172798800274965	0.0128364823061403
"CAKDRGAGWLVYYGMDVW"	9.24788539820263	10.4891913809042	0.0019003563644148	0.0139359466723752
"CARDRRRRLLATNDLFYYAMDVW"	9.22232782270508	10.4641716417491	0.00209341015957963	0.0151355042212078
"CARDRDSSSWAEEEDAFDIW"	9.21707532974851	10.4597632746013	0.00214331440894726	0.0151355042212078
"CARAIPGYYDTASDSFDIW"	9.19023848943501	10.4340805640338	0.00236177120497661	0.0162728932176666
"CAKTLSSKRSRGYLNWFDFR"	9.18559488957691	10.4297285263602	0.00241700002793929	0.0162728932176666
"CTRGRPGLGVFYYW"	9.18559488957691	10.4297285263602	0.00241700002793929	0.0162728932176666
"CARVFHGSAEGASDLW"	9.18486147965971	10.4295630994165	0.00241817469143646	0.0162728932176666
"CARSYRYPRSAFFYFDQW"	9.13907345201372	10.3856372066558	0.00289114094731069	0.0185546504210024
"CAKDIRGGSYPYRFFDLW"	9.1342609592511	10.3811335057051	0.00292827604625828	0.0185546504210024
"CAKNSYGGFGFDYW"	9.12458703240766	10.3720823064186	0.00303537368395424	0.0188721059480633
"CAKLAGNTLSRFFAAYHLDVW"	9.11073578912068	10.3586021030242	0.00318496187249807	0.0195892278609559
"CAHTFGYCDGGSCFRGFDPW"	9.10090226368591	10.3494076409632	0.00330141277324078	0.0198779800662498
"CARAMGIYSNSCGYW"	9.10090226368591	10.3494076409632	0.00330141277324078	0.0198779800662498
"CAHRPSAPYYAWFDYW"	9.04126895881388	10.2931823772599	0.00409301056162281	0.0241361035180232
"CARVGYNIGWYRNW"	9.03611633919194	10.2883744794681	0.00414538921208237	0.0241955370337869
"CSTLGSAVYKNVEMTDYYEFDSW"	8.98976007973149	10.2446271195517	0.00484436179914479	0.0274353955357507
"CVRDHRSGDYFASGGPYFYDGMDVW"	8.92057404410042	10.179189085265	0.00607948893331291	0.033437189133221
"CARGSIDYDYVWRTWFDPW"	8.91496896033702	10.1739792926902	0.00622315186026422	0.0335815364535013
"CARVVIAASNWLDPW"	8.91496896033702	10.1739792926902	0.00622315186026422	0.0335815364535013
"CARTIFGVVIKSAGSGIYFDPW"	8.90369225227956	10.1635007936505	0.00645164233821271	0.0342883510047867
"CAIFSHNPASGRGLSYYTLDLW"	8.89802027196286	10.1582317795214	0.00653396898517789	0.0342883510047867
"CTKDIHRGYDPPSYGMDVW"	8.8644846021601	10.1265786298626	0.00736268830288344	0.0379410604436876
"CARGGTLQSTPSYYYYGMDVW"	2.86887184467068	14.0077973532397	0.00790150743662072	0.0396461601205882
"CARQSQNCNGVTCYPSNDWLDSW"	8.84692756202197	10.110292128864	0.00798693121013244	0.0397263013234413
"CARDSVSVVVVNFVSFYYYGMDVW"	3.68587987665708	11.68170904469	0.00907685642012105	0.0439996768839766
"CARDRYYDSRGYDLDHW"	8.81117750223685	10.0771342830572	0.00947448432773463	0.0447884713674728
"CATQGAAAPDGHWFDPW"	8.81117750223685	10.0771342830572	0.00947448432773463	0.0447884713674728
