1_sample_id	2_sample_id	div1	div2	div12	div21	count1	count2	count12	count21	freq1	freq2	freq12	freq21	R	Rs	D	F	F2	vJSD	vjJSD	vj2JSD	sJSD	Jaccard	MorisitaHorn	1_metadata_blank	2_metadata_blank
col_ccp2_LN_bulk_1_1_1_top202.clonotypes.IGHA	col_ccp2_LN_bulk_2_1_1_top202.clonotypes.IGHA	202	202	63	63	6658	1536	3034	502	0.999999999999998	1.0	0.4556924001201563	0.32682291666666663	0.3535188227492545	0.39693356000292074	0.0015439663	0.38591543025655656	0.354584694259475	0.12492054018272342	0.06849027187790911	0.25727478423732464	0.0657794988488873	0.1847507331	0.6663561256918561	.	.
col_ccp2_LN_bulk_1_1_1_top202.clonotypes.IGHA	col_ccp2_LN_bulk_3_1_1_top202.clonotypes.IGHA	202	202	48	48	6658	10521	2371	4221	0.999999999999998	1.0000000000000007	0.3561129468308803	0.4011976047904192	0.5401902263391851	0.2744166056862281	0.0011763553	0.3779836786203964	0.33611093666906017	0.08208529685903337	0.045778559932819554	0.2337418901269899	0.035319210897211434	0.1348314607	0.662281389487343	.	.
col_ccp2_LN_bulk_1_1_1_top202.clonotypes.IGHA	col_ccp2_LN_PCsort_1_1_1_top202.clonotypes.IGHA	202	202	38	38	6658	25886	2101	11854	0.999999999999998	1.0000000000000007	0.315560228296786	0.45793092791470297	0.41415100187654746	0.44331313203455913	9.312812E-4	0.38013785414888995	0.3203497280002234	0.13729663827498298	0.08845153666775377	0.3327726320329066	0.08004837346077248	0.1038251366	0.4319753843122773	.	.
col_ccp2_LN_bulk_1_1_1_top202.clonotypes.IGHA	col_ccp2_LN_PCsort_2_1_1_top202.clonotypes.IGHA	202	202	57	57	6658	1399	2797	535	0.999999999999998	0.9999999999999981	0.42009612496245125	0.38241601143674026	0.4061322396856618	0.224304054563929	0.0013969219	0.40081352837469325	0.3562508178259468	0.13318547761000415	0.07674114339837308	0.27820689887890837	0.0842469902305494	0.1642651297	0.6687542994284849	.	.
col_ccp2_LN_bulk_1_1_1_top202.clonotypes.IGHA	col_ccp2_LN_PCsort_3_1_1_top202.clonotypes.IGHA	202	202	109	109	6658	3784	4881	3018	0.999999999999998	1.000000000000001	0.7331030339441275	0.7975687103594081	0.7027993576659501	0.5456508687801039	0.0026713067	0.7646568127881861	0.695545684975637	0.10623060564062138	0.08033420181558631	0.1647104657811696	0.07116593058355879	0.3694915254	0.47232983027413167	.	.
col_ccp2_LN_bulk_1_1_1_top202.clonotypes.IGHA	col_ccp2_PBMC_bulk_1_1_1_top202.clonotypes.IGHA	202	202	54	54	6658	29006	2803	9110	0.999999999999998	1.0000000000000009	0.42099729648543116	0.3140729504240502	0.4667201410349093	0.3646751430282411	0.0013233997	0.3636259933334359	0.3328927575891089	0.1392915688714313	0.0836193672797428	0.3351016539599864	0.051737738029233066	0.1542857143	0.7256204050354979	.	.
col_ccp2_LN_bulk_1_1_1_top202.clonotypes.IGHA	col_ccp2_PBMC_bulk_1_1_2_top202.clonotypes.IGHA	202	202	44	44	6658	17975	2291	5271	0.999999999999998	1.0000000000000007	0.34409732652448194	0.29324061196105705	0.465669434521923	0.1357576269545204	0.0010783257	0.31765281456993694	0.2928437983287345	0.11874304508798371	0.07069254014716665	0.3153768485966766	0.030409020933129617	0.1222222222	0.7585654029272715	.	.
col_ccp2_LN_bulk_1_1_1_top202.clonotypes.IGHA	col_ccp2_PBMC_PCsort_1_1_2_top202.clonotypes.IGHA	202	202	45	45	6658	26493	2583	8071	0.999999999999998	0.9999999999999986	0.38795434064283574	0.3046465103989733	0.5387352960727447	0.25622178221061287	0.0011028331	0.3437861778358381	0.31346281156629774	0.1412433249852495	0.07693936019989117	0.3392877412980526	0.05962227651756592	0.1253481894	0.7710678102308873	.	.
col_ccp2_LN_bulk_1_1_1_top202.clonotypes.IGHA	col_ccp2_tum_bulk_1_1_1_top202.clonotypes.IGHA	202	202	16	16	6658	18015	604	2264	0.999999999999998	1.0000000000000007	0.09071793331330731	0.12567305023591452	0.4443161425952595	-0.011782045178249463	3.921184E-4	0.10677452594407345	0.09521199970900959	0.1686358525741377	0.08988041558893047	0.31641064326036444	0.07680845979205773	0.0412371134	0.6912141265999805	.	.
col_ccp2_LN_bulk_1_1_1_top202.clonotypes.IGHA	col_ccp2_tum_bulk_1_2_1_top202.clonotypes.IGHA	202	202	15	15	6658	22623	517	1980	0.999999999999998	0.9999999999999988	0.07765094623009913	0.08752154886619812	-0.0827904926913752	-0.16308269916051582	3.67611E-4	0.08243865043160364	0.07210468157351756	0.14676120946910265	0.07561385685620498	0.29380381626525615	0.07063187605664847	0.0385604113	0.5824377971358805	.	.
col_ccp2_LN_bulk_1_1_1_top202.clonotypes.IGHA	col_ccp2_tum_bulk_1_3_1_top202.clonotypes.IGHA	202	202	19	19	6658	12992	1304	1132	0.999999999999998	0.9999999999999969	0.19585461099429258	0.08713054187192117	-0.04884029640719515	0.0017574692442638492	4.656406E-4	0.13063276152652917	0.11610567034447715	0.19117196050718413	0.10053448625650963	0.35768808373543415	0.08731344980779643	0.0493506494	0.39980793354582495	.	.
col_ccp2_LN_bulk_1_1_1_top202.clonotypes.IGHA	col_ccp2_tum_PCsort_1_1_1_top202.clonotypes.IGHA	202	202	17	17	6658	12239	592	1238	0.999999999999998	1.0	0.08891559026734758	0.10115205490644663	-0.057589041088440936	-0.2220172201722017	4.166258E-4	0.09483667364876235	0.07912292183952385	0.2342551538609663	0.13508550017249002	0.3823932486812203	0.11530842683676149	0.0439276486	0.4234211981810176	.	.
col_ccp2_LN_bulk_1_1_1_top202.clonotypes.IGHA	col_ccp2_tum_PCsort_1_2_1_top202.clonotypes.IGHA	202	202	17	17	6658	11089	902	734	0.999999999999998	0.9999999999999996	0.135476118954641	0.06619172152583642	-0.12416419719680805	0.07520618661006992	4.166258E-4	0.09469634385363929	0.07950691256786396	0.19837771306928265	0.10900258382181797	0.3384039503860665	0.07882707711356311	0.0439276486	0.31227730216868227	.	.
col_ccp2_LN_bulk_1_1_1_top202.clonotypes.IGHA	col_ccp2_tum_PCsort_1_3_1_top202.clonotypes.IGHA	202	202	13	13	6658	7362	777	446	0.999999999999998	0.9999999999999987	0.11670171222589368	0.06058136375984787	0.2970462266330006	0.43647074988676565	3.185962E-4	0.084082988052007	0.07640266420155775	0.25450177795850726	0.13491486443530093	0.43256041761137837	0.1305162643118006	0.0332480818	0.5038065292789153	.	.
col_ccp2_LN_bulk_2_1_1_top202.clonotypes.IGHA	col_ccp2_LN_bulk_3_1_1_top202.clonotypes.IGHA	202	202	35	35	1536	10521	409	2367	1.0	1.0000000000000007	0.2662760416666667	0.22497861420017112	-0.13629935697660192	-0.17372096402107245	8.57759E-4	0.24475786984052975	0.171810469086891	0.15693557167275157	0.09676909613369661	0.3415230980143535	0.09090238753064872	0.0948509485	0.15465590387271724	.	.
col_ccp2_LN_bulk_2_1_1_top202.clonotypes.IGHA	col_ccp2_LN_PCsort_1_1_1_top202.clonotypes.IGHA	202	202	35	35	1536	25886	464	5909	1.0	1.0000000000000007	0.30208333333333337	0.22827010739395817	0.17874941276599304	0.2295000717295367	8.57759E-4	0.2625958776179186	0.19957930185377454	0.192908022657347	0.13486297809366368	0.4083846238457029	0.13577865176500448	0.0948509485	0.38304442698727714	.	.
col_ccp2_LN_bulk_2_1_1_top202.clonotypes.IGHA	col_ccp2_LN_PCsort_2_1_1_top202.clonotypes.IGHA	202	202	93	93	1536	1399	1130	1106	1.0	0.9999999999999981	0.7356770833333334	0.7905646890636167	0.8360621008477712	0.6247126260826119	0.0022791883	0.7626272514385026	0.7320190245505082	0.04961820221213828	0.025995761608717565	0.12065021478590798	0.013541934413132452	0.2990353698	0.871166843946264	.	.
col_ccp2_LN_bulk_2_1_1_top202.clonotypes.IGHA	col_ccp2_LN_PCsort_3_1_1_top202.clonotypes.IGHA	202	202	60	60	1536	3784	502	1944	1.0	1.000000000000001	0.3268229166666667	0.5137420718816066	0.014813916671099131	0.26086356670296096	0.0014704441	0.4097592980601209	0.2998057863354361	0.2403127541053627	0.15948337394210627	0.350842175595284	0.17925937688325683	0.1744186047	0.11154507886007818	.	.
col_ccp2_LN_bulk_2_1_1_top202.clonotypes.IGHA	col_ccp2_PBMC_bulk_1_1_1_top202.clonotypes.IGHA	202	202	59	59	1536	29006	538	10157	1.0	1.0000000000000009	0.35026041666666663	0.3501689305660897	0.25676427061325496	0.3197018719801493	0.0014459367	0.35021467062902956	0.3117269561120317	0.20741708930012465	0.10928442120636932	0.33096062228886175	0.0858421108757587	0.1710144928	0.6262474250729589	.	.
col_ccp2_LN_bulk_2_1_1_top202.clonotypes.IGHA	col_ccp2_PBMC_bulk_1_1_2_top202.clonotypes.IGHA	202	202	58	58	1536	17975	479	6393	1.0	1.0000000000000007	0.3118489583333333	0.3556606397774687	0.3344089616293272	0.23758168251343798	0.0014214293	0.333035133333963	0.300996373022482	0.15378349615183753	0.0794426953362395	0.28875398596831114	0.07102240742518659	0.1676300578	0.6557356178641662	.	.
col_ccp2_LN_bulk_2_1_1_top202.clonotypes.IGHA	col_ccp2_PBMC_PCsort_1_1_2_top202.clonotypes.IGHA	202	202	48	48	1536	26493	423	8606	1.0	0.9999999999999986	0.275390625	0.32484052391197676	0.2683440027541448	0.2752216617676756	0.0011763553	0.2990953608892099	0.26579939907575134	0.25211972706271757	0.12709318745601209	0.3950152971432219	0.10505864801564029	0.1348314607	0.6427922147881403	.	.
col_ccp2_LN_bulk_2_1_1_top202.clonotypes.IGHA	col_ccp2_tum_bulk_1_1_1_top202.clonotypes.IGHA	202	202	8	8	1536	18015	108	1062	1.0	1.0000000000000007	0.07031249999999999	0.058950874271440475	0.6240110664533546	-0.03592878785739887	1.960592E-4	0.06438154508250526	0.05751742324964734	0.18515944357459027	0.09851355736960207	0.3641156502252414	0.12952807655982954	0.0202020202	0.8040795160988994	.	.
col_ccp2_LN_bulk_2_1_1_top202.clonotypes.IGHA	col_ccp2_tum_bulk_1_2_1_top202.clonotypes.IGHA	202	202	11	11	1536	22623	133	1701	1.0	0.9999999999999988	0.08658854166666667	0.07518896698050656	-0.2658823660817117	-0.2574882743281535	2.695814E-4	0.0806876880339573	0.06039779321859483	0.17950556537014262	0.09643712356366972	0.3536510458667632	0.13734386248168035	0.0279898219	0.2806299302545583	.	.
col_ccp2_LN_bulk_2_1_1_top202.clonotypes.IGHA	col_ccp2_tum_bulk_1_3_1_top202.clonotypes.IGHA	202	202	13	13	1536	12992	116	697	1.0	0.9999999999999969	0.07552083333333333	0.05364839901477833	0.21260188473620728	0.28750443683109994	3.185962E-4	0.06365195834061382	0.05771506468738912	0.2225100805150158	0.11614810775629932	0.3864545156629866	0.13396409085032673	0.0332480818	0.5163061976776209	.	.
col_ccp2_LN_bulk_2_1_1_top202.clonotypes.IGHA	col_ccp2_tum_PCsort_1_1_1_top202.clonotypes.IGHA	202	202	10	10	1536	12239	170	476	1.0	1.0	0.11067708333333333	0.03889206634528965	0.7834650954182878	0.49696992650327754	2.45074E-4	0.06560838717651235	0.05941540357980219	0.26456768801731373	0.15406082302858298	0.42780249940113446	0.18694977787645248	0.0253807107	0.38037406412669184	.	.
col_ccp2_LN_bulk_2_1_1_top202.clonotypes.IGHA	col_ccp2_tum_PCsort_1_2_1_top202.clonotypes.IGHA	202	202	9	9	1536	11089	89	681	1.0	0.9999999999999996	0.057942708333333336	0.061412210298494	-0.11482056996975054	0.415966386554622	2.205666E-4	0.059652240439324385	0.04754671223865084	0.2057312160378644	0.11770009358589516	0.3924955280203811	0.14032726386207764	0.0227848101	0.3708840693573906	.	.
col_ccp2_LN_bulk_2_1_1_top202.clonotypes.IGHA	col_ccp2_tum_PCsort_1_3_1_top202.clonotypes.IGHA	202	202	6	6	1536	7362	34	216	1.0	0.9999999999999987	0.022135416666666668	0.029339853300733496	0.06369493311519245	0.033806170189140304	1.470444E-4	0.02548430649930681	0.024009750981497723	0.27792363552388405	0.1566635650710125	0.4463763832267535	0.19098781938413115	0.0150753769	0.7605124738828087	.	.
col_ccp2_LN_bulk_3_1_1_top202.clonotypes.IGHA	col_ccp2_LN_PCsort_1_1_1_top202.clonotypes.IGHA	202	202	48	48	10521	25886	4756	14659	1.0000000000000007	1.0000000000000007	0.4520482843836139	0.5662906590434982	0.7995179758102183	0.5806959525463403	0.0011763553	0.5059552558113014	0.4685869831212374	0.08486610031932378	0.0522862226983759	0.18472600937497774	0.04407895060965494	0.1348314607	0.7833613353970988	.	.
col_ccp2_LN_bulk_3_1_1_top202.clonotypes.IGHA	col_ccp2_LN_PCsort_2_1_1_top202.clonotypes.IGHA	202	202	34	34	10521	1399	2344	416	1.0000000000000007	0.9999999999999981	0.2227925102176599	0.29735525375268046	-0.036234901372625576	-0.11026801464577263	8.332516E-4	0.25738788512664873	0.19255518340020428	0.1653610336973169	0.1057199504605853	0.3601213185820182	0.1238676690946283	0.0918918919	0.2725580017562139	.	.
col_ccp2_LN_bulk_3_1_1_top202.clonotypes.IGHA	col_ccp2_LN_PCsort_3_1_1_top202.clonotypes.IGHA	202	202	41	41	10521	3784	4188	1846	1.0000000000000007	1.000000000000001	0.39806102081551176	0.48784355179704025	0.6705214392254795	-0.03257504893029217	0.0010048035	0.44067164899343686	0.3668499675499397	0.13694934501334302	0.08603042458335966	0.2667277183285757	0.07291434754733525	0.1129476584	0.5492176277791473	.	.
col_ccp2_LN_bulk_3_1_1_top202.clonotypes.IGHA	col_ccp2_PBMC_bulk_1_1_1_top202.clonotypes.IGHA	202	202	35	35	10521	29006	3460	8031	1.0000000000000007	1.0000000000000009	0.3288660773690714	0.27687375025856725	-0.06055408312385993	-0.16683016350298924	8.57759E-4	0.30175219000696407	0.21067561368072518	0.16072401808946743	0.10999394856439387	0.3579423411028629	0.06175859737139421	0.0948509485	0.2422581997916778	.	.
col_ccp2_LN_bulk_3_1_1_top202.clonotypes.IGHA	col_ccp2_PBMC_bulk_1_1_2_top202.clonotypes.IGHA	202	202	32	32	10521	17975	2178	4446	1.0000000000000007	1.0000000000000007	0.2070145423438836	0.24734353268428372	0.031225935248271462	0.09612034396032523	7.842368E-4	0.22628236391808446	0.18030315403404298	0.14559541638834242	0.10028739876015205	0.3419793352038477	0.034757001443904006	0.0860215054	0.3437546102434966	.	.
col_ccp2_LN_bulk_3_1_1_top202.clonotypes.IGHA	col_ccp2_PBMC_PCsort_1_1_2_top202.clonotypes.IGHA	202	202	30	30	10521	26493	3032	6781	1.0000000000000007	0.9999999999999986	0.28818553369451566	0.2559544030498622	0.1127871533211011	-0.08973502783133822	7.35222E-4	0.2715922610171094	0.19743220554177274	0.17342335378473756	0.10584862668085544	0.38022644992795224	0.057588281522446834	0.0802139037	0.3758218993454829	.	.
col_ccp2_LN_bulk_3_1_1_top202.clonotypes.IGHA	col_ccp2_tum_bulk_1_1_1_top202.clonotypes.IGHA	202	202	29	29	10521	18015	1604	4171	1.0000000000000007	1.0000000000000007	0.1524569907803441	0.23152928115459342	0.40452899944263926	0.36972623007720246	7.107146E-4	0.18787830498055264	0.17363031334104295	0.12436392617481593	0.08024900504372419	0.28511764851751287	0.05672247212828188	0.0773333333	0.6822317783213415	.	.
col_ccp2_LN_bulk_3_1_1_top202.clonotypes.IGHA	col_ccp2_tum_bulk_1_2_1_top202.clonotypes.IGHA	202	202	25	25	10521	22623	1440	3797	1.0000000000000007	0.9999999999999988	0.13686911890504705	0.16783804093179505	0.6551835127491257	0.35880671094253547	6.12685E-4	0.15156465544804307	0.14566624476316029	0.12493748616655961	0.07261647852960958	0.2719157999887317	0.03372547546370259	0.0659630607	0.8772646860602522	.	.
col_ccp2_LN_bulk_3_1_1_top202.clonotypes.IGHA	col_ccp2_tum_bulk_1_3_1_top202.clonotypes.IGHA	202	202	29	29	10521	12992	2316	2250	1.0000000000000007	0.9999999999999969	0.22013116623895074	0.17318349753694584	-0.01400618661028918	0.4159270343375389	7.107146E-4	0.1952513387563536	0.16654280283296313	0.14312152693895483	0.0857603025715786	0.2900285785458631	0.03812071415008675	0.0773333333	0.36648524592314796	.	.
col_ccp2_LN_bulk_3_1_1_top202.clonotypes.IGHA	col_ccp2_tum_PCsort_1_1_1_top202.clonotypes.IGHA	202	202	28	28	10521	12239	1393	2638	1.0000000000000007	1.0	0.1324018629407851	0.21554048533376907	0.6296014312821882	0.2615427973559508	6.862072E-4	0.1689318258865155	0.15668851198320305	0.17633607560435544	0.11218267092850641	0.34741562306625323	0.09828804767368682	0.0744680851	0.6203212867140142	.	.
col_ccp2_LN_bulk_3_1_1_top202.clonotypes.IGHA	col_ccp2_tum_PCsort_1_2_1_top202.clonotypes.IGHA	202	202	18	18	10521	11089	1660	1549	1.0000000000000007	0.9999999999999996	0.1577796787377626	0.13968797907836597	0.0850640410607325	0.051813582783190724	4.411332E-4	0.14845849407329945	0.11472089850693631	0.1447981628493486	0.08643502650027714	0.3322404773400295	0.059986739303746844	0.0466321244	0.3395410035618044	.	.
col_ccp2_LN_bulk_3_1_1_top202.clonotypes.IGHA	col_ccp2_tum_PCsort_1_3_1_top202.clonotypes.IGHA	202	202	21	21	10521	7362	1903	1382	1.0000000000000007	0.9999999999999987	0.1808763425529893	0.18772072806302637	0.014470712690075391	0.309895899008842	5.146554E-4	0.1842667596541072	0.14769506878248	0.20104599059756148	0.11171132561471145	0.38975701088171794	0.08313801804322647	0.0548302872	0.3388664312084139	.	.
col_ccp2_LN_PCsort_1_1_1_top202.clonotypes.IGHA	col_ccp2_LN_PCsort_2_1_1_top202.clonotypes.IGHA	202	202	37	37	25886	1399	6722	429	1.0000000000000007	0.9999999999999981	0.259677045507224	0.30664760543245173	0.2471843049690783	0.20477374364782325	9.067738E-4	0.2821867186643695	0.21974077689267493	0.19320008047574808	0.14212231927153107	0.4356274935251281	0.17444628489002864	0.1008174387	0.4705282454532999	.	.
col_ccp2_LN_PCsort_1_1_1_top202.clonotypes.IGHA	col_ccp2_LN_PCsort_3_1_1_top202.clonotypes.IGHA	202	202	37	37	25886	3784	12895	1833	1.0000000000000007	1.000000000000001	0.49814571583095113	0.4844080338266385	0.32283135124049434	0.3920434631604507	9.067738E-4	0.49122885375844366	0.3958264308169013	0.20595547554739618	0.1391629590054337	0.3555601613085502	0.10117857126493537	0.1008174387	0.4188083511979233	.	.
col_ccp2_LN_PCsort_1_1_1_top202.clonotypes.IGHA	col_ccp2_PBMC_bulk_1_1_1_top202.clonotypes.IGHA	202	202	35	35	25886	29006	10490	5477	1.0000000000000007	1.0000000000000009	0.4052383527775632	0.18882300213748882	-0.024365949422439866	0.03593191855840705	8.57759E-4	0.2766194540387756	0.184791706916113	0.19249388439010848	0.14722908589832934	0.4079935346276478	0.14161442028593602	0.0948509485	0.1519111913903349	.	.
col_ccp2_LN_PCsort_1_1_1_top202.clonotypes.IGHA	col_ccp2_PBMC_bulk_1_1_2_top202.clonotypes.IGHA	202	202	27	27	25886	17975	5686	3231	1.0000000000000007	1.0000000000000007	0.21965541219191845	0.17974965229485393	0.16290549201051469	0.026866127621819943	6.616998E-4	0.1987032560532921	0.15565575151353578	0.20004415344133297	0.14998497874556657	0.4059940054432901	0.11242105700493682	0.0716180371	0.47358995078784766	.	.
col_ccp2_LN_PCsort_1_1_1_top202.clonotypes.IGHA	col_ccp2_PBMC_PCsort_1_1_2_top202.clonotypes.IGHA	202	202	29	29	25886	26493	9144	5238	1.0000000000000007	0.9999999999999986	0.3532411342038168	0.19771260332918134	0.04223330247612707	1.232741955315917E-4	7.107146E-4	0.2642730108172027	0.17492930222016262	0.21381383455989092	0.1487602579125839	0.44625306291241323	0.1342875606016402	0.0773333333	0.19430917225799033	.	.
col_ccp2_LN_PCsort_1_1_1_top202.clonotypes.IGHA	col_ccp2_tum_bulk_1_1_1_top202.clonotypes.IGHA	202	202	16	16	25886	18015	4840	2866	1.0000000000000007	1.0000000000000007	0.18697365371243146	0.15908964751595894	0.18726032728790945	0.20294117647058824	3.921184E-4	0.1724690484228451	0.15211072050010235	0.15120482822125758	0.11781646943705608	0.3703131209446991	0.057479301256454694	0.0412371134	0.6741912657756655	.	.
col_ccp2_LN_PCsort_1_1_1_top202.clonotypes.IGHA	col_ccp2_tum_bulk_1_2_1_top202.clonotypes.IGHA	202	202	16	16	25886	22623	4141	2309	1.0000000000000007	0.9999999999999988	0.1599706405006567	0.10206427087477346	0.5700102902449609	0.5058823529411763	3.921184E-4	0.1277782719560334	0.11679600711849053	0.18066492657902097	0.12121052061626979	0.3604512995160104	0.051402948572888095	0.0412371134	0.6833152635954258	.	.
col_ccp2_LN_PCsort_1_1_1_top202.clonotypes.IGHA	col_ccp2_tum_bulk_1_3_1_top202.clonotypes.IGHA	202	202	14	14	25886	12992	5739	1015	1.0000000000000007	0.9999999999999969	0.22170285096190992	0.078125	-0.19847697953545404	-0.30363054676958484	3.431036E-4	0.13160750446459812	0.11694420635040333	0.1805265965507516	0.12433097608622634	0.3709900112623663	0.052864787480525276	0.0358974359	0.38003214326010337	.	.
col_ccp2_LN_PCsort_1_1_1_top202.clonotypes.IGHA	col_ccp2_tum_PCsort_1_1_1_top202.clonotypes.IGHA	202	202	12	12	25886	12239	3574	1437	1.0000000000000007	1.0	0.13806690875376654	0.11741155323147313	0.1785767468153136	0.08391608391608421	2.940888E-4	0.12732105170256725	0.10992884968744927	0.21299414180266166	0.1639548400918463	0.4162094990664308	0.1055878586862593	0.0306122449	0.6353321065166384	.	.
col_ccp2_LN_PCsort_1_1_1_top202.clonotypes.IGHA	col_ccp2_tum_PCsort_1_2_1_top202.clonotypes.IGHA	202	202	11	11	25886	11089	4120	1198	1.0000000000000007	0.9999999999999996	0.15915939117669783	0.10803498962936244	0.02888809401227271	-0.27272727272727254	2.695814E-4	0.13112888001958298	0.09779110716112652	0.16845450730822556	0.12574790129505908	0.416004624375383	0.09466553150700341	0.0279898219	0.4032323118488925	.	.
col_ccp2_LN_PCsort_1_1_1_top202.clonotypes.IGHA	col_ccp2_tum_PCsort_1_3_1_top202.clonotypes.IGHA	202	202	10	10	25886	7362	4506	477	1.0000000000000007	0.9999999999999987	0.17407092636946617	0.06479217603911981	0.3263308713755626	0.5227987675648555	2.45074E-4	0.10619997224398467	0.0969101776634988	0.22191952760639452	0.14523865982409648	0.44745032821368164	0.08266458083055438	0.0253807107	0.48266685144950733	.	.
col_ccp2_LN_PCsort_2_1_1_top202.clonotypes.IGHA	col_ccp2_LN_PCsort_3_1_1_top202.clonotypes.IGHA	202	202	52	52	1399	3784	494	1790	0.9999999999999981	1.000000000000001	0.3531093638313078	0.47304439746300214	0.17837721090818354	0.27320420819391167	0.0012743849	0.4087008762556364	0.3116864739399097	0.2216023561769563	0.14960824474997148	0.34624891058487606	0.19902442819650473	0.1477272727	0.203369562827668	.	.
col_ccp2_LN_PCsort_2_1_1_top202.clonotypes.IGHA	col_ccp2_PBMC_bulk_1_1_1_top202.clonotypes.IGHA	202	202	57	57	1399	29006	527	9587	0.9999999999999981	1.0000000000000009	0.37669764117226584	0.33051782389850376	0.5009806536135704	0.34207815141296377	0.0013969219	0.35285306379278714	0.31501889904301916	0.22328389946707933	0.11649130017786125	0.3302794535779656	0.10834204806660112	0.1642651297	0.6862277094590951	.	.
col_ccp2_LN_PCsort_2_1_1_top202.clonotypes.IGHA	col_ccp2_PBMC_bulk_1_1_2_top202.clonotypes.IGHA	202	202	54	54	1399	17975	476	5787	0.9999999999999981	1.0000000000000007	0.34024303073624007	0.3219471488178025	0.6760583390633497	0.3050436389966929	0.0013233997	0.33096868983434136	0.30501853229296366	0.18412379583069896	0.09461942863600169	0.29461037310378196	0.0904634015944899	0.1542857143	0.7687691925322315	.	.
col_ccp2_LN_PCsort_2_1_1_top202.clonotypes.IGHA	col_ccp2_PBMC_PCsort_1_1_2_top202.clonotypes.IGHA	202	202	48	48	1399	26493	443	8336	0.9999999999999981	0.9999999999999986	0.31665475339528226	0.3146491526063488	0.4444371284219596	0.31035583163301994	0.0011763553	0.3156503600894476	0.2797005709765626	0.26066314893075637	0.13258372097910096	0.3648298473021435	0.13374550091745	0.1348314607	0.6592355835921224	.	.
col_ccp2_LN_PCsort_2_1_1_top202.clonotypes.IGHA	col_ccp2_tum_bulk_1_1_1_top202.clonotypes.IGHA	202	202	10	10	1399	18015	152	1585	0.9999999999999981	1.0000000000000007	0.10864903502501787	0.08798223702470163	0.4483081537963633	-0.18961042621620658	2.45074E-4	0.09777108546025369	0.07987677829295559	0.22955082411511696	0.12401956079230286	0.39071694852313016	0.18651476456414925	0.0253807107	0.5921872202894048	.	.
col_ccp2_LN_PCsort_2_1_1_top202.clonotypes.IGHA	col_ccp2_tum_bulk_1_2_1_top202.clonotypes.IGHA	202	202	14	14	1399	22623	117	2048	0.9999999999999981	0.9999999999999988	0.08363116511794139	0.09052733943332009	-0.051659104946500896	0.5545807217227359	3.431036E-4	0.08701095834339441	0.06972083375449863	0.22314908951278928	0.12192888668946958	0.3903169615498539	0.1866248271438469	0.0358974359	0.3949334899885219	.	.
col_ccp2_LN_PCsort_2_1_1_top202.clonotypes.IGHA	col_ccp2_tum_bulk_1_3_1_top202.clonotypes.IGHA	202	202	10	10	1399	12992	132	610	0.9999999999999981	0.9999999999999969	0.09435310936383132	0.04695197044334976	0.10747986278970054	0.42945593473551436	2.45074E-4	0.06655872896990113	0.05471319410728636	0.2545857709320719	0.1360801905376572	0.4177840102551707	0.18178386268083493	0.0253807107	0.2601970489121537	.	.
col_ccp2_LN_PCsort_2_1_1_top202.clonotypes.IGHA	col_ccp2_tum_PCsort_1_1_1_top202.clonotypes.IGHA	202	202	12	12	1399	12239	203	1057	0.9999999999999981	1.0	0.1451036454610436	0.08636326497262849	-0.08883689990775416	0.14815390871806894	2.940888E-4	0.11194473896278667	0.08063764777839659	0.3095214975877168	0.17583426864100385	0.45517238310843017	0.23383795922821188	0.0306122449	0.2653853820038834	.	.
col_ccp2_LN_PCsort_2_1_1_top202.clonotypes.IGHA	col_ccp2_tum_PCsort_1_2_1_top202.clonotypes.IGHA	202	202	13	13	1399	11089	160	1401	0.9999999999999981	0.9999999999999996	0.1143674052894925	0.12634141942465507	-0.11276221931355437	0.12083519808843356	3.185962E-4	0.12020540886411596	0.08075398994431245	0.245259367662545	0.13699908766185828	0.425285446544951	0.18368168274706362	0.0332480818	0.20493900481643265	.	.
col_ccp2_LN_PCsort_2_1_1_top202.clonotypes.IGHA	col_ccp2_tum_PCsort_1_3_1_top202.clonotypes.IGHA	202	202	5	5	1399	7362	53	378	0.9999999999999981	0.9999999999999987	0.03788420300214439	0.05134474327628362	-0.4730025623976718	-0.39999999999999997	1.22537E-4	0.044103907733575226	0.03684797332753143	0.2793585089430474	0.1614746209357115	0.4670812237568632	0.24008516819343495	0.0125313283	0.5142740833253786	.	.
col_ccp2_LN_PCsort_3_1_1_top202.clonotypes.IGHA	col_ccp2_PBMC_bulk_1_1_1_top202.clonotypes.IGHA	202	202	42	42	3784	29006	1770	7473	1.000000000000001	1.0000000000000009	0.4677589852008457	0.25763635109977256	0.3059188303545554	0.31683500297077194	0.0010293109	0.3471479772968271	0.2711646888731661	0.21048007965578847	0.16233101056407453	0.4129374878662102	0.14683514170356948	0.1160220994	0.20318067263147577	.	.
col_ccp2_LN_PCsort_3_1_1_top202.clonotypes.IGHA	col_ccp2_PBMC_bulk_1_1_2_top202.clonotypes.IGHA	202	202	37	37	3784	17975	1551	4384	1.000000000000001	1.0000000000000007	0.40988372093023256	0.24389429763560502	0.24486606312526413	0.3993945515881605	9.067738E-4	0.3161776434673195	0.24439263699422373	0.21067416441273223	0.15874407472557334	0.38705004497182405	0.10713453219054117	0.1008174387	0.18193379723923664	.	.
col_ccp2_LN_PCsort_3_1_1_top202.clonotypes.IGHA	col_ccp2_PBMC_PCsort_1_1_2_top202.clonotypes.IGHA	202	202	40	40	3784	26493	1932	6985	1.000000000000001	0.9999999999999986	0.5105708245243128	0.26365455025855883	0.5769310071418795	0.3166732509097955	9.80296E-4	0.366898243543219	0.302551398337221	0.16713013946180752	0.12657908672237658	0.3693931637665646	0.13985060459393286	0.1098901099	0.32975449040235616	.	.
col_ccp2_LN_PCsort_3_1_1_top202.clonotypes.IGHA	col_ccp2_tum_bulk_1_1_1_top202.clonotypes.IGHA	202	202	15	15	3784	18015	334	2548	1.000000000000001	1.0000000000000007	0.08826638477801267	0.1414376908132112	0.32739680087782713	-0.1772611585712881	3.67611E-4	0.11173268832097653	0.09585499931833501	0.2878255904232475	0.1850776987133089	0.42125551450200294	0.13184075678748317	0.0385604113	0.6244396162600512	.	.
col_ccp2_LN_PCsort_3_1_1_top202.clonotypes.IGHA	col_ccp2_tum_bulk_1_2_1_top202.clonotypes.IGHA	202	202	12	12	3784	22623	189	2195	1.000000000000001	0.9999999999999988	0.04994714587737844	0.09702515139459843	0.2046655371904459	-0.08803035190049992	2.940888E-4	0.06961414648245524	0.061853172476260196	0.28103957454965656	0.16880048896386785	0.41554465624311504	0.1125329817278612	0.0306122449	0.5810133223426163	.	.
col_ccp2_LN_PCsort_3_1_1_top202.clonotypes.IGHA	col_ccp2_tum_bulk_1_3_1_top202.clonotypes.IGHA	202	202	19	19	3784	12992	1456	1141	1.000000000000001	0.9999999999999969	0.3847780126849895	0.08782327586206895	0.02227825250190587	-0.047640057568279666	4.656406E-4	0.1838272709738479	0.13135124552059121	0.30884307396832095	0.18631216497507613	0.44751468261954225	0.12679160823927202	0.0493506494	0.0735382053532104	.	.
col_ccp2_LN_PCsort_3_1_1_top202.clonotypes.IGHA	col_ccp2_tum_PCsort_1_1_1_top202.clonotypes.IGHA	202	202	17	17	3784	12239	322	2360	1.000000000000001	1.0	0.08509513742071881	0.1928262112917722	-0.1553171329047851	-0.3236923689831762	4.166258E-4	0.12809595211477182	0.08740783824630584	0.3047068496589303	0.18576360525929367	0.4411523601040348	0.15328193830283407	0.0439276486	0.1219256030220649	.	.
col_ccp2_LN_PCsort_3_1_1_top202.clonotypes.IGHA	col_ccp2_tum_PCsort_1_2_1_top202.clonotypes.IGHA	202	202	18	18	3784	11089	1144	1814	1.000000000000001	0.9999999999999996	0.30232558139534893	0.16358553521507802	-0.1418311841302392	-0.34133143832171575	4.411332E-4	0.22238725692307054	0.10276487883010844	0.26189123740820786	0.14846789368839405	0.4192565549222196	0.13798428692414613	0.0466321244	0.03775877832394834	.	.
col_ccp2_LN_PCsort_3_1_1_top202.clonotypes.IGHA	col_ccp2_tum_PCsort_1_3_1_top202.clonotypes.IGHA	202	202	14	14	3784	7362	1096	757	1.000000000000001	0.9999999999999987	0.2896405919661734	0.10282531920673732	-0.0074840806179891145	0.0896017699115046	3.431036E-4	0.17257574083326468	0.10600744849724048	0.2773858862101848	0.15985742281394655	0.48030470965447913	0.1758381262361294	0.0358974359	0.0876247995458775	.	.
col_ccp2_PBMC_bulk_1_1_1_top202.clonotypes.IGHA	col_ccp2_PBMC_bulk_1_1_2_top202.clonotypes.IGHA	202	202	104	104	29006	17975	23300	13547	1.0000000000000009	1.0000000000000007	0.8032820795697446	0.7536578581363008	0.9493715530572908	0.6932726142773142	0.0025487697	0.7780744511727701	0.7590153194292267	0.028725753607584607	0.015402143519029165	0.07981283523952062	0.01239238644292118	0.3466666667	0.9230917221628758	.	.
col_ccp2_PBMC_bulk_1_1_1_top202.clonotypes.IGHA	col_ccp2_PBMC_PCsort_1_1_2_top202.clonotypes.IGHA	202	202	108	108	29006	26493	23537	21401	1.0000000000000009	0.9999999999999986	0.8114528028683722	0.8077982863397875	0.9582328860000281	0.6763460869367242	0.0026467993	0.8096234826156468	0.7890635164991371	0.03476922186404609	0.021118794226702473	0.08565479107427618	0.00923059840249297	0.3648648649	0.966007064436714	.	.
col_ccp2_PBMC_bulk_1_1_1_top202.clonotypes.IGHA	col_ccp2_tum_bulk_1_1_1_top202.clonotypes.IGHA	202	202	9	9	29006	18015	2288	1124	1.0000000000000009	1.0000000000000007	0.07888023167620492	0.0623924507354982	0.44271051092247876	0.01666666666666619	2.205666E-4	0.07015362406078748	0.060837643344729825	0.1564371500686041	0.09051271316194187	0.34875639975890094	0.1180064833778315	0.0227848101	0.7058445951970972	.	.
col_ccp2_PBMC_bulk_1_1_1_top202.clonotypes.IGHA	col_ccp2_tum_bulk_1_2_1_top202.clonotypes.IGHA	202	202	11	11	29006	22623	1311	1090	1.0000000000000009	0.9999999999999988	0.045197545335447835	0.048181054678866644	0.002378465317364382	0.4100238428203845	2.695814E-4	0.04666546263734847	0.03966677934447289	0.18344377654670796	0.10789404326209068	0.3941561833100118	0.1083979519771339	0.0279898219	0.4444871573671289	.	.
col_ccp2_PBMC_bulk_1_1_1_top202.clonotypes.IGHA	col_ccp2_tum_bulk_1_3_1_top202.clonotypes.IGHA	202	202	11	11	29006	12992	2767	631	1.0000000000000009	0.9999999999999969	0.09539405640212369	0.04856834975369459	-0.013691163073012947	-0.12785388127853886	2.695814E-4	0.06806711317341152	0.06176103667343928	0.2002900527551173	0.1187878110304705	0.4115919595262585	0.11606696439078329	0.0279898219	0.5238916701837717	.	.
col_ccp2_PBMC_bulk_1_1_1_top202.clonotypes.IGHA	col_ccp2_tum_PCsort_1_1_1_top202.clonotypes.IGHA	202	202	9	9	29006	12239	1898	501	1.0000000000000009	1.0	0.06543473764048817	0.0409347168886347	0.2755127820234088	0.2761530448893885	2.205666E-4	0.051754733696498446	0.04522347381864535	0.21553246955868363	0.13153164111846946	0.3991481432065391	0.18130004180182396	0.0227848101	0.48090547575710824	.	.
col_ccp2_PBMC_bulk_1_1_1_top202.clonotypes.IGHA	col_ccp2_tum_PCsort_1_2_1_top202.clonotypes.IGHA	202	202	11	11	29006	11089	2740	533	1.0000000000000009	0.9999999999999996	0.0944632145073433	0.04806565064478312	0.19506852239417705	0.16363636363636344	2.695814E-4	0.06738275645365935	0.05905639222430998	0.22613633184508267	0.13421762898189332	0.4207850339219541	0.12342711116896025	0.0279898219	0.49209238559720875	.	.
col_ccp2_PBMC_bulk_1_1_1_top202.clonotypes.IGHA	col_ccp2_tum_PCsort_1_3_1_top202.clonotypes.IGHA	202	202	7	7	29006	7362	4897	267	1.0000000000000009	0.9999999999999987	0.16882713921257675	0.036267318663406684	0.2402884442488105	0.3214285714285714	1.715518E-4	0.07824901058067024	0.06267314380888347	0.2617120359919284	0.16214235552932132	0.4772453073494325	0.18068725729064358	0.0176322418	0.1385116079679665	.	.
col_ccp2_PBMC_bulk_1_1_2_top202.clonotypes.IGHA	col_ccp2_PBMC_PCsort_1_1_2_top202.clonotypes.IGHA	202	202	90	90	17975	26493	12486	19603	1.0000000000000007	0.9999999999999986	0.6946314325452019	0.7399313026082358	0.9132526800314906	0.6281020010620778	0.0022056661	0.7169236644969924	0.6894755419368898	0.06243053577053634	0.03261988039031906	0.12174511577435726	0.018500036160178004	0.2866242038	0.8804558519520459	.	.
col_ccp2_PBMC_bulk_1_1_2_top202.clonotypes.IGHA	col_ccp2_tum_bulk_1_1_1_top202.clonotypes.IGHA	202	202	5	5	17975	18015	995	717	1.0000000000000007	1.0000000000000007	0.05535465924895688	0.03980016652789342	0.8848378882667424	0.30000000000000004	1.22537E-4	0.046937454726511105	0.0447158866697163	0.14320731968418263	0.07939100824295145	0.3329062720920735	0.09270851924771298	0.0125313283	0.8933297487399313	.	.
col_ccp2_PBMC_bulk_1_1_2_top202.clonotypes.IGHA	col_ccp2_tum_bulk_1_2_1_top202.clonotypes.IGHA	202	202	7	7	17975	22623	518	742	1.0000000000000007	0.9999999999999988	0.028817802503477048	0.032798479423595456	-0.11720757506463636	0.2142857142857142	1.715518E-4	0.030743781524782042	0.02748932451150839	0.15769750267626395	0.09056890881467773	0.3540205206770121	0.07413585594720097	0.0176322418	0.588431393744886	.	.
col_ccp2_PBMC_bulk_1_1_2_top202.clonotypes.IGHA	col_ccp2_tum_bulk_1_3_1_top202.clonotypes.IGHA	202	202	10	10	17975	12992	1610	522	1.0000000000000007	0.9999999999999969	0.08956884561891515	0.04017857142857143	0.24981970877327378	0.15197638592001603	2.45074E-4	0.05998956793871973	0.05495328240894991	0.19945330652010218	0.11199201123760426	0.38366574124405484	0.07759132728220614	0.0253807107	0.45041377602758437	.	.
col_ccp2_PBMC_bulk_1_1_2_top202.clonotypes.IGHA	col_ccp2_tum_PCsort_1_1_1_top202.clonotypes.IGHA	202	202	4	4	17975	12239	894	255	1.0000000000000007	1.0	0.049735744089012525	0.020835035542119452	0.25399066032115175	-0.2000000000000001	9.80296E-5	0.03219077501099241	0.029340778270599666	0.2097907911288198	0.12651613992340216	0.37828903814460807	0.13540235347968574	0.01	0.44067095944018786	.	.
col_ccp2_PBMC_bulk_1_1_2_top202.clonotypes.IGHA	col_ccp2_tum_PCsort_1_2_1_top202.clonotypes.IGHA	202	202	8	8	17975	11089	1472	344	1.0000000000000007	0.9999999999999996	0.08189151599443674	0.031021733249165843	-0.004511065941429897	0.1666666666666665	1.960592E-4	0.05040254720298583	0.04498497986766953	0.20806282455933173	0.122545671392129	0.38924296052070223	0.08580799456134784	0.0202020202	0.3811075562666242	.	.
col_ccp2_PBMC_bulk_1_1_2_top202.clonotypes.IGHA	col_ccp2_tum_PCsort_1_3_1_top202.clonotypes.IGHA	202	202	7	7	17975	7362	2006	264	1.0000000000000007	0.9999999999999987	0.11159944367176636	0.0358598207008965	0.24524082297956665	0.30631873731649	1.715518E-4	0.06326085709496308	0.052228523993799104	0.26772669240648805	0.15934139102840256	0.46372841984109775	0.13317058556584144	0.0176322418	0.20790454622205667	.	.
col_ccp2_PBMC_PCsort_1_1_2_top202.clonotypes.IGHA	col_ccp2_tum_bulk_1_1_1_top202.clonotypes.IGHA	202	202	7	7	26493	18015	2056	957	0.9999999999999986	1.0000000000000007	0.07760540520137396	0.05312239800166527	0.26306771669492507	-0.25	1.715518E-4	0.06420736112150921	0.053337604559618064	0.19661537822727876	0.10260389892806945	0.3811667051153036	0.1045439501395246	0.0176322418	0.6446747370988508	.	.
col_ccp2_PBMC_PCsort_1_1_2_top202.clonotypes.IGHA	col_ccp2_tum_bulk_1_2_1_top202.clonotypes.IGHA	202	202	6	6	26493	22623	998	705	0.9999999999999986	0.9999999999999988	0.03767032801117277	0.03116297573266145	-0.1435891564439193	-0.3142857142857142	1.470444E-4	0.03426250892234213	0.026741314408742042	0.20867028514383734	0.11096173731084631	0.4101318805087493	0.09743410635650764	0.0150753769	0.36946615610155853	.	.
col_ccp2_PBMC_PCsort_1_1_2_top202.clonotypes.IGHA	col_ccp2_tum_bulk_1_3_1_top202.clonotypes.IGHA	202	202	11	11	26493	12992	2670	564	0.9999999999999986	0.9999999999999969	0.10078133846676479	0.043411330049261086	0.4321712460154704	0.21918036718906705	2.695814E-4	0.06614417545776059	0.05913214019213677	0.23919738035375598	0.12645249198561198	0.44932771083018236	0.10273460037339914	0.0279898219	0.41532693623358957	.	.
col_ccp2_PBMC_PCsort_1_1_2_top202.clonotypes.IGHA	col_ccp2_tum_PCsort_1_1_1_top202.clonotypes.IGHA	202	202	5	5	26493	12239	1579	312	0.9999999999999986	1.0	0.05960064922809799	0.02549227878094615	-0.036353759206360546	-0.09999999999999983	1.22537E-4	0.03897892206883173	0.03341889255829271	0.22065983361465033	0.12662310581082428	0.41636485721232913	0.16207082452997448	0.0125313283	0.4339683021491466	.	.
col_ccp2_PBMC_PCsort_1_1_2_top202.clonotypes.IGHA	col_ccp2_tum_PCsort_1_2_1_top202.clonotypes.IGHA	202	202	9	9	26493	11089	2767	398	0.9999999999999986	0.9999999999999996	0.10444268297286075	0.03589142393362792	0.17686977038669402	-0.14226065948847297	2.205666E-4	0.06122578387692923	0.05258218266077799	0.23122585503548915	0.12875977102974748	0.4188687729360317	0.11853022546346269	0.0227848101	0.36126225360478414	.	.
col_ccp2_PBMC_PCsort_1_1_2_top202.clonotypes.IGHA	col_ccp2_tum_PCsort_1_3_1_top202.clonotypes.IGHA	202	202	8	8	26493	7362	5386	294	0.9999999999999986	0.9999999999999987	0.20329898463745139	0.03993480032599837	0.3236038290932636	0.2142857142857144	1.960592E-4	0.0901038531805096	0.07104144694333714	0.26984418690098433	0.15227790561787236	0.4982601314942981	0.1639750637125993	0.0202020202	0.12663969670625044	.	.
col_ccp2_tum_bulk_1_1_1_top202.clonotypes.IGHA	col_ccp2_tum_bulk_1_2_1_top202.clonotypes.IGHA	202	202	83	83	18015	22623	10261	12725	1.0000000000000007	0.9999999999999988	0.5695809048015543	0.5624806612739248	0.5388163679814642	0.40170159637035746	0.0020341143	0.5660196498194906	0.5376573646909564	0.037356648270703646	0.020536014612463727	0.1186285189341246	0.032008972503430426	0.2585669782	0.8163767367360798	.	.
col_ccp2_tum_bulk_1_1_1_top202.clonotypes.IGHA	col_ccp2_tum_bulk_1_3_1_top202.clonotypes.IGHA	202	202	68	68	18015	12992	9180	5412	1.0000000000000007	0.9999999999999969	0.5095753538717734	0.41656403940886705	0.15568192122983476	0.19384841634753222	0.0016665033	0.4607285185356218	0.4203659721970369	0.0595430788430178	0.033823122695725745	0.16983286029402947	0.03769507067108139	0.2023809524	0.6678452565909789	.	.
col_ccp2_tum_bulk_1_1_1_top202.clonotypes.IGHA	col_ccp2_tum_PCsort_1_1_1_top202.clonotypes.IGHA	202	202	86	86	18015	12239	11345	7858	1.0000000000000007	1.0	0.6297529836247572	0.6420459187842148	0.4990339888048411	0.5306738805251322	0.0021076365	0.6358697452925857	0.5881572707335605	0.09045838645266448	0.0578222727317346	0.16437463561566268	0.04299840676597038	0.2704402516	0.6721296333028042	.	.
col_ccp2_tum_bulk_1_1_1_top202.clonotypes.IGHA	col_ccp2_tum_PCsort_1_2_1_top202.clonotypes.IGHA	202	202	57	57	18015	11089	8081	4967	1.0000000000000007	0.9999999999999996	0.44857063558145993	0.4479213635133918	0.42161141364998855	0.3618643396592182	0.0013969219	0.44824588199080684	0.4035627145731727	0.08746128316919537	0.05349783198538193	0.2145869905097205	0.04262160501403285	0.1642651297	0.6542650257119973	.	.
col_ccp2_tum_bulk_1_1_1_top202.clonotypes.IGHA	col_ccp2_tum_PCsort_1_3_1_top202.clonotypes.IGHA	202	202	44	44	18015	7362	6169	2616	1.0000000000000007	0.9999999999999987	0.3424368581737441	0.35533822330888337	0.27267699370230214	0.3784710218710039	0.0010783257	0.3488279013767882	0.3120362676766211	0.14589466284646646	0.08027016414071951	0.28531718081701074	0.06456813634960773	0.1222222222	0.6124888096506464	.	.
col_ccp2_tum_bulk_1_2_1_top202.clonotypes.IGHA	col_ccp2_tum_bulk_1_3_1_top202.clonotypes.IGHA	202	202	69	69	22623	12992	9949	5122	0.9999999999999988	0.9999999999999969	0.4397736816514167	0.3942426108374384	0.11369609941448265	0.20997752077250562	0.0016910107	0.4163862683036594	0.38594366871341534	0.09479090915153435	0.04999914734135577	0.21138274398772722	0.019963758887863493	0.2059701493	0.7138600859456486	.	.
col_ccp2_tum_bulk_1_2_1_top202.clonotypes.IGHA	col_ccp2_tum_PCsort_1_1_1_top202.clonotypes.IGHA	202	202	64	64	22623	12239	10230	5828	0.9999999999999988	1.0	0.45219466914202355	0.47618269466459684	0.24426483253934755	0.3499805450434499	0.0015684737	0.4640337014323578	0.4065222795076419	0.11179766391698825	0.06966506142205689	0.2274570763855635	0.04748763774625477	0.1882352941	0.4950180136283969	.	.
col_ccp2_tum_bulk_1_2_1_top202.clonotypes.IGHA	col_ccp2_tum_PCsort_1_2_1_top202.clonotypes.IGHA	202	202	72	72	22623	11089	12974	6701	0.9999999999999988	0.9999999999999996	0.5734871590858861	0.6042925421588963	0.6862017590074753	0.5257494062911474	0.0017645329	0.5886883838326467	0.5563328115084636	0.08596134607598012	0.0497539610557869	0.1636195733600189	0.026601700711214676	0.2168674699	0.8036569205734048	.	.
col_ccp2_tum_bulk_1_2_1_top202.clonotypes.IGHA	col_ccp2_tum_PCsort_1_3_1_top202.clonotypes.IGHA	202	202	47	47	22623	7362	6607	2988	0.9999999999999988	0.9999999999999987	0.2920479158378641	0.4058679706601467	0.22184668102710975	0.4284187362032411	0.0011518479	0.3442860655568843	0.30237896697235356	0.17716860450598615	0.09177927618297538	0.31575486299678973	0.03660069463483802	0.1316526611	0.4551878631718197	.	.
col_ccp2_tum_bulk_1_3_1_top202.clonotypes.IGHA	col_ccp2_tum_PCsort_1_1_1_top202.clonotypes.IGHA	202	202	45	45	12992	12239	3508	5023	0.9999999999999969	1.0	0.2700123152709359	0.4104093471688862	0.19383432631246064	0.17522579286585008	0.0011028331	0.3328897385590374	0.29127519148434183	0.14107582670320137	0.092719432804166	0.2645775059708971	0.060571382311790836	0.1253481894	0.39565434313635484	.	.
col_ccp2_tum_bulk_1_3_1_top202.clonotypes.IGHA	col_ccp2_tum_PCsort_1_2_1_top202.clonotypes.IGHA	202	202	44	44	12992	11089	3295	3785	0.9999999999999969	0.9999999999999996	0.2536176108374384	0.34132924519794394	0.16194909246970987	0.0858785358699867	0.0010783257	0.2942228877501693	0.26319727335697934	0.1561871272285234	0.09160395780229498	0.2924881369254172	0.04163636711541418	0.1222222222	0.49673470317830815	.	.
col_ccp2_tum_bulk_1_3_1_top202.clonotypes.IGHA	col_ccp2_tum_PCsort_1_3_1_top202.clonotypes.IGHA	202	202	76	76	12992	7362	6424	4221	0.9999999999999969	0.9999999999999987	0.49445812807881784	0.5733496332518336	0.4983388364109416	0.4472264025912705	0.0018625625	0.5324447261381958	0.4932655894270234	0.13728007111725715	0.07622173088329155	0.2192589098810155	0.039050620783366276	0.2317073171	0.6459503921425533	.	.
col_ccp2_tum_PCsort_1_1_1_top202.clonotypes.IGHA	col_ccp2_tum_PCsort_1_2_1_top202.clonotypes.IGHA	202	202	54	54	12239	11089	5557	4966	1.0	0.9999999999999996	0.4540403627747366	0.4478311840562721	0.5749047575478633	0.23617287023818895	0.0013233997	0.4509250860960716	0.40641940668059967	0.06625552198206171	0.03763991179579345	0.20421042035673656	0.027549968321046708	0.1542857143	0.7110045204379162	.	.
col_ccp2_tum_PCsort_1_1_1_top202.clonotypes.IGHA	col_ccp2_tum_PCsort_1_3_1_top202.clonotypes.IGHA	202	202	41	41	12239	7362	4946	2110	1.0	0.9999999999999987	0.4041179834953836	0.28660690029883185	0.7481658575269481	0.1805023110977395	0.0010048035	0.34032778700045396	0.31629194330726174	0.09754309414592262	0.06182022990400249	0.2618096637839465	0.04003200140044472	0.1129476584	0.692716180461437	.	.
col_ccp2_tum_PCsort_1_2_1_top202.clonotypes.IGHA	col_ccp2_tum_PCsort_1_3_1_top202.clonotypes.IGHA	202	202	32	32	11089	7362	3062	2424	0.9999999999999996	0.9999999999999987	0.27612949770042394	0.3292583537082314	0.2895955305521945	0.4716947481721902	7.842368E-4	0.30152602511743903	0.26004561706855134	0.12585807098541532	0.06898643971328557	0.3133604014129905	0.037044175772826635	0.0860215054	0.5234141296431118	.	.
