1_sample_id	2_sample_id	div1	div2	div12	div21	count1	count2	count12	count21	freq1	freq2	freq12	freq21	R	Rs	D	F	F2	vJSD	vjJSD	vj2JSD	sJSD	Jaccard	MorisitaHorn	1_metadata_blank	2_metadata_blank
col_ccp2_LN_bulk_1_1_1_top301.clonotypes.IGH	col_ccp2_LN_bulk_2_1_1_top301.clonotypes.IGH	301	301	99	99	10236	2227	4695	850	0.9999999999999988	1.0000000000000027	0.45867526377491197	0.381679389312977	0.25593069250666856	0.24001667696758336	0.0010927032	0.41840995993233365	0.37685004106510983	0.12574366529123207	0.07083813567479527	0.24432310506618332	0.042174873745320175	0.1968190855	0.6559294428376335	.	.
col_ccp2_LN_bulk_1_1_1_top301.clonotypes.IGH	col_ccp2_LN_bulk_3_1_1_top301.clonotypes.IGH	301	301	76	76	10236	15252	3591	6478	0.9999999999999988	0.9999999999999997	0.35082063305978883	0.4247311827956988	0.4699018320087725	0.3554467098298402	8.388428E-4	0.3860109615394619	0.3421863873278199	0.07355365416668498	0.04385665307724359	0.2114887420998324	0.03040359362101436	0.144486692	0.6106632256910134	.	.
col_ccp2_LN_bulk_1_1_1_top301.clonotypes.IGH	col_ccp2_LN_PCsort_1_1_1_top301.clonotypes.IGH	301	301	59	59	10236	32418	2934	13644	0.9999999999999988	0.9999999999999999	0.28663540445486513	0.42087729039422533	0.3836439289904737	0.25350658312341684	6.512069E-4	0.34733029288850764	0.28590716918886877	0.12180804652964249	0.07987708573874751	0.30546443208729407	0.050721053626297787	0.1086556169	0.37595768206588726	.	.
col_ccp2_LN_bulk_1_1_1_top301.clonotypes.IGH	col_ccp2_LN_PCsort_2_1_1_top301.clonotypes.IGH	301	301	81	81	10236	2285	3873	938	0.9999999999999988	0.9999999999999997	0.3783704572098474	0.41050328227571126	0.37153548648315754	0.20531276582870792	8.940299E-4	0.39410952107352587	0.34933725968736606	0.11510005679144368	0.06837687584710746	0.2494347185804166	0.051950377217189515	0.1554702495	0.634925128482096	.	.
col_ccp2_LN_bulk_1_1_1_top301.clonotypes.IGH	col_ccp2_LN_PCsort_3_1_1_top301.clonotypes.IGH	301	301	158	158	10236	6270	7497	4673	0.9999999999999988	1.0000000000000013	0.7324150058616647	0.7452950558213721	0.7229796416968683	0.5782023470329355	0.0017439101	0.7388269639625235	0.6740530440131457	0.10752389820009954	0.06916674000908221	0.18728449508207	0.04510263949863999	0.3558558559	0.5713562676356847	.	.
col_ccp2_LN_bulk_1_1_1_top301.clonotypes.IGH	col_ccp2_PBMC_bulk_1_1_1_top301.clonotypes.IGH	301	301	70	70	10236	33060	3556	10159	0.9999999999999988	0.9999999999999993	0.3474013286440013	0.30728977616454917	0.46690110090988324	0.29078095265644494	7.726184E-4	0.32673058705649544	0.29754311088909996	0.108133373445775	0.06891116231565853	0.2974289080937432	0.05384881792650762	0.1315789474	0.7380196269241918	.	.
col_ccp2_LN_bulk_1_1_1_top301.clonotypes.IGH	col_ccp2_PBMC_bulk_1_1_2_top301.clonotypes.IGH	301	301	59	59	10236	21100	2887	5876	0.9999999999999988	0.9999999999999993	0.28204376709652207	0.2784834123222749	0.5416690476262708	0.2814657965598636	6.512069E-4	0.28025793598980997	0.2598351462548675	0.09262738892368483	0.05678612933260823	0.2733082455532887	0.034461478464736274	0.1086556169	0.7864684875895938	.	.
col_ccp2_LN_bulk_1_1_1_top301.clonotypes.IGH	col_ccp2_PBMC_PCsort_1_1_2_top301.clonotypes.IGH	301	301	55	55	10236	30792	3002	8653	0.9999999999999988	0.9999999999999999	0.2932786244626806	0.28101454923356717	0.5597673486188335	0.321071454853597	6.070573E-4	0.2870811043123891	0.26085001979833555	0.12821181399753961	0.07327314619920379	0.3055191200762544	0.06741195518887877	0.1005484461	0.7683490024980187	.	.
col_ccp2_LN_bulk_1_1_1_top301.clonotypes.IGH	col_ccp2_tum_bulk_1_1_1_top301.clonotypes.IGH	301	301	29	29	10236	24556	1258	3594	0.9999999999999988	0.9999999999999998	0.12289957014458772	0.14635934191236352	0.2798722079211329	0.22557147974729905	3.200848E-4	0.13411748658424158	0.11713181478179195	0.1387494948235789	0.07447981880110781	0.28129717077392546	0.05627519246026147	0.0506108202	0.5806616274174149	.	.
col_ccp2_LN_bulk_1_1_1_top301.clonotypes.IGH	col_ccp2_tum_bulk_1_2_1_top301.clonotypes.IGH	301	301	30	30	10236	32155	1239	5576	0.9999999999999988	0.9999999999999993	0.12104337631887455	0.17341004509407554	0.4320267851159842	0.11254737021751274	3.311222E-4	0.1448797340755262	0.1272475955508379	0.12591558679675272	0.06817935066012476	0.26750715063682745	0.06496916496625542	0.0524475524	0.5203686085509815	.	.
col_ccp2_LN_bulk_1_1_1_top301.clonotypes.IGH	col_ccp2_tum_bulk_1_3_1_top301.clonotypes.IGH	301	301	29	29	10236	17050	1970	1804	0.9999999999999988	0.9999999999999979	0.19245799140289174	0.10580645161290321	-0.07532049771370827	0.022181146194292095	3.200848E-4	0.14270002506967758	0.1254353368136657	0.1587855880567311	0.08807423959895344	0.3197286071861777	0.06923405430228584	0.0506108202	0.45970459560632804	.	.
col_ccp2_LN_bulk_1_1_1_top301.clonotypes.IGH	col_ccp2_tum_PCsort_1_1_1_top301.clonotypes.IGH	301	301	21	21	10236	18387	928	1750	0.9999999999999988	0.9999999999999986	0.09066041422430639	0.0951759395224887	-0.12275103734728066	-0.22753911072182853	2.317855E-4	0.09289074281808904	0.07503157109674836	0.16691469663841976	0.08845894727508018	0.31306770146244356	0.09009073396811518	0.0361445783	0.36903168341506826	.	.
col_ccp2_LN_bulk_1_1_1_top301.clonotypes.IGH	col_ccp2_tum_PCsort_1_2_1_top301.clonotypes.IGH	301	301	26	26	10236	22756	1437	3549	0.9999999999999988	0.999999999999999	0.14038686987104337	0.15595886799085956	0.0991140558123588	0.252191688728067	2.869725E-4	0.1479681631496047	0.113842378341113	0.15571529800071476	0.08735397648615612	0.3125732811473814	0.08895856556999589	0.0451388889	0.37688573446466317	.	.
col_ccp2_LN_bulk_1_1_1_top301.clonotypes.IGH	col_ccp2_tum_PCsort_1_3_1_top301.clonotypes.IGH	301	301	17	17	10236	14639	1128	983	0.9999999999999988	0.9999999999999988	0.11019929660023449	0.06714939545050891	-0.1130468601194209	0.3045680571806167	1.876359E-4	0.08602218403282416	0.07072522441166632	0.16583804462223253	0.0875376280613212	0.3685103476046727	0.12641805861036373	0.0290598291	0.37319808917984687	.	.
col_ccp2_LN_bulk_2_1_1_top301.clonotypes.IGH	col_ccp2_LN_bulk_3_1_1_top301.clonotypes.IGH	301	301	51	51	2227	15252	553	4097	1.0000000000000027	0.9999999999999997	0.24831612034126627	0.26862050878573307	-0.07715977170854699	0.021350793336191044	5.629077E-4	0.2582688571736249	0.19263846735926018	0.11109642830147351	0.06633534897740738	0.2870555937112299	0.05131747570230162	0.0925589837	0.2281260124281394	.	.
col_ccp2_LN_bulk_2_1_1_top301.clonotypes.IGH	col_ccp2_LN_PCsort_1_1_1_top301.clonotypes.IGH	301	301	56	56	2227	32418	698	7224	1.0000000000000027	0.9999999999999999	0.3134261338123035	0.22283916342772533	0.18514235255465136	0.24011521443536044	6.180947E-4	0.2642794306318977	0.206167555606183	0.13834991361448037	0.0997404841901337	0.35519467672191796	0.08089658744749177	0.1025641026	0.3934698394080098	.	.
col_ccp2_LN_bulk_2_1_1_top301.clonotypes.IGH	col_ccp2_LN_PCsort_2_1_1_top301.clonotypes.IGH	301	301	147	147	2227	2285	1655	1771	1.0000000000000027	0.9999999999999997	0.7431522227211496	0.7750547045951865	0.7980311624773024	0.6218072275090701	0.0016224986	0.7589358513408079	0.7252342530917885	0.04087344735190415	0.02111431185371625	0.10319422258805579	0.008644094877865606	0.3230769231	0.8577960235879296	.	.
col_ccp2_LN_bulk_2_1_1_top301.clonotypes.IGH	col_ccp2_LN_PCsort_3_1_1_top301.clonotypes.IGH	301	301	89	89	2227	6270	760	2738	1.0000000000000027	1.0000000000000013	0.34126627750336774	0.4366826156299836	0.04544652147689667	0.2670708333418104	9.823291E-4	0.38603762858881835	0.2967917988173236	0.2045146993444373	0.12917615236721233	0.3066009762878605	0.11078233761537536	0.1734892788	0.17168936941108698	.	.
col_ccp2_LN_bulk_2_1_1_top301.clonotypes.IGH	col_ccp2_PBMC_bulk_1_1_1_top301.clonotypes.IGH	301	301	73	73	2227	33060	731	10950	1.0000000000000027	0.9999999999999993	0.32824427480916024	0.33121597096188754	0.31782840573713494	0.30778247537906545	8.057306E-4	0.3297267750632282	0.2906349928680942	0.17388620555540832	0.09143372635954082	0.3005178369033281	0.06382606190781939	0.1379962193	0.6429688059686693	.	.
col_ccp2_LN_bulk_2_1_1_top301.clonotypes.IGH	col_ccp2_PBMC_bulk_1_1_2_top301.clonotypes.IGH	301	301	65	65	2227	21100	581	6721	1.0000000000000027	0.9999999999999993	0.26088908845981135	0.3185308056872037	0.3792622459410322	0.12645402267395328	7.174314E-4	0.28827280749682904	0.2597114649434656	0.13044834917511297	0.06631445914454975	0.2654334975950305	0.04431529323966253	0.1210428305	0.6792095529986095	.	.
col_ccp2_LN_bulk_2_1_1_top301.clonotypes.IGH	col_ccp2_PBMC_PCsort_1_1_2_top301.clonotypes.IGH	301	301	52	52	2227	30792	539	8922	1.0000000000000027	0.9999999999999999	0.24202963628199375	0.28975058456742014	0.297374086747719	0.14409189779617607	5.739451E-4	0.2648173494983812	0.23164376477909474	0.22168845484997454	0.11100321484197087	0.3492189049627191	0.07946541526864527	0.0945454545	0.6316918914658878	.	.
col_ccp2_LN_bulk_2_1_1_top301.clonotypes.IGH	col_ccp2_tum_bulk_1_1_1_top301.clonotypes.IGH	301	301	17	17	2227	24556	243	1897	1.0000000000000027	0.9999999999999998	0.10911540188594522	0.07725199543899658	0.23601339419270206	-0.09771601643191738	1.876359E-4	0.09181166880531755	0.07576019288902602	0.1419433862104128	0.07380659885147052	0.3135905856302964	0.10300682387227492	0.0290598291	0.5194240286387908	.	.
col_ccp2_LN_bulk_2_1_1_top301.clonotypes.IGH	col_ccp2_tum_bulk_1_2_1_top301.clonotypes.IGH	301	301	24	24	2227	32155	247	4958	1.0000000000000027	0.9999999999999993	0.11091154018859449	0.15419063909189865	-0.05341443541292806	-0.16891238125821162	2.648977E-4	0.13077278487646496	0.09826506012767787	0.15506048616312745	0.08080425031608122	0.32673218895635503	0.11234965857892011	0.0415224913	0.2900342031184278	.	.
col_ccp2_LN_bulk_2_1_1_top301.clonotypes.IGH	col_ccp2_tum_bulk_1_3_1_top301.clonotypes.IGH	301	301	21	21	2227	17050	278	1229	1.0000000000000027	0.9999999999999979	0.1248316120341266	0.07208211143695013	-0.21412492936001443	-0.1707685364234239	2.317855E-4	0.09485845333705394	0.07771504600291429	0.1687841359881143	0.08852050236464733	0.33257405046575556	0.09501377659370346	0.0361445783	0.33249072594931456	.	.
col_ccp2_LN_bulk_2_1_1_top301.clonotypes.IGH	col_ccp2_tum_PCsort_1_1_1_top301.clonotypes.IGH	301	301	15	15	2227	18387	233	1090	1.0000000000000027	0.9999999999999986	0.10462505612932194	0.05928101375972154	0.12631145882113295	0.32944211948647845	1.655611E-4	0.07875455156379199	0.06657726646937837	0.16461937847652056	0.08873868296481731	0.32648143509541994	0.14460828732932496	0.0255536627	0.4223172533205442	.	.
col_ccp2_LN_bulk_2_1_1_top301.clonotypes.IGH	col_ccp2_tum_PCsort_1_2_1_top301.clonotypes.IGH	301	301	17	17	2227	22756	180	2881	1.0000000000000027	0.999999999999999	0.08082622361921868	0.12660397257866057	-0.042870366090556784	0.4521942224261604	1.876359E-4	0.10115790131632946	0.07637353618118013	0.15157025611490388	0.08065589035121785	0.32360073014709745	0.1300474169586711	0.0290598291	0.27858307889571277	.	.
col_ccp2_LN_bulk_2_1_1_top301.clonotypes.IGH	col_ccp2_tum_PCsort_1_3_1_top301.clonotypes.IGH	301	301	14	14	2227	14639	109	1332	1.0000000000000027	0.9999999999999988	0.048944768747193536	0.09098982170913314	0.25264721819033326	0.07555669146309017	1.545237E-4	0.06673436732225677	0.05520277532713986	0.181982839068716	0.09818254279293027	0.35558332206254034	0.16763916113396868	0.0238095238	0.2938131932563384	.	.
col_ccp2_LN_bulk_3_1_1_top301.clonotypes.IGH	col_ccp2_LN_PCsort_1_1_1_top301.clonotypes.IGH	301	301	70	70	15252	32418	6670	16099	0.9999999999999997	0.9999999999999999	0.4373196957776029	0.49660682336973283	0.6759365721405493	0.4605496910347732	7.726184E-4	0.46602139963432293	0.4107412146724719	0.06249306073099757	0.03987096294481337	0.18145099941798853	0.039381662540087216	0.1315789474	0.6930573979704477	.	.
col_ccp2_LN_bulk_3_1_1_top301.clonotypes.IGH	col_ccp2_LN_PCsort_2_1_1_top301.clonotypes.IGH	301	301	52	52	15252	2285	4362	645	0.9999999999999997	0.9999999999999997	0.28599527930763174	0.2822757111597374	-0.040753184495451865	0.02334886532291176	5.739451E-4	0.28412940864136094	0.21118375759025157	0.11581080848414883	0.06937965825010797	0.31000965847861306	0.06466528943083717	0.0945454545	0.2818972491193436	.	.
col_ccp2_LN_bulk_3_1_1_top301.clonotypes.IGH	col_ccp2_LN_PCsort_3_1_1_top301.clonotypes.IGH	301	301	63	63	15252	6270	6084	2575	0.9999999999999997	1.0000000000000013	0.3988985051140834	0.41068580542264727	0.567881525777083	0.21133621714135717	6.953566E-4	0.4047492481211884	0.33678076256073397	0.11868232928826362	0.07322972543203345	0.2582241034952888	0.059760201955562316	0.1168831169	0.5727535010345639	.	.
col_ccp2_LN_bulk_3_1_1_top301.clonotypes.IGH	col_ccp2_PBMC_bulk_1_1_1_top301.clonotypes.IGH	301	301	43	43	15252	33060	3942	8592	0.9999999999999997	0.9999999999999993	0.25845790715971684	0.25989110707804	-0.017691727201786578	0.05487989184856225	4.746084E-4	0.2591735164418079	0.1870117724170289	0.11280423269674626	0.07703857965889471	0.3003804489105852	0.04451925585037931	0.0769230769	0.26037340607504306	.	.
col_ccp2_LN_bulk_3_1_1_top301.clonotypes.IGH	col_ccp2_PBMC_bulk_1_1_2_top301.clonotypes.IGH	301	301	42	42	15252	21100	2998	4894	0.9999999999999997	0.9999999999999993	0.1965643849986887	0.23194312796208533	0.03768453235815013	-0.04665396623345342	4.63571E-4	0.21352226652632614	0.17288119937650304	0.09792084424120122	0.06559899232302634	0.282663526396851	0.02550499973553854	0.075	0.36844391592736797	.	.
col_ccp2_LN_bulk_3_1_1_top301.clonotypes.IGH	col_ccp2_PBMC_PCsort_1_1_2_top301.clonotypes.IGH	301	301	33	33	15252	30792	3281	6972	0.9999999999999997	0.9999999999999999	0.215119328612641	0.2264224473889322	0.1413804124797131	0.08938874769091895	3.642344E-4	0.22069853842999984	0.16474350248843428	0.13888058093715352	0.08102492563932741	0.3215933848203826	0.04535119263579287	0.0579964851	0.3995324979553203	.	.
col_ccp2_LN_bulk_3_1_1_top301.clonotypes.IGH	col_ccp2_tum_bulk_1_1_1_top301.clonotypes.IGH	301	301	46	46	15252	24556	2798	6033	0.9999999999999997	0.9999999999999998	0.18345135064253876	0.24568333604821618	0.3490683925382098	0.4528954614779043	5.077207E-4	0.21229917528904815	0.19176736499402686	0.08832168119666121	0.05649161328824726	0.24644914100538043	0.044773419568801	0.0827338129	0.6166548037869573	.	.
col_ccp2_LN_bulk_3_1_1_top301.clonotypes.IGH	col_ccp2_tum_bulk_1_2_1_top301.clonotypes.IGH	301	301	43	43	15252	32155	2792	8494	0.9999999999999997	0.9999999999999993	0.18305795961185423	0.26415798476131247	0.7405560268683634	0.25133124810780233	4.746084E-4	0.21990048136733387	0.20377362643101288	0.09302283444727828	0.05371987569795089	0.22777167218163394	0.04725334991492976	0.0769230769	0.7858201729290393	.	.
col_ccp2_LN_bulk_3_1_1_top301.clonotypes.IGH	col_ccp2_tum_bulk_1_3_1_top301.clonotypes.IGH	301	301	41	41	15252	17050	3463	3126	0.9999999999999997	0.9999999999999979	0.2270521898767375	0.1833431085043989	-0.034240295883751604	0.3143467282924616	4.525336E-4	0.2040305229242234	0.17182085706129338	0.11392986950543886	0.06477847291221357	0.26202005440560017	0.0402588368457936	0.073083779	0.3744484734862981	.	.
col_ccp2_LN_bulk_3_1_1_top301.clonotypes.IGH	col_ccp2_tum_PCsort_1_1_1_top301.clonotypes.IGH	301	301	36	36	15252	18387	2332	3559	0.9999999999999997	0.9999999999999986	0.15289798059270918	0.1935606678631642	0.19666715853951783	0.24193240780213032	3.973466E-4	0.172032076190616	0.14994916385628362	0.11430895066466486	0.06845881646732414	0.2590086485270836	0.08511420343314131	0.0636042403	0.5083082712947652	.	.
col_ccp2_LN_bulk_3_1_1_top301.clonotypes.IGH	col_ccp2_tum_PCsort_1_2_1_top301.clonotypes.IGH	301	301	31	31	15252	22756	3080	5135	0.9999999999999997	0.999999999999999	0.20194072908471022	0.2256547723677272	0.27318350851859746	0.15805931006657278	3.421596E-4	0.21346870790207909	0.17338967690332285	0.10555671115297001	0.05739845259939706	0.2577985952387197	0.05736997101959535	0.054290718	0.5157400357003518	.	.
col_ccp2_LN_bulk_3_1_1_top301.clonotypes.IGH	col_ccp2_tum_PCsort_1_3_1_top301.clonotypes.IGH	301	301	28	28	15252	14639	3121	1984	0.9999999999999997	0.9999999999999988	0.20462890112772092	0.1355283830862764	-0.07674028040696965	0.34512061403508765	3.090474E-4	0.16653235151934154	0.1250689917903771	0.15365434043407386	0.08024375798789811	0.32557444797578566	0.0965054337965841	0.0487804878	0.26770649343177166	.	.
col_ccp2_LN_PCsort_1_1_1_top301.clonotypes.IGH	col_ccp2_LN_PCsort_2_1_1_top301.clonotypes.IGH	301	301	55	55	32418	2285	8709	733	0.9999999999999999	0.9999999999999997	0.26864704793633165	0.3207877461706783	0.14454948694390662	0.048553365927325995	6.070573E-4	0.29356205651088835	0.21786576023127582	0.1340270197676473	0.09867382344437718	0.3675147227432505	0.10214602655762364	0.1005484461	0.4089014881861257	.	.
col_ccp2_LN_PCsort_1_1_1_top301.clonotypes.IGH	col_ccp2_LN_PCsort_3_1_1_top301.clonotypes.IGH	301	301	48	48	32418	6270	13711	2164	0.9999999999999999	1.0000000000000013	0.42294404343266073	0.34513556618819763	0.3318861652022794	0.3734977675327317	5.297955E-4	0.3820641724842268	0.3093860586392498	0.1447348360224443	0.10204028509347698	0.3069387869715675	0.07189130789790005	0.0866425993	0.44169028978103303	.	.
col_ccp2_LN_PCsort_1_1_1_top301.clonotypes.IGH	col_ccp2_PBMC_bulk_1_1_1_top301.clonotypes.IGH	301	301	44	44	32418	33060	11276	6096	0.9999999999999999	0.9999999999999993	0.3478314516626564	0.18439201451905624	0.010871006007924152	-0.01656562824865897	4.856459E-4	0.2532535134705241	0.1732448891116437	0.12601365502949383	0.10120903494083183	0.34085130188777224	0.1016723137196948	0.0788530466	0.16635427724697324	.	.
col_ccp2_LN_PCsort_1_1_1_top301.clonotypes.IGH	col_ccp2_PBMC_bulk_1_1_2_top301.clonotypes.IGH	301	301	43	43	32418	21100	7379	3873	0.9999999999999999	0.9999999999999993	0.22762045777037448	0.18355450236966825	0.21390162771765153	-0.029018369894325716	4.746084E-4	0.20440342427463679	0.16131813184740776	0.132906482070189	0.10284020493685275	0.33966920963713493	0.0784378185377856	0.0769230769	0.481226637799568	.	.
col_ccp2_LN_PCsort_1_1_1_top301.clonotypes.IGH	col_ccp2_PBMC_PCsort_1_1_2_top301.clonotypes.IGH	301	301	36	36	32418	30792	9864	5811	0.9999999999999999	0.9999999999999999	0.30427540255413643	0.18871784879189404	0.06889788803837285	-0.038753704448681016	3.973466E-4	0.23962929580980746	0.1610534545378021	0.13305339137015126	0.0974835885373043	0.3539029242363036	0.09980440466413718	0.0636042403	0.20901915036334837	.	.
col_ccp2_LN_PCsort_1_1_1_top301.clonotypes.IGH	col_ccp2_tum_bulk_1_1_1_top301.clonotypes.IGH	301	301	20	20	32418	24556	5803	3383	0.9999999999999999	0.9999999999999998	0.17900549077672895	0.13776673725362434	0.09858779987402543	0.03459947593309823	2.207481E-4	0.15703821959890432	0.13540632681036502	0.10776733595966426	0.08555750599833681	0.30914997212495016	0.04424817534852915	0.0343642612	0.6183316175015766	.	.
col_ccp2_LN_PCsort_1_1_1_top301.clonotypes.IGH	col_ccp2_tum_bulk_1_2_1_top301.clonotypes.IGH	301	301	20	20	32418	32155	4460	4000	0.9999999999999999	0.9999999999999993	0.13757788882719474	0.12439744985227802	0.11453675162740462	0.3565250346149643	2.207481E-4	0.13082178154330126	0.10773338442546142	0.12505048342154604	0.08851406683145348	0.3057934971274562	0.05226300214208819	0.0343642612	0.46431104160803044	.	.
col_ccp2_LN_PCsort_1_1_1_top301.clonotypes.IGH	col_ccp2_tum_bulk_1_3_1_top301.clonotypes.IGH	301	301	21	21	32418	17050	6948	1326	0.9999999999999999	0.9999999999999979	0.21432537479178232	0.07777126099706747	-0.0026792110688482916	-0.0019493181503067694	2.317855E-4	0.1291059822828749	0.11315718183707431	0.12498102886842415	0.08824970072593481	0.3074240044295254	0.04946056362666244	0.0361445783	0.3644935391345356	.	.
col_ccp2_LN_PCsort_1_1_1_top301.clonotypes.IGH	col_ccp2_tum_PCsort_1_1_1_top301.clonotypes.IGH	301	301	16	16	32418	18387	4078	1731	0.9999999999999999	0.9999999999999986	0.12579431180208528	0.09414260075053027	0.22148188130550941	-0.08535690316726248	1.765985E-4	0.10882372752608428	0.09473735133049019	0.12216658160048882	0.09240579873915	0.3181805638434848	0.08861789637878663	0.0273037543	0.6369617212321419	.	.
col_ccp2_LN_PCsort_1_1_1_top301.clonotypes.IGH	col_ccp2_tum_PCsort_1_2_1_top301.clonotypes.IGH	301	301	17	17	32418	22756	4792	2220	0.9999999999999999	0.999999999999999	0.14781911283854648	0.09755668834593076	-0.031251584417679654	-0.13611283980797625	1.876359E-4	0.12008639857520106	0.08530298980152072	0.10424973302639062	0.07425414373159513	0.33152495638558915	0.08029030173379535	0.0290598291	0.32455443424707936	.	.
col_ccp2_LN_PCsort_1_1_1_top301.clonotypes.IGH	col_ccp2_tum_PCsort_1_3_1_top301.clonotypes.IGH	301	301	13	13	32418	14639	4900	560	0.9999999999999999	0.9999999999999988	0.1511505953482633	0.03825397909693285	0.3784138883240993	0.5248698891043385	1.434863E-4	0.07604019802013551	0.06948156832053912	0.12540614557161017	0.08316953154617533	0.3501631278957228	0.09157788230610683	0.0220713073	0.33737164398759684	.	.
col_ccp2_LN_PCsort_2_1_1_top301.clonotypes.IGH	col_ccp2_LN_PCsort_3_1_1_top301.clonotypes.IGH	301	301	79	79	2285	6270	815	2546	0.9999999999999997	1.0000000000000013	0.3566739606126916	0.4060606060606057	0.21129050236379676	0.3485921887293359	8.719551E-4	0.38056700410364813	0.30670217244177755	0.18679007744302095	0.12061559659495093	0.3063384663033672	0.12305995849601595	0.1510516252	0.2796270603190511	.	.
col_ccp2_LN_PCsort_2_1_1_top301.clonotypes.IGH	col_ccp2_PBMC_bulk_1_1_1_top301.clonotypes.IGH	301	301	63	63	2285	33060	740	9798	0.9999999999999997	0.9999999999999993	0.3238512035010941	0.2963702359346642	0.49171839213751733	0.12791892016110734	6.953566E-4	0.30980616131598193	0.2706320579323645	0.18095586614046635	0.09394762370836982	0.2867452146926019	0.07004329670297224	0.1168831169	0.6798970328632117	.	.
col_ccp2_LN_PCsort_2_1_1_top301.clonotypes.IGH	col_ccp2_PBMC_bulk_1_1_2_top301.clonotypes.IGH	301	301	58	58	2285	21100	619	5806	0.9999999999999997	0.9999999999999993	0.2708971553610503	0.27516587677725113	0.7064406464239812	0.21142212852583844	6.401695E-4	0.27302317350618177	0.25087189471391885	0.1460835246059858	0.07526481338898232	0.25623593312498355	0.05281556174178676	0.1066176471	0.7873020948935339	.	.
col_ccp2_LN_PCsort_2_1_1_top301.clonotypes.IGH	col_ccp2_PBMC_PCsort_1_1_2_top301.clonotypes.IGH	301	301	47	47	2285	30792	588	8294	0.9999999999999997	0.9999999999999999	0.25733041575492344	0.26935567679916866	0.4315830023422868	0.12235625695986876	5.187581E-4	0.2632743973436818	0.2269265465642862	0.220678180840244	0.11102846202389624	0.33110148675480705	0.08823722772392957	0.0846846847	0.6465164749955118	.	.
col_ccp2_LN_PCsort_2_1_1_top301.clonotypes.IGH	col_ccp2_tum_bulk_1_1_1_top301.clonotypes.IGH	301	301	15	15	2285	24556	281	2033	0.9999999999999997	0.9999999999999998	0.12297592997811817	0.08279035673562468	0.36168771489198015	-0.14761960518543923	1.655611E-4	0.1009020372082923	0.07973593917186163	0.17415136279429372	0.0924400887769693	0.353033761542354	0.1368095647345178	0.0255536627	0.5042972628274669	.	.
col_ccp2_LN_PCsort_2_1_1_top301.clonotypes.IGH	col_ccp2_tum_bulk_1_2_1_top301.clonotypes.IGH	301	301	17	17	2285	32155	191	3586	0.9999999999999997	0.9999999999999993	0.08358862144420133	0.11152231379256725	-0.04694551898219438	0.30798250705462044	1.876359E-4	0.09655048663879606	0.07418266231883393	0.19208124693310807	0.10079775191645686	0.35711766198903366	0.13978935823431707	0.0290598291	0.32734953194523414	.	.
col_ccp2_LN_PCsort_2_1_1_top301.clonotypes.IGH	col_ccp2_tum_bulk_1_3_1_top301.clonotypes.IGH	301	301	17	17	2285	17050	304	976	0.9999999999999997	0.9999999999999979	0.13304157549234136	0.05724340175953078	-0.03356232391194745	-0.045877679382157935	1.876359E-4	0.08726827806613947	0.0702394871513715	0.18538027587280828	0.09901314716022254	0.32800433738104395	0.12255448187218879	0.0290598291	0.24918875198486476	.	.
col_ccp2_LN_PCsort_2_1_1_top301.clonotypes.IGH	col_ccp2_tum_PCsort_1_1_1_top301.clonotypes.IGH	301	301	17	17	2285	18387	286	1648	0.9999999999999997	0.9999999999999986	0.12516411378555797	0.08962854190460653	-0.12449955591550163	-0.13659213742230036	1.876359E-4	0.10591636803337727	0.07280804884704947	0.17878418786388167	0.09746378118414456	0.3342469441086396	0.17082638116845686	0.0290598291	0.2268052418844074	.	.
col_ccp2_LN_PCsort_2_1_1_top301.clonotypes.IGH	col_ccp2_tum_PCsort_1_2_1_top301.clonotypes.IGH	301	301	15	15	2285	22756	262	2396	0.9999999999999997	0.999999999999999	0.11466083150984684	0.10529091228686939	-0.14821342915107838	0.1626251809861389	1.655611E-4	0.10987603721122634	0.07145547872424655	0.16851172175639575	0.08797035891523693	0.34262281099914116	0.15532697657121886	0.0255536627	0.21015057315298874	.	.
col_ccp2_LN_PCsort_2_1_1_top301.clonotypes.IGH	col_ccp2_tum_PCsort_1_3_1_top301.clonotypes.IGH	301	301	12	12	2285	14639	114	1348	0.9999999999999997	0.9999999999999988	0.04989059080962801	0.09208279254047408	-0.21810635433244552	-0.09859399412856014	1.324489E-4	0.06777953174258922	0.04502895119408082	0.17640410098821105	0.09689445678839777	0.3440995151602023	0.19894305000733423	0.0203389831	0.13084549780087132	.	.
col_ccp2_LN_PCsort_3_1_1_top301.clonotypes.IGH	col_ccp2_PBMC_bulk_1_1_1_top301.clonotypes.IGH	301	301	55	55	6270	33060	2044	8246	1.0000000000000013	0.9999999999999993	0.3259968102073363	0.24942528735632188	0.31704006385612915	0.32886746791686544	6.070573E-4	0.28515232431668724	0.22743569319899593	0.16479719686132574	0.12267922609059824	0.32681705225126906	0.12071489247805223	0.1005484461	0.2857971838616144	.	.
col_ccp2_LN_PCsort_3_1_1_top301.clonotypes.IGH	col_ccp2_PBMC_bulk_1_1_2_top301.clonotypes.IGH	301	301	45	45	6270	21100	1744	4675	1.0000000000000013	0.9999999999999993	0.2781499202551833	0.22156398104265407	0.2815045100536695	0.43193369079309923	4.966833E-4	0.24824988148725302	0.19908026817987026	0.1614328357087474	0.11732887111943813	0.31036927961664296	0.09413181394309937	0.0807899461	0.2576574214101484	.	.
col_ccp2_LN_PCsort_3_1_1_top301.clonotypes.IGH	col_ccp2_PBMC_PCsort_1_1_2_top301.clonotypes.IGH	301	301	43	43	6270	30792	2033	7160	1.0000000000000013	0.9999999999999999	0.32424242424242405	0.2325279293322941	0.5695595569385974	0.3754278726020417	4.746084E-4	0.2745822636493008	0.22797089642925536	0.1385321868544352	0.09953364779227743	0.30543965019183095	0.119124583005076	0.0769230769	0.4412362380375023	.	.
col_ccp2_LN_PCsort_3_1_1_top301.clonotypes.IGH	col_ccp2_tum_bulk_1_1_1_top301.clonotypes.IGH	301	301	31	31	6270	24556	740	3991	1.0000000000000013	0.9999999999999998	0.11802232854864432	0.16252647010913823	0.30174275008909	0.12904575355572304	3.421596E-4	0.1384982037900569	0.11986363042700936	0.18416514040881019	0.11908092712231659	0.3558417698969999	0.09529296832646819	0.054290718	0.6248439959972394	.	.
col_ccp2_LN_PCsort_3_1_1_top301.clonotypes.IGH	col_ccp2_tum_bulk_1_2_1_top301.clonotypes.IGH	301	301	23	23	6270	32155	500	5754	1.0000000000000013	0.9999999999999993	0.07974481658692185	0.17894573161250196	0.5373230617070857	0.36595751577624186	2.538603E-4	0.11945708244575336	0.10873590784389661	0.18275294337308542	0.11169506632954958	0.361551522837254	0.09779554398888679	0.0397236615	0.49644113170992066	.	.
col_ccp2_LN_PCsort_3_1_1_top301.clonotypes.IGH	col_ccp2_tum_bulk_1_3_1_top301.clonotypes.IGH	301	301	29	29	6270	17050	1784	1858	1.0000000000000013	0.9999999999999979	0.2845295055821371	0.10897360703812317	0.022860444388070597	-0.027287329614268854	3.200848E-4	0.1760857931011451	0.13156767195619873	0.2117016852264535	0.13377531344955124	0.38761098609147054	0.11365855074299049	0.0506108202	0.11520723696867155	.	.
col_ccp2_LN_PCsort_3_1_1_top301.clonotypes.IGH	col_ccp2_tum_PCsort_1_1_1_top301.clonotypes.IGH	301	301	26	26	6270	18387	498	3052	1.0000000000000013	0.9999999999999986	0.07942583732057415	0.16598683852722024	-0.07304862934791835	-0.06195318278908448	2.869725E-4	0.11482004892099378	0.08600438724491478	0.13804421975534345	0.07995784644088827	0.3078720424448855	0.11614862416870214	0.0451388889	0.16946338960300342	.	.
col_ccp2_LN_PCsort_3_1_1_top301.clonotypes.IGH	col_ccp2_tum_PCsort_1_2_1_top301.clonotypes.IGH	301	301	27	27	6270	22756	1564	4737	1.0000000000000013	0.999999999999999	0.24944178628389158	0.20816487959219548	-0.09127519316505482	0.11037947079769757	2.9801E-4	0.22787061988560187	0.13158391818269705	0.16280716303092446	0.09492769084017702	0.3349737706333576	0.1242836882559186	0.0469565217	0.11149039135413737	.	.
col_ccp2_LN_PCsort_3_1_1_top301.clonotypes.IGH	col_ccp2_tum_PCsort_1_3_1_top301.clonotypes.IGH	301	301	19	19	6270	14639	1315	1321	1.0000000000000013	0.9999999999999988	0.20972886762360443	0.09023840426258625	-0.031356945547614194	0.1032059827240719	2.097107E-4	0.1375703396163332	0.0915627923780433	0.14642611271736733	0.08228232789701273	0.36167298302047435	0.1679789916554778	0.0325900515	0.09973591764306317	.	.
col_ccp2_PBMC_bulk_1_1_1_top301.clonotypes.IGH	col_ccp2_PBMC_bulk_1_1_2_top301.clonotypes.IGH	301	301	148	148	33060	21100	25797	15559	0.9999999999999993	0.9999999999999993	0.7803085299455537	0.7373933649289097	0.9485226529445633	0.718297877112197	0.0016335361	0.7585475150439046	0.7390333610715024	0.02348086340178457	0.014739666586657828	0.07452199473851011	0.008561060268968121	0.3259911894	0.9143909203433299	.	.
col_ccp2_PBMC_bulk_1_1_1_top301.clonotypes.IGH	col_ccp2_PBMC_PCsort_1_1_2_top301.clonotypes.IGH	301	301	132	132	33060	30792	25360	23145	0.9999999999999993	0.9999999999999999	0.7670901391409559	0.7516562743569761	0.9570376748070436	0.6245617926226003	0.0014569376	0.7593339950790201	0.7377573702629362	0.028355904788499038	0.017953237757806908	0.08769891962978628	0.00709616230225228	0.2808510638	0.9651526086430782	.	.
col_ccp2_PBMC_bulk_1_1_1_top301.clonotypes.IGH	col_ccp2_tum_bulk_1_1_1_top301.clonotypes.IGH	301	301	17	17	33060	24556	2786	2033	0.9999999999999993	0.9999999999999998	0.08427102238354506	0.08279035673562468	0.27722987956606987	-0.08823529411764641	1.876359E-4	0.0835274087088155	0.06785218300667861	0.12001675631074261	0.06948379536627454	0.3166660754519513	0.08451114318619475	0.0290598291	0.557265622708406	.	.
col_ccp2_PBMC_bulk_1_1_1_top301.clonotypes.IGH	col_ccp2_tum_bulk_1_2_1_top301.clonotypes.IGH	301	301	19	19	33060	32155	2366	1914	0.9999999999999993	0.9999999999999993	0.07156684815486994	0.05952417975431504	0.02704623585250618	-0.15452151009657591	2.097107E-4	0.0652683532350882	0.053735646552185885	0.12196239062558453	0.07258820483716409	0.28967504620039675	0.09685245495283681	0.0325900515	0.4170461470896116	.	.
col_ccp2_PBMC_bulk_1_1_1_top301.clonotypes.IGH	col_ccp2_tum_bulk_1_3_1_top301.clonotypes.IGH	301	301	26	26	33060	17050	7555	1377	0.9999999999999993	0.9999999999999979	0.22852389594676348	0.08076246334310849	-0.11951965772333813	0.14023980004213554	2.869725E-4	0.13585342384137702	0.09877832314349333	0.13431514524192156	0.08152298821453002	0.3037660276189811	0.07499863121715465	0.0451388889	0.09816118143940376	.	.
col_ccp2_PBMC_bulk_1_1_1_top301.clonotypes.IGH	col_ccp2_tum_PCsort_1_1_1_top301.clonotypes.IGH	301	301	14	14	33060	18387	2260	2156	0.9999999999999993	0.9999999999999986	0.06836055656382335	0.11725675749170611	-0.15470311904383874	-0.12775330396475768	1.545237E-4	0.08953064951737082	0.05729823346298857	0.15450434486169648	0.0923042089641963	0.34151496958604766	0.13155329998917484	0.0238095238	0.14338367118783166	.	.
col_ccp2_PBMC_bulk_1_1_1_top301.clonotypes.IGH	col_ccp2_tum_PCsort_1_2_1_top301.clonotypes.IGH	301	301	15	15	33060	22756	3197	1317	0.9999999999999993	0.999999999999999	0.09670296430732003	0.057874846194410266	-0.14957009877163224	-0.11785714285714316	1.655611E-4	0.074810889486957	0.05549451983468993	0.16002246490228056	0.09171789196466341	0.31518274800488616	0.10856314718177022	0.0255536627	0.2977857674247425	.	.
col_ccp2_PBMC_bulk_1_1_1_top301.clonotypes.IGH	col_ccp2_tum_PCsort_1_3_1_top301.clonotypes.IGH	301	301	10	10	33060	14639	5176	1331	0.9999999999999993	0.9999999999999988	0.15656382335148214	0.09092151103217434	-0.18028896155951232	-0.2727272727272728	1.103741E-4	0.11931060050176254	0.06116863169512501	0.18482772916239104	0.11153559454560402	0.39192886646027014	0.15150562252733643	0.0168918919	0.08750618464142167	.	.
col_ccp2_PBMC_bulk_1_1_2_top301.clonotypes.IGH	col_ccp2_PBMC_PCsort_1_1_2_top301.clonotypes.IGH	301	301	118	118	21100	30792	13822	21459	0.9999999999999993	0.9999999999999999	0.6550710900473936	0.6969017926734216	0.9152023088192222	0.6646414059151834	0.0013024139	0.6756627982822208	0.6505847455769456	0.05811772879500136	0.029796569002810507	0.12939195860403352	0.01973606353734218	0.2438016529	0.8784656458179639	.	.
col_ccp2_PBMC_bulk_1_1_2_top301.clonotypes.IGH	col_ccp2_tum_bulk_1_1_1_top301.clonotypes.IGH	301	301	13	13	21100	24556	1340	1614	0.9999999999999993	0.9999999999999998	0.06350710900473934	0.06572731715263072	0.5992930218245959	-0.28335652665857586	1.434863E-4	0.06460767674975779	0.05627892775845792	0.11301131547928328	0.05971869986138913	0.2987303246524892	0.0696291818826327	0.0220713073	0.7356736246308547	.	.
col_ccp2_PBMC_bulk_1_1_2_top301.clonotypes.IGH	col_ccp2_tum_bulk_1_2_1_top301.clonotypes.IGH	301	301	17	17	21100	32155	1208	1723	0.9999999999999993	0.9999999999999993	0.057251184834123225	0.053584201523868766	-0.11689709141151293	-0.3484662576687117	1.876359E-4	0.05538735438375729	0.04730140735833506	0.10953400763730065	0.06052143720157186	0.2638857918813997	0.07613697492411493	0.0290598291	0.5266142752444082	.	.
col_ccp2_PBMC_bulk_1_1_2_top301.clonotypes.IGH	col_ccp2_tum_bulk_1_3_1_top301.clonotypes.IGH	301	301	21	21	21100	17050	3620	1193	0.9999999999999993	0.9999999999999979	0.17156398104265402	0.0699706744868035	-0.210581345152568	-0.302537666670867	2.317855E-4	0.10956480945630158	0.0843507660450591	0.13711405953591133	0.07479828802001962	0.28166854519330126	0.055850458490646494	0.0361445783	0.1601733510189097	.	.
col_ccp2_PBMC_bulk_1_1_2_top301.clonotypes.IGH	col_ccp2_tum_PCsort_1_1_1_top301.clonotypes.IGH	301	301	10	10	21100	18387	1147	557	0.9999999999999993	0.9999999999999986	0.054360189573459713	0.030293141893729267	0.22397539383716672	0.01823716631040309	1.103741E-4	0.040580055891026534	0.034640933090209665	0.13729277722605657	0.0791534923670789	0.31240439486344024	0.10395700941523613	0.0168918919	0.37805473933893324	.	.
col_ccp2_PBMC_bulk_1_1_2_top301.clonotypes.IGH	col_ccp2_tum_PCsort_1_2_1_top301.clonotypes.IGH	301	301	14	14	21100	22756	1749	696	0.9999999999999993	0.999999999999999	0.0828909952606635	0.03058534013007558	-0.015237313663133708	-0.1144115103769453	1.545237E-4	0.050351259008766365	0.042533339481357374	0.15278302864249593	0.08652446935631618	0.31118615593851445	0.08639913589603879	0.0238095238	0.28706756099482744	.	.
col_ccp2_PBMC_bulk_1_1_2_top301.clonotypes.IGH	col_ccp2_tum_PCsort_1_3_1_top301.clonotypes.IGH	301	301	8	8	21100	14639	2051	309	0.9999999999999993	0.9999999999999988	0.0972037914691943	0.021107999180271873	0.25765872383769683	0.38324040381224284	8.82992E-5	0.045296551200406765	0.0366786389300841	0.18454717381380362	0.1050125908707293	0.35964379444759864	0.12448317489167604	0.0134680135	0.1307807600471328	.	.
col_ccp2_PBMC_PCsort_1_1_2_top301.clonotypes.IGH	col_ccp2_tum_bulk_1_1_1_top301.clonotypes.IGH	301	301	12	12	30792	24556	2350	1494	0.9999999999999999	0.9999999999999998	0.0763185242920239	0.060840527773252974	0.26439015754748163	0.34965034965034963	1.324489E-4	0.0681414653262062	0.05392807102517165	0.1653219667334611	0.08577855863003497	0.33784559100706907	0.07941274838207438	0.0203389831	0.553965755843928	.	.
col_ccp2_PBMC_PCsort_1_1_2_top301.clonotypes.IGH	col_ccp2_tum_bulk_1_2_1_top301.clonotypes.IGH	301	301	14	14	30792	32155	1568	1590	0.9999999999999999	0.9999999999999993	0.05092231748506105	0.049447986316280515	0.059963252432083926	-0.2112212499266679	1.545237E-4	0.050179737526162796	0.041142782167854386	0.1548820227134371	0.08113352294073424	0.30556115754361046	0.09921852490185679	0.0238095238	0.43418604255311805	.	.
col_ccp2_PBMC_PCsort_1_1_2_top301.clonotypes.IGH	col_ccp2_tum_bulk_1_3_1_top301.clonotypes.IGH	301	301	19	19	30792	17050	7281	1156	0.9999999999999999	0.9999999999999979	0.23645752143413876	0.06780058651026394	-0.18220822847637838	-0.018445324571961134	2.097107E-4	0.12661737099623382	0.08725760964555827	0.1722492082896274	0.09024174813180692	0.32609491759983583	0.07266334523935003	0.0325900515	0.08157441317206472	.	.
col_ccp2_PBMC_PCsort_1_1_2_top301.clonotypes.IGH	col_ccp2_tum_PCsort_1_1_1_top301.clonotypes.IGH	301	301	10	10	30792	18387	1973	593	0.9999999999999999	0.9999999999999986	0.06407508443751624	0.03225104693533475	0.005928755734055198	0.030303030303030734	1.103741E-4	0.04545864665363316	0.03608207896413796	0.1615458184039716	0.08929635198318145	0.3557474032607832	0.1307154558604411	0.0168918919	0.3356091323026022	.	.
col_ccp2_PBMC_PCsort_1_1_2_top301.clonotypes.IGH	col_ccp2_tum_PCsort_1_2_1_top301.clonotypes.IGH	301	301	14	14	30792	22756	3095	1089	0.9999999999999999	0.999999999999999	0.10051312029098466	0.04785551063455792	-0.14034594232185812	-0.19361947909944546	1.545237E-4	0.06935493275173595	0.049172531340094194	0.1787935526497881	0.09516895487837573	0.31944495651964067	0.10940747884954635	0.0238095238	0.23971106152259228	.	.
col_ccp2_PBMC_PCsort_1_1_2_top301.clonotypes.IGH	col_ccp2_tum_PCsort_1_3_1_top301.clonotypes.IGH	301	301	11	11	30792	14639	5524	407	0.9999999999999999	0.9999999999999988	0.17939724603793192	0.027802445522235122	0.30909249448207193	0.4315068493150685	1.214115E-4	0.07062352412481702	0.052322761601433274	0.17852215875692354	0.09796724027187516	0.38123580525857304	0.15141882950394975	0.0186125212	0.07724909387287152	.	.
col_ccp2_tum_bulk_1_1_1_top301.clonotypes.IGH	col_ccp2_tum_bulk_1_2_1_top301.clonotypes.IGH	301	301	125	125	24556	32155	14939	19391	0.9999999999999998	0.9999999999999993	0.6083645544877014	0.6030477375213812	0.3732100632300582	0.4103579293652126	0.0013796757	0.6057003121775746	0.5568358264432951	0.0305093722248433	0.016659753030216252	0.10999350481584	0.023515465560802692	0.2620545073	0.6865664749022349	.	.
col_ccp2_tum_bulk_1_1_1_top301.clonotypes.IGH	col_ccp2_tum_bulk_1_3_1_top301.clonotypes.IGH	301	301	102	102	24556	17050	13055	7758	0.9999999999999998	0.9999999999999979	0.531641961231471	0.45501466275659835	0.3424408517488831	0.23855906919407607	0.0011258154	0.4918382739244622	0.44927527792332317	0.04150477946449212	0.023650283519234646	0.12862817428117387	0.02399414772828503	0.204	0.7025292806682156	.	.
col_ccp2_tum_bulk_1_1_1_top301.clonotypes.IGH	col_ccp2_tum_PCsort_1_1_1_top301.clonotypes.IGH	301	301	117	117	24556	18387	15545	11148	0.9999999999999998	0.9999999999999986	0.6330428408535596	0.6062979278838314	0.5556270129060166	0.4552894594986202	0.0012913765	0.6195260790888526	0.5755321345254002	0.07156889593677722	0.043385959454853476	0.14781774679301696	0.0329934710993014	0.2412371134	0.7361238946765343	.	.
col_ccp2_tum_bulk_1_1_1_top301.clonotypes.IGH	col_ccp2_tum_PCsort_1_2_1_top301.clonotypes.IGH	301	301	89	89	24556	22756	11961	11569	0.9999999999999998	0.999999999999999	0.487090731389477	0.5083933907540868	0.4027121779809548	0.3674515013438538	9.823291E-4	0.4976280825435642	0.4334557695905208	0.061313823206613445	0.04058790241954766	0.17905449164888657	0.03381747278399793	0.1734892788	0.615835802793815	.	.
col_ccp2_tum_bulk_1_1_1_top301.clonotypes.IGH	col_ccp2_tum_PCsort_1_3_1_top301.clonotypes.IGH	301	301	73	73	24556	14639	9806	5450	0.9999999999999998	0.9999999999999988	0.3993321387848185	0.3722931894255073	0.2791146157944707	0.14906722933147318	8.057306E-4	0.38557571965608706	0.3295507293546487	0.11321055061310235	0.06334681176661112	0.2592434465446472	0.04164921290744013	0.1379962193	0.5979718342443642	.	.
col_ccp2_tum_bulk_1_2_1_top301.clonotypes.IGH	col_ccp2_tum_bulk_1_3_1_top301.clonotypes.IGH	301	301	94	94	32155	17050	16018	7153	0.9999999999999993	0.9999999999999979	0.4981495879334474	0.4195307917888564	0.1510708626221847	0.339916964368825	0.0010375161	0.4571532467947829	0.4133351689585013	0.07410819675593269	0.03873449867157295	0.16276658124870658	0.02784682503074611	0.1850393701	0.5841303161466916	.	.
col_ccp2_tum_bulk_1_2_1_top301.clonotypes.IGH	col_ccp2_tum_PCsort_1_1_1_top301.clonotypes.IGH	301	301	92	92	32155	18387	14188	9155	0.9999999999999993	0.9999999999999986	0.4412377546260302	0.49790612933050526	0.22618714819505611	0.33189305114212936	0.0010154413	0.4687163134779181	0.4091913232156026	0.09411974031727123	0.0542931104671914	0.20234627208688696	0.03440418772254914	0.1803921569	0.5095688453922136	.	.
col_ccp2_tum_bulk_1_2_1_top301.clonotypes.IGH	col_ccp2_tum_PCsort_1_2_1_top301.clonotypes.IGH	301	301	102	102	32155	22756	18992	13651	0.9999999999999993	0.999999999999999	0.590639091898616	0.5998857444190543	0.6495747840499428	0.5442950650953494	0.0011258154	0.5952444634993218	0.5478261576497011	0.061930382398748034	0.03660420426443481	0.15280723182325945	0.019903674203694023	0.204	0.7767282397873696	.	.
col_ccp2_tum_bulk_1_2_1_top301.clonotypes.IGH	col_ccp2_tum_PCsort_1_3_1_top301.clonotypes.IGH	301	301	66	66	32155	14639	12719	5704	0.9999999999999993	0.9999999999999988	0.395552791167781	0.3896441013730447	-0.043693829861599386	0.22017348476885015	7.284688E-4	0.39258733023388526	0.3112910282982107	0.12860049647931013	0.06747436743803283	0.2571977314384588	0.029253232325521877	0.1231343284	0.35444484633673884	.	.
col_ccp2_tum_bulk_1_3_1_top301.clonotypes.IGH	col_ccp2_tum_PCsort_1_1_1_top301.clonotypes.IGH	301	301	68	68	17050	18387	4931	7480	0.9999999999999979	0.9999999999999986	0.28920821114369505	0.40680915864469464	0.35208306520072286	0.3246868561043751	7.505436E-4	0.3430051735010768	0.3064078104639924	0.09850321348834311	0.06076944845534666	0.19043220377574752	0.050762019996817974	0.127340824	0.5099882226679749	.	.
col_ccp2_tum_bulk_1_3_1_top301.clonotypes.IGH	col_ccp2_tum_PCsort_1_2_1_top301.clonotypes.IGH	301	301	65	65	17050	22756	5244	9810	0.9999999999999979	0.999999999999999	0.30756598240469224	0.43109509579891003	0.3084298219748539	0.30421759253845976	7.174314E-4	0.3641293542811904	0.31941899517743816	0.09483763150649704	0.055535693428261326	0.20951297665983531	0.04914252419568477	0.1210428305	0.5351423531151107	.	.
col_ccp2_tum_bulk_1_3_1_top301.clonotypes.IGH	col_ccp2_tum_PCsort_1_3_1_top301.clonotypes.IGH	301	301	99	99	17050	14639	8104	6488	0.9999999999999979	0.9999999999999988	0.4753079178885632	0.44319967210875066	0.5327345191110318	0.32416978455090456	0.0010927032	0.45897310744629055	0.423938220298834	0.10777081636309274	0.05925121161548656	0.20431940566787865	0.053563241345193094	0.1968190855	0.7420387382237994	.	.
col_ccp2_tum_PCsort_1_1_1_top301.clonotypes.IGH	col_ccp2_tum_PCsort_1_2_1_top301.clonotypes.IGH	301	301	74	74	18387	22756	8688	10061	0.9999999999999986	0.999999999999999	0.47250775004078976	0.4421251538055898	0.5193494695702816	0.41295055728890806	8.16768E-4	0.4570640673484597	0.4120335953341127	0.056546228466437955	0.03449632343251059	0.1772100482231218	0.02981841738510346	0.1401515152	0.6961637786793654	.	.
col_ccp2_tum_PCsort_1_1_1_top301.clonotypes.IGH	col_ccp2_tum_PCsort_1_3_1_top301.clonotypes.IGH	301	301	59	59	18387	14639	7635	4387	0.9999999999999986	0.9999999999999988	0.41523902757382936	0.29967893981829374	0.509392813821745	0.31594954781375767	6.512069E-4	0.3527582622058687	0.3210163879727187	0.05916424020810219	0.033759494040486004	0.1797240530063359	0.03038582780461533	0.1086556169	0.6582278629798729	.	.
col_ccp2_tum_PCsort_1_2_1_top301.clonotypes.IGH	col_ccp2_tum_PCsort_1_3_1_top301.clonotypes.IGH	301	301	55	55	22756	14639	9798	5412	0.999999999999999	0.9999999999999988	0.43056776234839156	0.3696973837010726	0.14963870743343757	0.39454164311662987	6.070573E-4	0.39897340167763756	0.3207313929512235	0.07411430896363111	0.04067208556610395	0.2167602666940336	0.022569324191484923	0.1005484461	0.45551914768832086	.	.
