1_sample_id	2_sample_id	div1	div2	div12	div21	count1	count2	count12	count21	freq1	freq2	freq12	freq21	R	Rs	D	F	F2	vJSD	vjJSD	vj2JSD	sJSD	Jaccard	MorisitaHorn	1_metadata_blank	2_metadata_blank
col_ccp2_LN_bulk_1_1_1_top125.clonotypes.IGHG	col_ccp2_LN_bulk_2_1_1_top125.clonotypes.IGHG	125	125	40	40	3441	651	1293	256	1.0000000000000007	0.999999999999999	0.3757628596338275	0.3932411674347158	0.026796671752887025	-0.051109107502062254	0.00256	0.3844026867765281	0.33988073216684983	0.16515605338308248	0.10291615752453716	0.3127176110192993	0.08786091385444364	0.1904761905	0.5533649052747017	.	.
col_ccp2_LN_bulk_1_1_1_top125.clonotypes.IGHG	col_ccp2_LN_bulk_3_1_1_top125.clonotypes.IGHG	125	125	38	38	3441	3882	1139	2134	1.0000000000000007	1.0	0.3310084277826214	0.5497166409067492	0.45285133415500156	0.30042791867680924	0.002432	0.4265686826672663	0.3713663379273935	0.15934096355487953	0.10958665087666876	0.32456182244579296	0.10923953244424141	0.179245283	0.4024368328692264	.	.
col_ccp2_LN_bulk_1_1_1_top125.clonotypes.IGHG	col_ccp2_LN_PCsort_1_1_1_top125.clonotypes.IGHG	125	125	21	21	3441	5103	669	1195	1.0000000000000007	0.9999999999999998	0.19442022667829117	0.2341759749167156	-0.008855348007003125	-0.15299508348190805	0.001344	0.2133741927364171	0.18152695438298946	0.19590807196272775	0.11702726741992152	0.34947118617722245	0.09635400308285301	0.0917030568	0.6024511657584467	.	.
col_ccp2_LN_bulk_1_1_1_top125.clonotypes.IGHG	col_ccp2_LN_PCsort_2_1_1_top125.clonotypes.IGHG	125	125	41	41	3441	715	1054	314	1.0000000000000007	1.0000000000000004	0.30630630630630634	0.43916083916083914	0.11251891968171193	0.05271631419392519	0.002624	0.3667665940591298	0.3275580016053234	0.18021890844955035	0.11748718324249599	0.38692122855859207	0.08873320898991208	0.1961722488	0.5322992675357578	.	.
col_ccp2_LN_bulk_1_1_1_top125.clonotypes.IGHG	col_ccp2_LN_PCsort_3_1_1_top125.clonotypes.IGHG	125	125	73	73	3441	1509	2699	1304	1.0000000000000007	1.000000000000002	0.7843650101714621	0.8641484426772698	0.8650007804603559	0.6326206349052986	0.004672	0.8232908368433417	0.7677787374623485	0.1902031807783125	0.10303006758490113	0.30207545455520496	0.04183500855235421	0.4124293785	0.6407553883339424	.	.
col_ccp2_LN_bulk_1_1_1_top125.clonotypes.IGHG	col_ccp2_PBMC_bulk_1_1_1_top125.clonotypes.IGHG	125	125	24	24	3441	1314	596	348	1.0000000000000007	0.9999999999999972	0.17320546352804414	0.2648401826484018	0.1957473073863908	0.1022106105560903	0.001536	0.21417695159953207	0.2004755496193133	0.15753245724992376	0.1077259240144773	0.3276882629501369	0.06409211480312466	0.1061946903	0.6618763809292296	.	.
col_ccp2_LN_bulk_1_1_1_top125.clonotypes.IGHG	col_ccp2_PBMC_bulk_1_1_2_top125.clonotypes.IGHG	125	125	18	18	3441	1408	628	252	1.0000000000000007	1.0000000000000007	0.18250508573089216	0.1789772727272727	0.11354838559742743	0.14055227203490916	0.001152	0.18073257178210067	0.16883450468914513	0.14806845109995367	0.08840412181178293	0.3441825457984792	0.08131046206527831	0.0775862069	0.7807338795253128	.	.
col_ccp2_LN_bulk_1_1_1_top125.clonotypes.IGHG	col_ccp2_PBMC_PCsort_1_1_2_top125.clonotypes.IGHG	125	125	20	20	3441	1261	522	240	1.0000000000000007	0.9999999999999984	0.15170008718395814	0.19032513877874702	-0.12092387424835147	0.15951580680567393	0.00128	0.16991862801363145	0.15121320885092115	0.24203224433101986	0.16356300151658335	0.42306360342161564	0.07925248270733426	0.0869565217	0.5168486636035938	.	.
col_ccp2_LN_bulk_1_1_1_top125.clonotypes.IGHG	col_ccp2_tum_bulk_1_1_1_top125.clonotypes.IGHG	125	125	27	27	3441	2642	913	1069	1.0000000000000007	0.9999999999999987	0.26532984597500725	0.40461771385314155	0.6392777861020134	0.33363960028544676	0.001728	0.3276540182805845	0.30913261791488866	0.20355100966094047	0.10975801243337861	0.3729946807653807	0.12204314928642293	0.1210762332	0.7896646689786134	.	.
col_ccp2_LN_bulk_1_1_1_top125.clonotypes.IGHG	col_ccp2_tum_bulk_1_2_1_top125.clonotypes.IGHG	125	125	38	38	3441	6088	1117	3419	1.0000000000000007	1.0000000000000002	0.32461493751816334	0.5615965834428384	0.5368209360914298	0.4251625119918085	0.002432	0.42696913219190796	0.36359898035681276	0.25742402074433024	0.14831361084226508	0.39241136101257945	0.16310349419637832	0.179245283	0.3869539895889086	.	.
col_ccp2_LN_bulk_1_1_1_top125.clonotypes.IGHG	col_ccp2_tum_bulk_1_3_1_top125.clonotypes.IGHG	125	125	37	37	3441	2262	1199	803	1.0000000000000007	0.9999999999999994	0.3484452194129614	0.3549955791335102	0.45243728060908933	0.045608862675331575	0.002368	0.35170514989378143	0.32280276802806473	0.1176712161553723	0.07487861251002376	0.3050273874589864	0.08584643412295687	0.1737089202	0.739311114596174	.	.
col_ccp2_LN_bulk_1_1_1_top125.clonotypes.IGHG	col_ccp2_tum_PCsort_1_1_1_top125.clonotypes.IGHG	125	125	26	26	3441	1290	785	485	1.0000000000000007	1.0000000000000007	0.2281313571636152	0.375968992248062	0.37553087765684967	0.5016358201256315	0.001664	0.292865696955084	0.2673797702173741	0.16554418373162774	0.08770997595969034	0.45169969582399444	0.10670233282921125	0.1160714286	0.6002935313728429	.	.
col_ccp2_LN_bulk_1_1_1_top125.clonotypes.IGHG	col_ccp2_tum_PCsort_1_2_1_top125.clonotypes.IGHG	125	125	27	27	3441	2848	849	1824	1.0000000000000007	1.0000000000000004	0.24673060156931123	0.6404494382022472	0.5232732296677111	0.12249273991733987	0.001728	0.39751537726529257	0.3094600983276619	0.29904535370566115	0.18078217358276166	0.5151525534883012	0.18666973963461195	0.1210762332	0.200070048417836	.	.
col_ccp2_LN_bulk_1_1_1_top125.clonotypes.IGHG	col_ccp2_tum_PCsort_1_3_1_top125.clonotypes.IGHG	125	125	23	23	3441	1282	825	408	1.0000000000000007	1.0000000000000002	0.23975588491717525	0.3182527301092044	0.4114722544142069	0.22453537804491613	0.001472	0.27622991317856804	0.25030824054161216	0.18900020552435004	0.1071569316791831	0.3734879984825124	0.10324045950441604	0.1013215859	0.6930543752257728	.	.
col_ccp2_LN_bulk_2_1_1_top125.clonotypes.IGHG	col_ccp2_LN_bulk_3_1_1_top125.clonotypes.IGHG	125	125	27	27	651	3882	199	1690	0.999999999999999	1.0	0.30568356374808	0.43534260690365784	0.07816869465577125	-0.10582909479025812	0.001728	0.364797312941981	0.27961966988082226	0.12713167278054455	0.07878752487682401	0.3676864561396698	0.10148190038879727	0.1210762332	0.29899470872834943	.	.
col_ccp2_LN_bulk_2_1_1_top125.clonotypes.IGHG	col_ccp2_LN_PCsort_1_1_1_top125.clonotypes.IGHG	125	125	26	26	651	5103	180	1293	0.999999999999999	0.9999999999999998	0.27649769585253464	0.25338036449147555	0.07901319964367375	0.150590703628518	0.001664	0.2646867714038017	0.22043717380019892	0.2178044746579819	0.12119580856212521	0.39339762721594607	0.08364700669711445	0.1160714286	0.4920717359192751	.	.
col_ccp2_LN_bulk_2_1_1_top125.clonotypes.IGHG	col_ccp2_LN_PCsort_2_1_1_top125.clonotypes.IGHG	125	125	61	61	651	715	461	522	0.999999999999999	1.0000000000000004	0.7081413210445467	0.7300699300699303	0.6970676186539017	0.5398386816018869	0.003904	0.7190220335529505	0.6854969205397097	0.09393880514361105	0.051632938980549735	0.1789550158937975	0.016235535424040985	0.3227513228	0.85760039188082	.	.
col_ccp2_LN_bulk_2_1_1_top125.clonotypes.IGHG	col_ccp2_LN_PCsort_3_1_1_top125.clonotypes.IGHG	125	125	40	40	651	1509	254	477	0.999999999999999	1.000000000000002	0.3901689708141321	0.31610337972167	-0.034092446117851574	0.12575564556812838	0.00256	0.3511890236565955	0.3011006747049751	0.281219824905398	0.1781819841285362	0.4483710225297027	0.10856556274722146	0.1904761905	0.45201876178993855	.	.
col_ccp2_LN_bulk_2_1_1_top125.clonotypes.IGHG	col_ccp2_PBMC_bulk_1_1_1_top125.clonotypes.IGHG	125	125	30	30	651	1314	226	486	0.999999999999999	0.9999999999999972	0.34715821812596004	0.36986301369863017	0.5133485452412018	0.2590810741860469	0.00192	0.35833083147604533	0.3317738889960692	0.11691983316297154	0.0764077352505411	0.2646709690893483	0.0532877537717119	0.1363636364	0.7514021751028528	.	.
col_ccp2_LN_bulk_2_1_1_top125.clonotypes.IGHG	col_ccp2_PBMC_bulk_1_1_2_top125.clonotypes.IGHG	125	125	21	21	651	1408	172	363	0.999999999999999	1.0000000000000007	0.26420890937019975	0.25781250000000006	0.2821597489898895	0.1579857258521964	0.001344	0.26099110990032715	0.2364730568586091	0.17386025694627977	0.09271424039901391	0.3431236413371807	0.09639532536086684	0.0917030568	0.6716773224098523	.	.
col_ccp2_LN_bulk_2_1_1_top125.clonotypes.IGHG	col_ccp2_PBMC_PCsort_1_1_2_top125.clonotypes.IGHG	125	125	24	24	651	1261	185	283	0.999999999999999	0.9999999999999984	0.28417818740399386	0.2244250594766059	0.1947724043840532	0.034842600485100496	0.001536	0.2525405048899985	0.22293838831965931	0.2503392861779531	0.15123277403415414	0.38061043047322374	0.07197550454208293	0.1061946903	0.5600480802873851	.	.
col_ccp2_LN_bulk_2_1_1_top125.clonotypes.IGHG	col_ccp2_tum_bulk_1_1_1_top125.clonotypes.IGHG	125	125	17	17	651	2642	161	746	0.999999999999999	0.9999999999999987	0.24731182795698933	0.28236184708554124	-0.26389379061350854	-0.16305644689325785	0.001088	0.26425636141451186	0.20524015870244838	0.23814044617569025	0.14148368253352187	0.4215844808175987	0.24766358969862867	0.0729613734	0.4089385106149983	.	.
col_ccp2_LN_bulk_2_1_1_top125.clonotypes.IGHG	col_ccp2_tum_bulk_1_2_1_top125.clonotypes.IGHG	125	125	19	19	651	6088	119	2159	0.999999999999999	1.0000000000000002	0.18279569892473124	0.35463206307490136	0.045980505404146985	0.14890617288684574	0.001216	0.25460796497929117	0.1905136570097979	0.3378231936892575	0.18333836242571838	0.5027138371284922	0.2731176948755489	0.0822510823	0.20362956985600578	.	.
col_ccp2_LN_bulk_2_1_1_top125.clonotypes.IGHG	col_ccp2_tum_bulk_1_3_1_top125.clonotypes.IGHG	125	125	26	26	651	2262	156	745	0.999999999999999	0.9999999999999994	0.23963133640553005	0.32935455349248455	0.08285427597876356	0.3942427889631479	0.001664	0.2809335718718051	0.24407103694910584	0.20186720423226992	0.10674426702424865	0.3692882394371897	0.12891279509300016	0.1160714286	0.465849726232625	.	.
col_ccp2_LN_bulk_2_1_1_top125.clonotypes.IGHG	col_ccp2_tum_PCsort_1_1_1_top125.clonotypes.IGHG	125	125	10	10	651	1290	54	341	0.999999999999999	1.0000000000000007	0.08294930875576036	0.26434108527131783	0.08409393026958652	-0.38267271927166924	6.4E-4	0.1480773794304968	0.135673693596709	0.2542417719653012	0.14199586099426217	0.5307941021806291	0.24450747466793465	0.0416666667	0.40660628489923656	.	.
col_ccp2_LN_bulk_2_1_1_top125.clonotypes.IGHG	col_ccp2_tum_PCsort_1_2_1_top125.clonotypes.IGHG	125	125	13	13	651	2848	81	1284	0.999999999999999	1.0000000000000004	0.12442396313364053	0.45084269662921345	-0.0069549720624874625	0.097633662812743	8.32E-4	0.23684517108116082	0.15460258025541077	0.40346717806180715	0.21206313668334545	0.590234175670107	0.29677432590770264	0.0548523207	0.07725252334864711	.	.
col_ccp2_LN_bulk_2_1_1_top125.clonotypes.IGHG	col_ccp2_tum_PCsort_1_3_1_top125.clonotypes.IGHG	125	125	22	22	651	1282	136	400	0.999999999999999	1.0000000000000002	0.20890937019969286	0.31201248049922	-0.09594168722685195	0.2113402109643947	0.001408	0.2553083053790769	0.21506662429289383	0.28909760282958946	0.1463330430009059	0.43570442198029374	0.16982174079035287	0.0964912281	0.43374593749633356	.	.
col_ccp2_LN_bulk_3_1_1_top125.clonotypes.IGHG	col_ccp2_LN_PCsort_1_1_1_top125.clonotypes.IGHG	125	125	29	29	3882	5103	1761	1699	1.0	0.9999999999999998	0.4536321483771252	0.3329414070154811	0.3412656396278113	-0.2936098952709007	0.001856	0.38862954821801127	0.30318589028682735	0.14627830827404054	0.08139828988243676	0.32309697451942104	0.111588300299033	0.1312217195	0.4162661696359632	.	.
col_ccp2_LN_bulk_3_1_1_top125.clonotypes.IGHG	col_ccp2_LN_PCsort_2_1_1_top125.clonotypes.IGHG	125	125	25	25	3882	715	1566	202	1.0	1.0000000000000004	0.4034003091190108	0.2825174825174826	-0.04728821343416849	-0.041052227669100896	0.0016	0.337590935570073	0.24481409880822627	0.19755163966137557	0.11886444485979686	0.4130799540033165	0.09603325179885584	0.1111111111	0.22367291441974785	.	.
col_ccp2_LN_bulk_3_1_1_top125.clonotypes.IGHG	col_ccp2_LN_PCsort_3_1_1_top125.clonotypes.IGHG	125	125	30	30	3882	1509	1871	363	1.0	1.000000000000002	0.4819680577022153	0.24055666003976148	0.41002742505558215	0.3285207278957971	0.00192	0.3405005524322919	0.2927873864610735	0.2844036231391252	0.1992911942338496	0.44462361871983347	0.16977314267722238	0.1363636364	0.37593040137991196	.	.
col_ccp2_LN_bulk_3_1_1_top125.clonotypes.IGHG	col_ccp2_PBMC_bulk_1_1_1_top125.clonotypes.IGHG	125	125	13	13	3882	1314	490	302	1.0	0.9999999999999972	0.12622359608449252	0.2298325722983257	-0.06194872603901215	0.08815426997245136	8.32E-4	0.17032408453546372	0.14105679073824454	0.16625410768177093	0.10752325819357969	0.38471641454330635	0.07504811192575078	0.0548523207	0.40417136535215337	.	.
col_ccp2_LN_bulk_3_1_1_top125.clonotypes.IGHG	col_ccp2_PBMC_bulk_1_1_2_top125.clonotypes.IGHG	125	125	9	9	3882	1408	432	192	1.0	1.0000000000000007	0.11128284389489955	0.13636363636363635	-0.15177312646799584	0.09704727739241709	5.76E-4	0.12318657905143479	0.1044974401436542	0.21344867905304693	0.1122272416976531	0.42882902675981044	0.09396368386600056	0.0373443983	0.5392685035091175	.	.
col_ccp2_LN_bulk_3_1_1_top125.clonotypes.IGHG	col_ccp2_PBMC_PCsort_1_1_2_top125.clonotypes.IGHG	125	125	13	13	3882	1261	913	168	1.0	0.9999999999999984	0.23518804739824833	0.13322759714512294	0.023459829063698607	0.3047196634629944	8.32E-4	0.1770128199654531	0.13956605064413102	0.2667185560228025	0.15409901495897674	0.4653183268182932	0.07572743999496777	0.0548523207	0.2811148403488172	.	.
col_ccp2_LN_bulk_3_1_1_top125.clonotypes.IGHG	col_ccp2_tum_bulk_1_1_1_top125.clonotypes.IGHG	125	125	27	27	3882	2642	1617	986	1.0	0.9999999999999987	0.4165378670788253	0.3732021196063588	0.33600980250443707	0.2401773681752637	0.001728	0.3942750497940864	0.3191304827249952	0.22410940348856462	0.13544276557801663	0.37719380549957315	0.14584492059289444	0.1210762332	0.47069572230302786	.	.
col_ccp2_LN_bulk_3_1_1_top125.clonotypes.IGHG	col_ccp2_tum_bulk_1_2_1_top125.clonotypes.IGHG	125	125	27	27	3882	6088	1621	3311	1.0	1.0000000000000002	0.4175682637815558	0.5438567674113008	0.26218429254333664	0.5388617900186071	0.001728	0.47654729682769825	0.36192805939264633	0.27745414011218955	0.14346781658832836	0.38792368511514536	0.149686305553913	0.1210762332	0.42137899188471434	.	.
col_ccp2_LN_bulk_3_1_1_top125.clonotypes.IGHG	col_ccp2_tum_bulk_1_3_1_top125.clonotypes.IGHG	125	125	34	34	3882	2262	1924	912	1.0	0.9999999999999994	0.4956208140133951	0.4031830238726791	0.2504866308529599	0.1630261213743377	0.002176	0.4470189017123989	0.37031157724063923	0.1492160494569226	0.08321163887747099	0.309234831126856	0.10480195509026088	0.1574074074	0.4221435041839187	.	.
col_ccp2_LN_bulk_3_1_1_top125.clonotypes.IGHG	col_ccp2_tum_PCsort_1_1_1_top125.clonotypes.IGHG	125	125	20	20	3882	1290	1460	466	1.0	1.0000000000000007	0.3760947964966512	0.36124031007751933	0.11329947112436912	0.021148060381969824	0.00128	0.3685927304017156	0.2654298776517572	0.20789120006737058	0.1214310016650629	0.42767536202075906	0.1574435735799558	0.0869565217	0.3590695606845674	.	.
col_ccp2_LN_bulk_3_1_1_top125.clonotypes.IGHG	col_ccp2_tum_PCsort_1_2_1_top125.clonotypes.IGHG	125	125	24	24	3882	2848	1157	1794	1.0	1.0000000000000004	0.2980422462648119	0.6299157303370787	0.2816442220241102	0.5781556710314174	0.001536	0.4332914714452645	0.3309484915877554	0.32200952495770635	0.16919226977425775	0.4923291239092074	0.17063266976748345	0.1061946903	0.272501215655188	.	.
col_ccp2_LN_bulk_3_1_1_top125.clonotypes.IGHG	col_ccp2_tum_PCsort_1_3_1_top125.clonotypes.IGHG	125	125	17	17	3882	1282	1359	294	1.0	1.0000000000000002	0.3500772797527047	0.22932917316692664	0.29127357815829535	0.6290243299482194	0.001088	0.2833424308327551	0.23485990204675797	0.24779222177588725	0.13455521629486605	0.4464759715827468	0.11692563743711372	0.0729613734	0.398745728085258	.	.
col_ccp2_LN_PCsort_1_1_1_top125.clonotypes.IGHG	col_ccp2_LN_PCsort_2_1_1_top125.clonotypes.IGHG	125	125	25	25	5103	715	1227	220	0.9999999999999998	1.0000000000000004	0.24044679600235155	0.3076923076923077	-0.07195279899891696	0.04399745134339691	0.0016	0.27199931900500246	0.21854834866583256	0.21324774301495583	0.11635507407002471	0.42668890435507373	0.07750539796648334	0.1111111111	0.4165698792574941	.	.
col_ccp2_LN_PCsort_1_1_1_top125.clonotypes.IGHG	col_ccp2_LN_PCsort_3_1_1_top125.clonotypes.IGHG	125	125	23	23	5103	1509	1177	252	0.9999999999999998	1.000000000000002	0.2306486380560454	0.1669980119284294	0.3005633709292757	0.1420426134682276	0.001472	0.19625968513517866	0.17237143933779964	0.20133275879479293	0.1384955735449836	0.3465673529733441	0.13780281576749429	0.1013215859	0.6563810205240687	.	.
col_ccp2_LN_PCsort_1_1_1_top125.clonotypes.IGHG	col_ccp2_PBMC_bulk_1_1_1_top125.clonotypes.IGHG	125	125	12	12	5103	1314	419	164	0.9999999999999998	0.9999999999999972	0.08210856359004506	0.1248097412480974	0.08483920602915095	-0.010526380587337892	7.68E-4	0.10123215188825374	0.08745768976074275	0.164397833888117	0.09163127388705573	0.3668775265128804	0.05925081279882508	0.0504201681	0.5591493681707816	.	.
col_ccp2_LN_PCsort_1_1_1_top125.clonotypes.IGHG	col_ccp2_PBMC_bulk_1_1_2_top125.clonotypes.IGHG	125	125	8	8	5103	1408	242	127	0.9999999999999998	1.0000000000000007	0.0474230844601215	0.09019886363636363	0.5307528646836478	0.4550979795270384	5.12E-4	0.06540266300720679	0.06130706042342735	0.16604972806697918	0.08548128416675915	0.4025066594893376	0.09176684501747637	0.0330578512	0.7571798425573569	.	.
col_ccp2_LN_PCsort_1_1_1_top125.clonotypes.IGHG	col_ccp2_PBMC_PCsort_1_1_2_top125.clonotypes.IGHG	125	125	9	9	5103	1261	363	99	0.9999999999999998	0.9999999999999984	0.07113462669018224	0.07850911974623315	-0.1480888094733995	-0.6302743551120135	5.76E-4	0.07473096362902802	0.059649089483496766	0.16515133803776189	0.08997410565795283	0.3903354967144446	0.09125385929267604	0.0373443983	0.5153281015725073	.	.
col_ccp2_LN_PCsort_1_1_1_top125.clonotypes.IGHG	col_ccp2_tum_bulk_1_1_1_top125.clonotypes.IGHG	125	125	10	10	5103	2642	920	377	0.9999999999999998	0.9999999999999987	0.18028610621203212	0.14269492808478426	0.15576008372519445	0.28571560552963055	6.4E-4	0.16039299536018306	0.1478026579332361	0.3032753513238106	0.17624901087959108	0.4596926268893914	0.1872602021385761	0.0416666667	0.7255737357290774	.	.
col_ccp2_LN_PCsort_1_1_1_top125.clonotypes.IGHG	col_ccp2_tum_bulk_1_2_1_top125.clonotypes.IGHG	125	125	10	10	5103	6088	698	778	0.9999999999999998	1.0000000000000002	0.1367822849304331	0.1277923784494087	0.2897273200334493	0.5515151515151514	6.4E-4	0.13221094327250205	0.11247393785555114	0.424949570958433	0.22115578171517772	0.5552351105677633	0.25351088967637175	0.0416666667	0.5809666950465893	.	.
col_ccp2_LN_PCsort_1_1_1_top125.clonotypes.IGHG	col_ccp2_tum_bulk_1_3_1_top125.clonotypes.IGHG	125	125	14	14	5103	2262	917	272	0.9999999999999998	0.9999999999999994	0.17969821673525377	0.12024756852343058	0.2931233773343785	0.457974689231726	8.96E-4	0.1469975293343759	0.13368246771957967	0.2349293699297592	0.11992768940764024	0.3936229867953898	0.11439134803040928	0.0593220339	0.6725133472025522	.	.
col_ccp2_LN_PCsort_1_1_1_top125.clonotypes.IGHG	col_ccp2_tum_PCsort_1_1_1_top125.clonotypes.IGHG	125	125	8	8	5103	1290	639	210	0.9999999999999998	1.0000000000000007	0.12522045855379188	0.1627906976744186	0.14939815108799026	0.49999999999999994	5.12E-4	0.1427750882019773	0.12329212673039852	0.26890416409165624	0.15284540015734877	0.5067482207297528	0.21495501000127973	0.0330578512	0.5503872210748085	.	.
col_ccp2_LN_PCsort_1_1_1_top125.clonotypes.IGHG	col_ccp2_tum_PCsort_1_2_1_top125.clonotypes.IGHG	125	125	7	7	5103	2848	425	240	0.9999999999999998	1.0000000000000004	0.08328434254360181	0.08426966292134833	0.5675392855939072	0.5357142857142857	4.48E-4	0.08377555414782666	0.07281329739368882	0.40009690980078444	0.21010813739527953	0.5764698549214011	0.26647213571038464	0.0288065844	0.634280738240298	.	.
col_ccp2_LN_PCsort_1_1_1_top125.clonotypes.IGHG	col_ccp2_tum_PCsort_1_3_1_top125.clonotypes.IGHG	125	125	16	16	5103	1282	818	150	0.9999999999999998	1.0000000000000002	0.16029786400156767	0.11700468018720751	0.7159339416696899	0.5710392304755859	0.001024	0.13695108729833402	0.12814158049048502	0.31699727396553556	0.16564021071753152	0.4482964769167414	0.1301092699905468	0.0683760684	0.8249240557711915	.	.
col_ccp2_LN_PCsort_2_1_1_top125.clonotypes.IGHG	col_ccp2_LN_PCsort_3_1_1_top125.clonotypes.IGHG	125	125	41	41	715	1509	320	425	1.0000000000000004	1.000000000000002	0.44755244755244755	0.28164347249834326	0.01953801582538809	0.10458076545575697	0.002624	0.35503552703047053	0.3040760185700102	0.268557029019638	0.1810415766458331	0.4853621998522232	0.12437554853785267	0.1961722488	0.4319270912033275	.	.
col_ccp2_LN_PCsort_2_1_1_top125.clonotypes.IGHG	col_ccp2_PBMC_bulk_1_1_1_top125.clonotypes.IGHG	125	125	26	26	715	1314	236	437	1.0000000000000004	0.9999999999999972	0.33006993006993	0.3325722983257231	0.509475782392958	0.40742443356516195	0.001664	0.33131875173549613	0.30548638622645796	0.13194118008425013	0.07689265950663528	0.27852639581243027	0.038095139970181234	0.1160714286	0.7400251388039184	.	.
col_ccp2_LN_PCsort_2_1_1_top125.clonotypes.IGHG	col_ccp2_PBMC_bulk_1_1_2_top125.clonotypes.IGHG	125	125	18	18	715	1408	193	330	1.0000000000000004	1.0000000000000007	0.26993006993006996	0.234375	0.1331780945718167	0.05000097659111144	0.001152	0.2515250686111827	0.22108063712270473	0.13818552104722723	0.07788104117214237	0.3103928683596522	0.08945385732335613	0.0775862069	0.6101395201733847	.	.
col_ccp2_LN_PCsort_2_1_1_top125.clonotypes.IGHG	col_ccp2_PBMC_PCsort_1_1_2_top125.clonotypes.IGHG	125	125	22	22	715	1261	233	325	1.0000000000000004	0.9999999999999984	0.32587412587412595	0.25773195876288657	0.14989312385964065	0.08635982519093437	0.001408	0.28980713719934836	0.25135960359152687	0.1926052197484491	0.1110797334475986	0.3330237098924307	0.07610034442714288	0.0964912281	0.5590099335407839	.	.
col_ccp2_LN_PCsort_2_1_1_top125.clonotypes.IGHG	col_ccp2_tum_bulk_1_1_1_top125.clonotypes.IGHG	125	125	14	14	715	2642	132	554	1.0000000000000004	0.9999999999999987	0.18461538461538463	0.20968962906888725	-0.2106760047953245	-0.21508606507519792	8.96E-4	0.19675347905541582	0.14425873871743783	0.324402811534392	0.1976281423999344	0.527351947574613	0.24789430448657698	0.0593220339	0.30844905824953833	.	.
col_ccp2_LN_PCsort_2_1_1_top125.clonotypes.IGHG	col_ccp2_tum_bulk_1_2_1_top125.clonotypes.IGHG	125	125	14	14	715	6088	86	1333	1.0000000000000004	1.0000000000000002	0.12027972027972025	0.21895532194480946	-0.010179232930660148	0.011303252852464505	8.96E-4	0.16228334750453532	0.12368605580741954	0.44365648661444396	0.2433339830531213	0.6259521540489307	0.29490059823526055	0.0593220339	0.29530222558803065	.	.
col_ccp2_LN_PCsort_2_1_1_top125.clonotypes.IGHG	col_ccp2_tum_bulk_1_3_1_top125.clonotypes.IGHG	125	125	26	26	715	2262	162	706	1.0000000000000004	0.9999999999999994	0.22657342657342663	0.31211317418213974	-0.024785178670485394	0.02997724016415632	0.001664	0.26592583806985765	0.2266115279434012	0.2355383332137488	0.12336306492068827	0.4182197762808481	0.12996048776202554	0.1160714286	0.4532781074444736	.	.
col_ccp2_LN_PCsort_2_1_1_top125.clonotypes.IGHG	col_ccp2_tum_PCsort_1_1_1_top125.clonotypes.IGHG	125	125	13	13	715	1290	57	383	1.0000000000000004	1.0000000000000007	0.07972027972027973	0.2968992248062015	0.22003380818435286	-0.01747141394536331	8.32E-4	0.153846966984353	0.1375914006439522	0.3024354672617647	0.1773743208760818	0.5562631001576638	0.23863406820359126	0.0548523207	0.30997026441873865	.	.
col_ccp2_LN_PCsort_2_1_1_top125.clonotypes.IGHG	col_ccp2_tum_PCsort_1_2_1_top125.clonotypes.IGHG	125	125	8	8	715	2848	76	449	1.0000000000000004	1.0000000000000004	0.10629370629370628	0.15765449438202248	-0.2644862510416459	-0.29452841620428966	5.12E-4	0.12945146009885505	0.08532276668890935	0.4968536163101225	0.2590170406981847	0.6905578224173193	0.3354034057044249	0.0330578512	0.28118466622777905	.	.
col_ccp2_LN_PCsort_2_1_1_top125.clonotypes.IGHG	col_ccp2_tum_PCsort_1_3_1_top125.clonotypes.IGHG	125	125	17	17	715	1282	134	274	1.0000000000000004	1.0000000000000002	0.18741258741258746	0.21372854914196565	-0.27036630726380395	-0.2701417098099141	0.001088	0.2001385030388559	0.1678076512981217	0.33993984197397414	0.17715133067472574	0.5198920971292782	0.18899522786903056	0.0729613734	0.5166739611851886	.	.
col_ccp2_LN_PCsort_3_1_1_top125.clonotypes.IGHG	col_ccp2_PBMC_bulk_1_1_1_top125.clonotypes.IGHG	125	125	19	19	1509	1314	175	360	1.000000000000002	0.9999999999999972	0.1159708416169649	0.273972602739726	-0.2302598835236728	-0.07634758598881147	0.001216	0.1782493571368952	0.15049636298879285	0.21391482748383306	0.15530363966704683	0.4206643789461918	0.12766554080688225	0.0822510823	0.31036403726547096	.	.
col_ccp2_LN_PCsort_3_1_1_top125.clonotypes.IGHG	col_ccp2_PBMC_bulk_1_1_2_top125.clonotypes.IGHG	125	125	18	18	1509	1408	170	344	1.000000000000002	1.0000000000000007	0.1126573889993373	0.2443181818181818	-0.05408914079875228	-0.13036930955951967	0.001152	0.1659043352317887	0.14622499750976375	0.20379381662710308	0.13482949165893965	0.4421865569775393	0.14297069822495168	0.0775862069	0.4963978383068087	.	.
col_ccp2_LN_PCsort_3_1_1_top125.clonotypes.IGHG	col_ccp2_PBMC_PCsort_1_1_2_top125.clonotypes.IGHG	125	125	19	19	1509	1261	171	282	1.000000000000002	0.9999999999999984	0.11332007952286284	0.22363203806502774	-0.19750624028240388	-0.07609818185762765	0.001216	0.1591917093864779	0.13557077982756888	0.24897464554477122	0.19035066458722605	0.44597188217725947	0.11492367918232275	0.0822510823	0.3526069415883469	.	.
col_ccp2_LN_PCsort_3_1_1_top125.clonotypes.IGHG	col_ccp2_tum_bulk_1_1_1_top125.clonotypes.IGHG	125	125	24	24	1509	2642	352	1083	1.000000000000002	0.9999999999999987	0.23326706428098082	0.40991672975018917	0.36173109758575595	0.5790388989316372	0.001536	0.3092249539550242	0.28335077716687124	0.21442436376129018	0.13173509350383575	0.4266483836025505	0.21616347938981945	0.1061946903	0.6253696676025655	.	.
col_ccp2_LN_PCsort_3_1_1_top125.clonotypes.IGHG	col_ccp2_tum_bulk_1_2_1_top125.clonotypes.IGHG	125	125	26	26	1509	6088	379	2496	1.000000000000002	1.0000000000000002	0.2511597084161697	0.40998685939553214	0.844250435229888	0.4883529074073856	0.001664	0.32089278592739195	0.29267732814829506	0.30698878483604797	0.19631193834854846	0.46206987106032293	0.24397705469478612	0.1160714286	0.5586312630891114	.	.
col_ccp2_LN_PCsort_3_1_1_top125.clonotypes.IGHG	col_ccp2_tum_bulk_1_3_1_top125.clonotypes.IGHG	125	125	29	29	1509	2262	413	668	1.000000000000002	0.9999999999999994	0.27369118621603716	0.2953138815207781	0.6525148118063454	0.21207675609275317	0.001856	0.2842970392731588	0.2617959825752782	0.23862221407096143	0.15538069496502513	0.4150535342803671	0.1906803835994414	0.1312217195	0.8192621963916719	.	.
col_ccp2_LN_PCsort_3_1_1_top125.clonotypes.IGHG	col_ccp2_tum_PCsort_1_1_1_top125.clonotypes.IGHG	125	125	22	22	1509	1290	341	512	1.000000000000002	1.0000000000000007	0.22597746852220016	0.3968992248062015	0.023407701076040312	0.34844260803216787	0.001408	0.29948335860299324	0.24590262343385635	0.2455886988916566	0.1446689815181723	0.526442062636377	0.20551669096036654	0.0964912281	0.4297572672943533	.	.
col_ccp2_LN_PCsort_3_1_1_top125.clonotypes.IGHG	col_ccp2_tum_PCsort_1_2_1_top125.clonotypes.IGHG	125	125	20	20	1509	2848	328	1537	1.000000000000002	1.0000000000000004	0.21736249171636848	0.5396769662921348	0.7958264785395088	0.18257622910588403	0.00128	0.3424989490716563	0.2865390183715069	0.3276567096350696	0.22416500724646463	0.5172276986854337	0.24154152779441526	0.0869565217	0.30607483176631245	.	.
col_ccp2_LN_PCsort_3_1_1_top125.clonotypes.IGHG	col_ccp2_tum_PCsort_1_3_1_top125.clonotypes.IGHG	125	125	21	21	1509	1282	351	397	1.000000000000002	1.0000000000000002	0.2326043737574553	0.3096723868954759	0.5436105026188174	0.30540604191555165	0.001344	0.26838619864627644	0.24392533099179198	0.24111189035108388	0.14902647567822222	0.39978048265547567	0.1787414658631214	0.0917030568	0.7562200930762423	.	.
col_ccp2_PBMC_bulk_1_1_1_top125.clonotypes.IGHG	col_ccp2_PBMC_bulk_1_1_2_top125.clonotypes.IGHG	125	125	34	34	1314	1408	565	533	0.9999999999999972	1.0000000000000007	0.4299847792998478	0.3785511363636364	0.709791560745073	0.36674267001340216	0.002176	0.4034491626252616	0.3853292589468265	0.08722685482098681	0.05598838765101777	0.23307793047234987	0.039068982950988256	0.1574074074	0.8307190919530261	.	.
col_ccp2_PBMC_bulk_1_1_1_top125.clonotypes.IGHG	col_ccp2_PBMC_PCsort_1_1_2_top125.clonotypes.IGHG	125	125	29	29	1314	1261	508	465	0.9999999999999972	0.9999999999999984	0.3866057838660578	0.3687549563838222	0.6408107285030907	0.4026352216965818	0.001856	0.3775748918655232	0.35323842017535517	0.14239889358151167	0.08082193012926168	0.2784996917101544	0.04347827592889075	0.1312217195	0.8194947439531635	.	.
col_ccp2_PBMC_bulk_1_1_1_top125.clonotypes.IGHG	col_ccp2_tum_bulk_1_1_1_top125.clonotypes.IGHG	125	125	5	5	1314	2642	160	70	0.9999999999999972	0.9999999999999987	0.121765601217656	0.02649507948523846	-0.5556353751365123	-0.7000000000000001	3.2E-4	0.056799553544281005	0.04610065198114152	0.20985086732249394	0.1364824500057518	0.4129615915928972	0.16913029381139882	0.0204081633	0.17318566384149886	.	.
col_ccp2_PBMC_bulk_1_1_1_top125.clonotypes.IGHG	col_ccp2_tum_bulk_1_2_1_top125.clonotypes.IGHG	125	125	8	8	1314	6088	151	200	0.9999999999999972	1.0000000000000002	0.11491628614916286	0.0328515111695138	0.9327113745630037	0.4457831325301205	5.12E-4	0.06144244182963652	0.05818361338694511	0.2758479852821551	0.1547493798013069	0.45990453842935086	0.2044446189732338	0.0330578512	0.3248674869951145	.	.
col_ccp2_PBMC_bulk_1_1_1_top125.clonotypes.IGHG	col_ccp2_tum_bulk_1_3_1_top125.clonotypes.IGHG	125	125	17	17	1314	2262	280	246	0.9999999999999972	0.9999999999999994	0.213089802130898	0.10875331564986737	0.7299388691168088	0.2243765776533581	0.001088	0.15223081985231943	0.14280313966566127	0.1656727832232819	0.08959937723273922	0.3113062308317606	0.06824785995628523	0.0729613734	0.5819088579653987	.	.
col_ccp2_PBMC_bulk_1_1_1_top125.clonotypes.IGHG	col_ccp2_tum_PCsort_1_1_1_top125.clonotypes.IGHG	125	125	6	6	1314	1290	44	93	0.9999999999999972	1.0000000000000007	0.0334855403348554	0.07209302325581396	-0.502606354895271	-0.6160411036336974	3.84E-4	0.04913322539885029	0.04507006577220623	0.19548162204288377	0.1286358791722143	0.5246329239643577	0.16108466314401934	0.0245901639	0.5048293247839206	.	.
col_ccp2_PBMC_bulk_1_1_1_top125.clonotypes.IGHG	col_ccp2_tum_PCsort_1_2_1_top125.clonotypes.IGHG	125	125	6	6	1314	2848	138	73	0.9999999999999972	1.0000000000000004	0.1050228310502283	0.025632022471910113	0.20817747573853118	0.10448925095464301	3.84E-4	0.051883981781885934	0.04571135911743992	0.32363607449976095	0.171851011962177	0.5219293012045974	0.2541209843338038	0.0245901639	0.22372031445791327	.	.
col_ccp2_PBMC_bulk_1_1_1_top125.clonotypes.IGHG	col_ccp2_tum_PCsort_1_3_1_top125.clonotypes.IGHG	125	125	8	8	1314	1282	150	72	0.9999999999999972	1.0000000000000002	0.1141552511415525	0.056162246489859596	0.0026781898179865414	-0.2237103913611652	5.12E-4	0.08007006527238315	0.06871543825449314	0.2229895020224341	0.126600444974201	0.40430906548104467	0.1358248711181308	0.0330578512	0.32905387145666587	.	.
col_ccp2_PBMC_bulk_1_1_2_top125.clonotypes.IGHG	col_ccp2_PBMC_PCsort_1_1_2_top125.clonotypes.IGHG	125	125	29	29	1408	1261	480	460	1.0000000000000007	0.9999999999999984	0.34090909090909083	0.3647898493259317	0.5427034896680739	0.17182513566057445	0.001856	0.3526473818229303	0.3274851084550778	0.1526575988094795	0.09205926963872098	0.3176130330811862	0.07906730098831427	0.1312217195	0.7716067628858178	.	.
col_ccp2_PBMC_bulk_1_1_2_top125.clonotypes.IGHG	col_ccp2_tum_bulk_1_1_1_top125.clonotypes.IGHG	125	125	10	10	1408	2642	163	274	1.0000000000000007	0.9999999999999987	0.11576704545454544	0.10370931112793338	-0.14726749318062832	0.10334394242561148	6.4E-4	0.10957244423397271	0.08779235708475482	0.2538675355280723	0.14264434440301285	0.4328035503631286	0.1319019126632939	0.0416666667	0.4195811648285847	.	.
col_ccp2_PBMC_bulk_1_1_2_top125.clonotypes.IGHG	col_ccp2_tum_bulk_1_2_1_top125.clonotypes.IGHG	125	125	12	12	1408	6088	180	552	1.0000000000000007	1.0000000000000002	0.12784090909090906	0.09067017082785808	0.035188845379828235	-0.08818685042742169	7.68E-4	0.10766316485252234	0.09344234323888909	0.3413719024829761	0.17516471549491694	0.49255650746410307	0.15462178609540564	0.0504201681	0.5510368952738077	.	.
col_ccp2_PBMC_bulk_1_1_2_top125.clonotypes.IGHG	col_ccp2_tum_bulk_1_3_1_top125.clonotypes.IGHG	125	125	17	17	1408	2262	246	314	1.0000000000000007	0.9999999999999994	0.17471590909090912	0.138815207780725	0.4198960690922119	-0.058533590901127655	0.001088	0.15573447024680442	0.14440331422665234	0.1963965105667408	0.09933167605522186	0.37705868117745195	0.05709699765869781	0.0729613734	0.7577414402767851	.	.
col_ccp2_PBMC_bulk_1_1_2_top125.clonotypes.IGHG	col_ccp2_tum_PCsort_1_1_1_top125.clonotypes.IGHG	125	125	5	5	1408	1290	48	90	1.0000000000000007	1.0000000000000007	0.03409090909090909	0.06976744186046512	-0.29549682056942955	0.09999999999999983	3.2E-4	0.04876920665717663	0.04138351863400647	0.21953426780023355	0.12007898593139177	0.47387311995652254	0.13329869897929536	0.0204081633	0.41541149544925476	.	.
col_ccp2_PBMC_bulk_1_1_2_top125.clonotypes.IGHG	col_ccp2_tum_PCsort_1_2_1_top125.clonotypes.IGHG	125	125	7	7	1408	2848	115	91	1.0000000000000007	1.0000000000000004	0.08167613636363637	0.03195224719101124	0.18078585068893668	0.12727272727272726	4.48E-4	0.051085576229476466	0.04691203412053792	0.3809923134285408	0.19746394791855892	0.5715146295337297	0.20651539081497966	0.0288065844	0.3864273093289775	.	.
col_ccp2_PBMC_bulk_1_1_2_top125.clonotypes.IGHG	col_ccp2_tum_PCsort_1_3_1_top125.clonotypes.IGHG	125	125	11	11	1408	1282	171	112	1.0000000000000007	1.0000000000000002	0.12144886363636363	0.0873634945397816	-0.22601749509667698	-0.5023254830704027	7.04E-4	0.10300581117178842	0.08767979114867054	0.25588558685559565	0.12973437821114894	0.4434629758184525	0.11413879246705581	0.0460251046	0.4757423320960518	.	.
col_ccp2_PBMC_PCsort_1_1_2_top125.clonotypes.IGHG	col_ccp2_tum_bulk_1_1_1_top125.clonotypes.IGHG	125	125	6	6	1261	2642	104	143	0.9999999999999984	0.9999999999999987	0.08247422680412371	0.054125662376987134	-0.3916596387249725	-0.4857142857142858	3.84E-4	0.0668129639725934	0.05251940079751089	0.31096870726811787	0.2052914902692863	0.4990258756540465	0.15094327079200612	0.0245901639	0.3244752037459881	.	.
col_ccp2_PBMC_PCsort_1_1_2_top125.clonotypes.IGHG	col_ccp2_tum_bulk_1_2_1_top125.clonotypes.IGHG	125	125	8	8	1261	6088	117	308	0.9999999999999984	1.0000000000000002	0.09278350515463916	0.05059132720105124	0.12477979526628687	0.09581010095306043	5.12E-4	0.068513069323588	0.058700626948270475	0.43074755904952516	0.23900087062438205	0.5478216400657725	0.2104016913534053	0.0330578512	0.42356572823736266	.	.
col_ccp2_PBMC_PCsort_1_1_2_top125.clonotypes.IGHG	col_ccp2_tum_bulk_1_3_1_top125.clonotypes.IGHG	125	125	12	12	1261	2262	216	208	0.9999999999999984	0.9999999999999994	0.17129262490087235	0.09195402298850573	0.357773553948378	-0.20950704225352093	7.68E-4	0.12550317114677345	0.1110970217294827	0.25159272122215387	0.13801446643702964	0.39922617678725797	0.10762002829587769	0.0504201681	0.5320429328673045	.	.
col_ccp2_PBMC_PCsort_1_1_2_top125.clonotypes.IGHG	col_ccp2_tum_PCsort_1_1_1_top125.clonotypes.IGHG	125	125	6	6	1261	1290	43	81	0.9999999999999984	1.0000000000000007	0.03409992069785884	0.06279069767441861	-0.0769634847028194	0.43771377963650565	3.84E-4	0.04627264646917122	0.04277507003849324	0.24478645668513113	0.16521743079582618	0.5217352951249988	0.14094378824529621	0.0245901639	0.5243919810253175	.	.
col_ccp2_PBMC_PCsort_1_1_2_top125.clonotypes.IGHG	col_ccp2_tum_PCsort_1_2_1_top125.clonotypes.IGHG	125	125	4	4	1261	2848	110	38	0.9999999999999984	1.0000000000000004	0.08723235527359238	0.013342696629213483	0.7029594668713642	0.4	2.56E-4	0.034116196339382766	0.03233292613583662	0.4166643467859756	0.22499079585593604	0.5858651246911145	0.2519779296328327	0.0162601626	0.23556837821620144	.	.
col_ccp2_PBMC_PCsort_1_1_2_top125.clonotypes.IGHG	col_ccp2_tum_PCsort_1_3_1_top125.clonotypes.IGHG	125	125	8	8	1261	1282	148	91	0.9999999999999984	1.0000000000000002	0.11736716891356067	0.07098283931357253	-0.19773825536489256	0.21557272714438672	5.12E-4	0.09127461252550023	0.07574586628165628	0.3012190212769435	0.1735485180914928	0.45218425475241947	0.14415559135257702	0.0330578512	0.41922420537549027	.	.
col_ccp2_tum_bulk_1_1_1_top125.clonotypes.IGHG	col_ccp2_tum_bulk_1_2_1_top125.clonotypes.IGHG	125	125	47	47	2642	6088	1764	4036	0.9999999999999987	1.0000000000000002	0.6676760030280091	0.6629434954007885	0.26477021733671646	0.2702210108457446	0.003008	0.665305541268533	0.5463670109278305	0.08446251036067108	0.05251854147244881	0.2330879827213152	0.08318359140696772	0.2315270936	0.4587200786816	.	.
col_ccp2_tum_bulk_1_1_1_top125.clonotypes.IGHG	col_ccp2_tum_bulk_1_3_1_top125.clonotypes.IGHG	125	125	35	35	2642	2262	1216	1103	0.9999999999999987	0.9999999999999994	0.46025738077214234	0.4876215738284705	0.48090919239983	0.4541373214361848	0.00224	0.4737419428109376	0.4338986798518205	0.11033657204776055	0.07297207231502573	0.2765772099449233	0.07672324969053476	0.1627906977	0.7188883553667821	.	.
col_ccp2_tum_bulk_1_1_1_top125.clonotypes.IGHG	col_ccp2_tum_PCsort_1_1_1_top125.clonotypes.IGHG	125	125	44	44	2642	1290	1701	779	0.9999999999999987	1.0000000000000007	0.6438304314912945	0.6038759689922483	0.7621432574102789	0.5414287063379675	0.002816	0.6235332594846107	0.5852652742083966	0.07391205420648808	0.03984451756196335	0.21576276326265995	0.022773766980185566	0.213592233	0.8460511818450598	.	.
col_ccp2_tum_bulk_1_1_1_top125.clonotypes.IGHG	col_ccp2_tum_PCsort_1_2_1_top125.clonotypes.IGHG	125	125	35	35	2642	2848	1268	1926	0.9999999999999987	1.0000000000000004	0.47993943981831955	0.6762640449438203	0.21606739714619047	0.3493961183986167	0.00224	0.569706755181653	0.4311752967443292	0.11761790589768246	0.08206733251876053	0.3518277803339218	0.13385122579342126	0.1627906977	0.22733412413837117	.	.
col_ccp2_tum_bulk_1_1_1_top125.clonotypes.IGHG	col_ccp2_tum_PCsort_1_3_1_top125.clonotypes.IGHG	125	125	27	27	2642	1282	1092	452	0.9999999999999987	1.0000000000000002	0.4133232399697199	0.3525741029641187	0.39209165445196	0.46870723140081955	0.001728	0.38174215193838257	0.3461683152207926	0.17084947269728526	0.09997641457556043	0.30796641994188506	0.0778622080773832	0.1210762332	0.7033317415057299	.	.
col_ccp2_tum_bulk_1_2_1_top125.clonotypes.IGHG	col_ccp2_tum_bulk_1_3_1_top125.clonotypes.IGHG	125	125	41	41	6088	2262	3958	1180	1.0000000000000002	0.9999999999999994	0.6501314060446778	0.521662245800177	0.7249645685676763	0.56933323444788	0.002624	0.5823650138379651	0.53594277260082	0.1384211285556052	0.07532903374809177	0.2201078578359784	0.08533435019756873	0.1961722488	0.6922284398971807	.	.
col_ccp2_tum_bulk_1_2_1_top125.clonotypes.IGHG	col_ccp2_tum_PCsort_1_1_1_top125.clonotypes.IGHG	125	125	41	41	6088	1290	3688	787	1.0000000000000002	1.0000000000000007	0.6057818659658342	0.6100775193798452	0.01602628825088041	0.11511081086249457	0.002624	0.6079258985055086	0.44040568099354455	0.1146205667938849	0.06767685374456282	0.3296900324666258	0.0869005349375116	0.1961722488	0.28487360937851136	.	.
col_ccp2_tum_bulk_1_2_1_top125.clonotypes.IGHG	col_ccp2_tum_PCsort_1_2_1_top125.clonotypes.IGHG	125	125	55	55	6088	2848	4860	2342	1.0000000000000002	1.0000000000000004	0.7982917214191854	0.8223314606741573	0.9188878138020266	0.48366186357442276	0.00352	0.8102224369386015	0.7645487292725229	0.05585532085169646	0.03450735960798289	0.14459961578779143	0.030377208225680023	0.2820512821	0.8289881228691189	.	.
col_ccp2_tum_bulk_1_2_1_top125.clonotypes.IGHG	col_ccp2_tum_PCsort_1_3_1_top125.clonotypes.IGHG	125	125	29	29	6088	1282	3698	516	1.0000000000000002	1.0000000000000002	0.6074244415243101	0.4024960998439938	0.587175323877728	0.4134143469864414	0.001856	0.4944552241239351	0.4165754487969955	0.13968623404554134	0.07786003821150833	0.25318939356274367	0.05889428901880534	0.1312217195	0.565531190531563	.	.
col_ccp2_tum_bulk_1_3_1_top125.clonotypes.IGHG	col_ccp2_tum_PCsort_1_1_1_top125.clonotypes.IGHG	125	125	31	31	2262	1290	1052	555	0.9999999999999994	1.0000000000000007	0.4650751547303271	0.43023255813953487	0.1622478931155767	0.28344642876933296	0.001984	0.4473147365633829	0.3801572578571525	0.07905586943721328	0.05277385235516969	0.32823547419577126	0.07229510407897109	0.1415525114	0.5335811468996128	.	.
col_ccp2_tum_bulk_1_3_1_top125.clonotypes.IGHG	col_ccp2_tum_PCsort_1_2_1_top125.clonotypes.IGHG	125	125	31	31	2262	2848	992	2006	0.9999999999999994	1.0000000000000004	0.43854995579133516	0.7043539325842697	0.5447018250495869	0.5282278275877312	0.001984	0.5557826787479838	0.47385914189662437	0.1836173453396452	0.09637090676945778	0.2980672642687226	0.14542727588793417	0.1415525114	0.3948950032088435	.	.
col_ccp2_tum_bulk_1_3_1_top125.clonotypes.IGHG	col_ccp2_tum_PCsort_1_3_1_top125.clonotypes.IGHG	125	125	45	45	2262	1282	1375	795	0.9999999999999994	1.0000000000000002	0.607869142351901	0.6201248049921998	0.5163126988054894	0.48989965200158103	0.00288	0.6139663943260644	0.5669878692439273	0.11153479211727987	0.05855280129936059	0.20174919620655457	0.056699380179853875	0.2195121951	0.7525919814845272	.	.
col_ccp2_tum_PCsort_1_1_1_top125.clonotypes.IGHG	col_ccp2_tum_PCsort_1_2_1_top125.clonotypes.IGHG	125	125	29	29	1290	2848	427	1845	1.0000000000000007	1.0000000000000004	0.3310077519379845	0.6478230337078652	0.06384717916604088	0.2085654308913073	0.001856	0.46307067067704216	0.3261876977357568	0.14496646544823935	0.09333764519091277	0.4615168277110933	0.15366621473969974	0.1312217195	0.13914880247511294	.	.
col_ccp2_tum_PCsort_1_1_1_top125.clonotypes.IGHG	col_ccp2_tum_PCsort_1_3_1_top125.clonotypes.IGHG	125	125	29	29	1290	1282	480	494	1.0000000000000007	1.0000000000000002	0.37209302325581395	0.38533541341653677	0.24457977611536677	0.2530597590623589	0.001856	0.37865633356077394	0.3343314638400874	0.1464969116860232	0.08209667816714425	0.3916402696319167	0.08211504577658997	0.1312217195	0.6514538880563967	.	.
col_ccp2_tum_PCsort_1_2_1_top125.clonotypes.IGHG	col_ccp2_tum_PCsort_1_3_1_top125.clonotypes.IGHG	125	125	25	25	2848	1282	1947	465	1.0000000000000004	1.0000000000000002	0.6836376404494382	0.3627145085803432	0.6131113135205154	0.38078694305643385	0.0016	0.49796113382737345	0.40984142119215083	0.19567332283393615	0.10709514342115888	0.3169866278898954	0.0859891248357107	0.1111111111	0.36274784187692216	.	.
