1_sample_id	2_sample_id	div1	div2	div12	div21	count1	count2	count12	count21	freq1	freq2	freq12	freq21	R	Rs	D	F	F2	vJSD	vjJSD	vj2JSD	sJSD	Jaccard	MorisitaHorn	1_metadata_blank	2_metadata_blank
col_ccp3_LN_bulk_1_1_1_top152.clonotypes.IGH	col_ccp3_LN_bulk_2_1_1_top152.clonotypes.IGH	152	152	22	22	761	820	216	233	1.0	1.0000000000000007	0.28383705650459923	0.2841463414634147	0.7639087851949865	0.2167802264244563	9.522161E-4	0.2839916568801386	0.26260142051976015	0.10175486845460378	0.05864074202339408	0.3270082648883511	0.07014215843643236	0.0780141844	0.8159356295372	.	.
col_ccp3_LN_bulk_1_1_1_top152.clonotypes.IGH	col_ccp3_LN_bulk_3_1_1_top152.clonotypes.IGH	152	152	19	19	761	4992	185	1115	1.0	1.0000000000000004	0.2431011826544021	0.2233573717948718	-0.03904233280274297	0.3409808536908371	8.223684E-4	0.23302025928642411	0.18523892169836897	0.18075780684996604	0.10157522402189209	0.38523667306761084	0.11521247122100806	0.0666666667	0.30854579952542244	.	.
col_ccp3_LN_bulk_1_1_1_top152.clonotypes.IGH	col_ccp3_LN_PCsort_1_1_1_top152.clonotypes.IGH	152	152	28	28	761	744	272	303	1.0	0.9999999999999993	0.35742444152431013	0.40725806451612895	0.9377153364365515	0.4845907549984743	0.0012119114	0.3815284868341404	0.3678145263786145	0.12209608461660486	0.06713149329074046	0.337101375106512	0.024922204605123368	0.1014492754	0.9127892683755243	.	.
col_ccp3_LN_bulk_1_1_1_top152.clonotypes.IGH	col_ccp3_LN_PCsort_2_1_1_top152.clonotypes.IGH	152	152	22	22	761	1246	190	377	1.0	0.9999999999999987	0.24967148488830482	0.30256821829855546	0.42327446210657466	0.26961507494479336	9.522161E-4	0.27485024348289944	0.24411981791873053	0.15880631090848457	0.10410151382419727	0.41796289057991615	0.09097165670016263	0.0780141844	0.5741927848578204	.	.
col_ccp3_LN_bulk_1_1_1_top152.clonotypes.IGH	col_ccp3_LN_PCsort_3_1_1_top152.clonotypes.IGH	152	152	9	9	761	627	64	178	1.0	0.9999999999999987	0.08409986859395532	0.2838915470494418	0.44382588801871997	0.18885685665751886	3.895429E-4	0.15451615385386974	0.13126422067112287	0.20189177562944235	0.12484918648031057	0.40453261782903166	0.1489581499298497	0.0305084746	0.22292811071711421	.	.
col_ccp3_LN_bulk_1_1_1_top152.clonotypes.IGH	col_ccp3_PBMC_bulk_1_1_1_top152.clonotypes.IGH	152	152	6	6	761	4665	110	377	1.0	1.0000000000000009	0.1445466491458607	0.08081457663451233	0.9749768233723614	0.3714285714285713	2.596953E-4	0.10808087830259396	0.10476901669602069	0.17793924384741214	0.09696744411777529	0.3282787483155696	0.053636646713051364	0.0201342282	0.7370895902903508	.	.
col_ccp3_LN_bulk_1_1_1_top152.clonotypes.IGH	col_ccp3_PBMC_bulk_1_1_2_top152.clonotypes.IGH	152	152	10	10	761	3612	145	325	1.0	0.9999999999999982	0.19053876478318002	0.08997785160575858	0.9491997456407706	0.11526983167447614	4.328255E-4	0.13093612451422837	0.1253196978030664	0.20649803485539833	0.11435894562185593	0.3865449355390453	0.07609965565405286	0.0340136054	0.6855899589420499	.	.
col_ccp3_LN_bulk_1_1_1_top152.clonotypes.IGH	col_ccp3_PBMC_PCsort_1_1_1_top152.clonotypes.IGH	152	152	5	5	761	10140	100	1209	1.0	1.0000000000000009	0.1314060446780552	0.11923076923076922	0.9721241775655581	0.39999999999999997	2.164127E-4	0.12517045892916326	0.12184783014709415	0.2382443529365668	0.12561004096026565	0.43463822591981394	0.050318326222142946	0.016722408	0.9631588959280644	.	.
col_ccp3_LN_bulk_1_1_1_top152.clonotypes.IGH	col_ccp3_PBMC_PCsort_1_1_2_top152.clonotypes.IGH	152	152	12	12	761	5413	130	749	1.0	1.0000000000000007	0.17082785808147175	0.1383705893220026	0.9772229670764184	0.2586216239526756	5.193906E-4	0.15374508575999649	0.14839452329985797	0.209694558633725	0.11298444033336455	0.44634486694124026	0.07765680135818127	0.0410958904	0.8482528145926619	.	.
col_ccp3_LN_bulk_1_1_1_top152.clonotypes.IGH	col_ccp3_tum_bulk_1_1_1_top152.clonotypes.IGH	152	152	2	2	761	11981	12	190	1.0	0.9999999999999991	0.01576872536136662	0.015858442534012186	0.0	0.0	8.65651E-5	0.015813520322112123	0.015414945783276072	0.17165448046039766	0.09687641624102347	0.4324431217337212	0.10548364507272301	0.0066225166	0.9273672998546579	.	.
col_ccp3_LN_bulk_1_1_1_top152.clonotypes.IGH	col_ccp3_tum_bulk_1_2_1_top152.clonotypes.IGH	152	152	14	14	761	30640	77	8614	1.0	0.9999999999999994	0.1011826544021025	0.2811357702349869	0.2665029720722741	0.5013887292906181	6.059557E-4	0.1686596083232603	0.14159943337450154	0.32326884381851195	0.17903049781140884	0.5278534660143225	0.22586284249636332	0.0482758621	0.3181418723320763	.	.
col_ccp3_LN_bulk_1_1_1_top152.clonotypes.IGH	col_ccp3_tum_bulk_1_3_1_top152.clonotypes.IGH	152	152	7	7	761	16842	32	3324	1.0	1.0000000000000004	0.042049934296977655	0.1973637335233345	-0.12421990125176803	0.4221782814732526	3.029778E-4	0.091099572047636	0.06852270406730639	0.38853025941535163	0.2150679203249508	0.557282427041045	0.13873444905042928	0.0235690236	0.0979911276742178	.	.
col_ccp3_LN_bulk_1_1_1_top152.clonotypes.IGH	col_ccp3_tum_PCsort_1_1_1_top152.clonotypes.IGH	152	152	1	1	761	3363	7	29	1.0	1.0000000000000007	0.009198423127463863	0.008623253047873923	0.0	0.0	4.32825E-5	0.008906196172863966	0.008906196172863966	0.19835362397538225	0.10718574897212797	0.49113173697419393	0.07417964728453827	0.00330033	0.9979189939098352	.	.
col_ccp3_LN_bulk_1_1_1_top152.clonotypes.IGH	col_ccp3_tum_PCsort_1_2_1_top152.clonotypes.IGH	152	152	14	14	761	30891	77	8243	1.0	1.0	0.1011826544021025	0.2668414748632288	0.33091518412015447	0.4399878205749219	6.059557E-4	0.16431594180490644	0.1465067433265082	0.30962615878872557	0.23363758154393788	0.5322831381498715	0.2711466094931486	0.0482758621	0.43704244159489375	.	.
col_ccp3_LN_bulk_1_1_1_top152.clonotypes.IGH	col_ccp3_tum_PCsort_1_3_1_top152.clonotypes.IGH	152	152	8	8	761	8000	60	744	1.0	0.9999999999999996	0.07884362680683311	0.093	-0.2599325165111838	-0.26837252006084655	3.462603875E-4	0.08562976873164775	0.06095843472806947	0.4194719281623746	0.2182730044867332	0.5538655545222159	0.104332257896395	0.027027027	0.23883801558564402	.	.
col_ccp3_LN_bulk_2_1_1_top152.clonotypes.IGH	col_ccp3_LN_bulk_3_1_1_top152.clonotypes.IGH	152	152	24	24	820	4992	233	1255	1.0000000000000007	1.0000000000000004	0.28414634146341466	0.25140224358974356	0.29825130047181847	0.4619436237405649	0.0010387812	0.2672733203140931	0.23408775244950386	0.1162506425188349	0.07183188813702564	0.2818254214436155	0.07259991336400261	0.0857142857	0.582983194863275	.	.
col_ccp3_LN_bulk_2_1_1_top152.clonotypes.IGH	col_ccp3_LN_PCsort_1_1_1_top152.clonotypes.IGH	152	152	17	17	820	744	185	227	1.0000000000000007	0.9999999999999993	0.22560975609756104	0.30510752688172044	0.8555982588675202	0.23851913316352558	7.358033E-4	0.26236469793650785	0.24667912822199636	0.1992490408856552	0.10917384114064607	0.4146928724198661	0.06294648979502844	0.0592334495	0.7386069046630683	.	.
col_ccp3_LN_bulk_2_1_1_top152.clonotypes.IGH	col_ccp3_LN_PCsort_2_1_1_top152.clonotypes.IGH	152	152	27	27	820	1246	255	452	1.0000000000000007	0.9999999999999987	0.31097560975609767	0.36276083467094705	0.6805547337978424	0.5173126446128677	0.0011686288	0.3358716596520592	0.3182106661629479	0.18834330698782564	0.11335687271929704	0.39083005080917366	0.08448702291690176	0.0974729242	0.7712459634811594	.	.
col_ccp3_LN_bulk_2_1_1_top152.clonotypes.IGH	col_ccp3_LN_PCsort_3_1_1_top152.clonotypes.IGH	152	152	11	11	820	627	109	213	1.0000000000000007	0.9999999999999987	0.1329268292682927	0.33971291866028713	0.6876709396071197	0.7424613951862727	4.76108E-4	0.21250167326162256	0.192970144032831	0.18447891263087599	0.11615024649666256	0.37542853718147884	0.09759732296674567	0.0375426621	0.4110499413747413	.	.
col_ccp3_LN_bulk_2_1_1_top152.clonotypes.IGH	col_ccp3_PBMC_bulk_1_1_1_top152.clonotypes.IGH	152	152	6	6	820	4665	78	346	1.0000000000000007	1.0000000000000009	0.0951219512195122	0.07416934619506967	0.9775586648543034	0.39466488146729567	2.596953E-4	0.08399483871495039	0.08251193363665449	0.23718387235816993	0.14387603370958824	0.46629253090575645	0.03693573815110097	0.0201342282	0.9408273373318248	.	.
col_ccp3_LN_bulk_2_1_1_top152.clonotypes.IGH	col_ccp3_PBMC_bulk_1_1_2_top152.clonotypes.IGH	152	152	5	5	820	3612	72	235	1.0000000000000007	0.9999999999999982	0.0878048780487805	0.0650609080841639	0.9941689494525634	0.4325904563487001	2.164127E-4	0.07558217448626976	0.07509091527469498	0.22949173693985073	0.1487697019602954	0.4600582297606964	0.04783295488568223	0.016722408	0.9379193273424205	.	.
col_ccp3_LN_bulk_2_1_1_top152.clonotypes.IGH	col_ccp3_PBMC_PCsort_1_1_1_top152.clonotypes.IGH	152	152	5	5	820	10140	73	1254	1.0000000000000007	1.0000000000000009	0.08902439024390243	0.12366863905325444	0.9826639026862172	0.9746794344808963	2.164127E-4	0.10492628452398968	0.10355892630206465	0.28015067087267587	0.1598378633608673	0.5377920036922388	0.06466408690513807	0.016722408	0.943035222042028	.	.
col_ccp3_LN_bulk_2_1_1_top152.clonotypes.IGH	col_ccp3_PBMC_PCsort_1_1_2_top152.clonotypes.IGH	152	152	6	6	820	5413	76	505	1.0000000000000007	1.0000000000000007	0.09268292682926829	0.09329392203953446	0.9870756008458357	0.49280538030458115	2.596953E-4	0.09298792260291458	0.09182226094709099	0.2589144420170594	0.13692110236140448	0.5258531815194625	0.05207306966635495	0.0201342282	0.988270673061653	.	.
col_ccp3_LN_bulk_2_1_1_top152.clonotypes.IGH	col_ccp3_tum_bulk_1_1_1_top152.clonotypes.IGH	152	152	2	2	820	11981	8	140	1.0000000000000007	0.9999999999999991	0.00975609756097561	0.011685168182956347	0.0	0.0	8.65651E-5	0.010677155089691739	0.010676065306016058	0.2375396478620816	0.146761891563323	0.5200749235664035	0.09051694742179417	0.0066225166	0.9834677259291585	.	.
col_ccp3_LN_bulk_2_1_1_top152.clonotypes.IGH	col_ccp3_tum_bulk_1_2_1_top152.clonotypes.IGH	152	152	14	14	820	30640	133	9242	1.0000000000000007	0.9999999999999994	0.16219512195121955	0.30163185378590085	0.5520485596270039	0.47398987860876096	6.059557E-4	0.22118592927484473	0.1981767710183978	0.2787072540463132	0.16984627490707238	0.48282039603984683	0.21891252632171845	0.0482758621	0.5814199625106519	.	.
col_ccp3_LN_bulk_2_1_1_top152.clonotypes.IGH	col_ccp3_tum_bulk_1_3_1_top152.clonotypes.IGH	152	152	5	5	820	16842	19	581	1.0000000000000007	1.0000000000000004	0.023170731707317073	0.0344970906068163	-0.5043906750323806	-0.15811388300841897	2.164127E-4	0.028272297945755104	0.026110846997075006	0.3559596358646961	0.22753702555219854	0.5459020029255189	0.15253459154467514	0.016722408	0.6136973382976865	.	.
col_ccp3_LN_bulk_2_1_1_top152.clonotypes.IGH	col_ccp3_tum_PCsort_1_1_1_top152.clonotypes.IGH	152	152	0	0	820	3363	0	0	1.0000000000000007	1.0000000000000007	0.0	0.0	0.0	0.0	0.0	0.0	0.0	0.30036223650641813	0.16434612374094207	0.5840361602666546	0.07592494378022172	0.0	NaN	.	.
col_ccp3_LN_bulk_2_1_1_top152.clonotypes.IGH	col_ccp3_tum_PCsort_1_2_1_top152.clonotypes.IGH	152	152	10	10	820	30891	114	8484	1.0000000000000007	1.0	0.13902439024390245	0.274643099932019	0.5788127929898605	0.6261427099904665	4.328255E-4	0.19540237844699873	0.18525851737195317	0.2821542404096146	0.230025166292969	0.5143062682468225	0.26459890488849125	0.0340136054	0.7151128146082534	.	.
col_ccp3_LN_bulk_2_1_1_top152.clonotypes.IGH	col_ccp3_tum_PCsort_1_3_1_top152.clonotypes.IGH	152	152	6	6	820	8000	47	196	1.0000000000000007	0.9999999999999996	0.05731707317073172	0.024499999999999997	0.9664749956456569	0.38251842611872466	2.596953E-4	0.03747356792037458	0.03636629660780832	0.41900313950767454	0.23622196644756271	0.6021734372608135	0.13068909451538638	0.0201342282	0.5473160086574168	.	.
col_ccp3_LN_bulk_3_1_1_top152.clonotypes.IGH	col_ccp3_LN_PCsort_1_1_1_top152.clonotypes.IGH	152	152	12	12	4992	744	607	188	1.0000000000000004	0.9999999999999993	0.1215945512820513	0.25268817204301075	0.12045613304787928	0.676901620766123	5.193906E-4	0.1752869216280886	0.13613704038244961	0.2804198003731604	0.1595906714837363	0.4854915608770999	0.12258166223940113	0.0410958904	0.23924824733108221	.	.
col_ccp3_LN_bulk_3_1_1_top152.clonotypes.IGH	col_ccp3_LN_PCsort_2_1_1_top152.clonotypes.IGH	152	152	22	22	4992	1246	1399	396	1.0000000000000004	0.9999999999999987	0.2802483974358974	0.31781701444622795	0.4547746482673904	0.062038377936595224	9.522161E-4	0.29844213673075193	0.25539535750055836	0.19097053066170647	0.120620252611169	0.4017002877664105	0.05389242417076235	0.0780141844	0.63601041524872	.	.
col_ccp3_LN_bulk_3_1_1_top152.clonotypes.IGH	col_ccp3_LN_PCsort_3_1_1_top152.clonotypes.IGH	152	152	44	44	4992	627	2462	393	1.0000000000000004	0.9999999999999987	0.4931891025641024	0.6267942583732058	0.7467477837713339	0.49908122825656526	0.0019044321	0.5559928936411089	0.5191934006490438	0.1001954462742252	0.06168364307323178	0.26689106341493385	0.06620314460163332	0.1692307692	0.6444459395004241	.	.
col_ccp3_LN_bulk_3_1_1_top152.clonotypes.IGH	col_ccp3_PBMC_bulk_1_1_1_top152.clonotypes.IGH	152	152	7	7	4992	4665	422	444	1.0000000000000004	1.0000000000000009	0.0845352564102564	0.09517684887459807	-0.14972588147740234	-0.2702812388086678	3.029778E-4	0.08969837971744178	0.07238353558105208	0.3091302184824163	0.18495525692236414	0.5279036100638149	0.05575404108962559	0.0235690236	0.4234649648262059	.	.
col_ccp3_LN_bulk_3_1_1_top152.clonotypes.IGH	col_ccp3_PBMC_bulk_1_1_2_top152.clonotypes.IGH	152	152	7	7	4992	3612	389	273	1.0000000000000004	0.9999999999999982	0.07792467948717949	0.0755813953488372	-0.07206759863253775	0.0714285714285713	3.029778E-4	0.07674409428582722	0.060148236321781394	0.3152283956818664	0.19341613217172332	0.5393671054042071	0.09567176196449385	0.0235690236	0.3690472596515432	.	.
col_ccp3_LN_bulk_3_1_1_top152.clonotypes.IGH	col_ccp3_PBMC_PCsort_1_1_1_top152.clonotypes.IGH	152	152	4	4	4992	10140	307	1200	1.0000000000000004	1.0000000000000009	0.06149839743589744	0.11834319526627218	-0.10880472025525906	0.39999999999999997	1.731302E-4	0.08531070774714757	0.06408950531348377	0.3764006687183257	0.21692987901196842	0.5707771102764131	0.10529429669866402	0.0133333333	0.3278561049449805	.	.
col_ccp3_LN_bulk_3_1_1_top152.clonotypes.IGH	col_ccp3_PBMC_PCsort_1_1_2_top152.clonotypes.IGH	152	152	2	2	4992	5413	229	660	1.0000000000000004	1.0000000000000007	0.04587339743589744	0.12192869019028266	0.0	0.0	8.65651E-5	0.07478825618997441	0.06852534962402974	0.3198611661790769	0.17617560855648629	0.5311576240250434	0.08517047924680335	0.0066225166	0.6349286751112705	.	.
col_ccp3_LN_bulk_3_1_1_top152.clonotypes.IGH	col_ccp3_tum_bulk_1_1_1_top152.clonotypes.IGH	152	152	1	1	4992	11981	11	68	1.0000000000000004	0.9999999999999991	0.002203525641025641	0.0056756531174359404	0.0	0.0	4.32825E-5	0.003536445556464458	0.003536445556464458	0.3188528918890209	0.19457179754823398	0.5906570631136581	0.13188606292427069	0.00330033	0.6747737690754734	.	.
col_ccp3_LN_bulk_3_1_1_top152.clonotypes.IGH	col_ccp3_tum_bulk_1_2_1_top152.clonotypes.IGH	152	152	33	33	4992	30640	1905	15911	1.0000000000000004	0.9999999999999994	0.3816105769230769	0.5192885117493472	0.3492697827871287	0.16857599676862525	0.0014283241	0.44515838592370066	0.3668328173922406	0.2934469581788391	0.16141384534789818	0.400888846616542	0.09785891237013768	0.1217712177	0.553276191435033	.	.
col_ccp3_LN_bulk_3_1_1_top152.clonotypes.IGH	col_ccp3_tum_bulk_1_3_1_top152.clonotypes.IGH	152	152	11	11	4992	16842	393	1783	1.0000000000000004	1.0000000000000004	0.07872596153846155	0.10586628666429165	0.3034707634745993	0.43636363636363623	4.76108E-4	0.09129307318823685	0.08499561153329942	0.3415314933791081	0.21213871555456543	0.5426982516815758	0.18925538075064532	0.0375426621	0.7348624314747649	.	.
col_ccp3_LN_bulk_3_1_1_top152.clonotypes.IGH	col_ccp3_tum_PCsort_1_1_1_top152.clonotypes.IGH	152	152	1	1	4992	3363	48	21	1.0000000000000004	1.0000000000000007	0.009615384615384616	0.006244424620874219	0.0	0.0	4.32825E-5	0.007748712437010608	0.007748712437010608	0.3390537368630932	0.19427730679174232	0.600202657589073	0.13996317645857134	0.00330033	0.9135526481494437	.	.
col_ccp3_LN_bulk_3_1_1_top152.clonotypes.IGH	col_ccp3_tum_PCsort_1_2_1_top152.clonotypes.IGH	152	152	32	32	4992	30891	1890	18415	1.0000000000000004	1.0	0.37860576923076916	0.5961283221650321	0.07018840706223226	0.253004397759484	0.0013850416	0.4750764380323863	0.3482859271699977	0.23223411310757638	0.17334817057906546	0.32988150579586784	0.12932004981074585	0.1176470588	0.2596510774444626	.	.
col_ccp3_LN_bulk_3_1_1_top152.clonotypes.IGH	col_ccp3_tum_PCsort_1_3_1_top152.clonotypes.IGH	152	152	16	16	4992	8000	941	739	1.0000000000000004	0.9999999999999996	0.18850160256410253	0.09237500000000003	0.11536742090300546	-0.04565537555228217	6.925208E-4	0.13195770359042694	0.11368779623410023	0.3868843355223744	0.21461429435589796	0.5338943397098901	0.15642027225917127	0.0555555556	0.4218000358703234	.	.
col_ccp3_LN_PCsort_1_1_1_top152.clonotypes.IGH	col_ccp3_LN_PCsort_2_1_1_top152.clonotypes.IGH	152	152	21	21	744	1246	258	374	0.9999999999999993	0.9999999999999987	0.34677419354838707	0.30016051364365975	0.5244158364545298	0.42475478850627446	9.089335E-4	0.3226265953914056	0.2908676885603752	0.13170680129855697	0.07592882982284159	0.29562847270844805	0.06907562894522651	0.074204947	0.6195083523753733	.	.
col_ccp3_LN_PCsort_1_1_1_top152.clonotypes.IGH	col_ccp3_LN_PCsort_3_1_1_top152.clonotypes.IGH	152	152	6	6	744	627	59	145	0.9999999999999993	0.9999999999999987	0.07930107526881722	0.23125996810207336	0.9867430461562078	0.8636363636363636	2.596953E-4	0.13542217003551077	0.12728978022000306	0.25455894080894664	0.1466709513824281	0.46539534736342475	0.13232399839849585	0.0201342282	0.459403648392262	.	.
col_ccp3_LN_PCsort_1_1_1_top152.clonotypes.IGH	col_ccp3_PBMC_bulk_1_1_1_top152.clonotypes.IGH	152	152	9	9	744	4665	144	522	0.9999999999999993	1.0000000000000009	0.1935483870967742	0.11189710610932477	0.9454865628092536	0.38340579025361626	3.895429E-4	0.14716488850352996	0.13512558428204235	0.15874529708375923	0.09863931608927387	0.36984439553806786	0.04936793321325598	0.0305084746	0.5746802563353948	.	.
col_ccp3_LN_PCsort_1_1_1_top152.clonotypes.IGH	col_ccp3_PBMC_bulk_1_1_2_top152.clonotypes.IGH	152	152	12	12	744	3612	169	369	0.9999999999999993	0.9999999999999982	0.22715053763440857	0.1021594684385382	0.9790972202524448	0.27463975903932625	5.193906E-4	0.15233377229051784	0.1450625503137332	0.16374469425130286	0.0993225719002741	0.3656295198129129	0.05187525439542986	0.0410958904	0.5581320326336859	.	.
col_ccp3_LN_PCsort_1_1_1_top152.clonotypes.IGH	col_ccp3_PBMC_PCsort_1_1_1_top152.clonotypes.IGH	152	152	10	10	744	10140	149	2003	0.9999999999999993	1.0000000000000009	0.20026881720430106	0.19753451676528602	0.9261239055795976	-0.0778498944161523	4.328255E-4	0.19889696837711482	0.18024094963844833	0.14140572083162153	0.08505156609078487	0.3941808124287113	0.024311949559606597	0.0340136054	0.8330457464920549	.	.
col_ccp3_LN_PCsort_1_1_1_top152.clonotypes.IGH	col_ccp3_PBMC_PCsort_1_1_2_top152.clonotypes.IGH	152	152	12	12	744	5413	165	828	0.9999999999999993	1.0000000000000007	0.22177419354838707	0.15296508405690007	0.9617510221548552	-0.06186769578832829	5.193906E-4	0.1841838976614955	0.17084915048317909	0.19246001725148731	0.10074499371498574	0.45518153635563285	0.053123611811862786	0.0410958904	0.6858413890098098	.	.
col_ccp3_LN_PCsort_1_1_1_top152.clonotypes.IGH	col_ccp3_tum_bulk_1_1_1_top152.clonotypes.IGH	152	152	1	1	744	11981	3	40	0.9999999999999993	0.9999999999999991	0.004032258064516129	0.0033386194808446706	0.0	0.0	4.32825E-5	0.003669083717494952	0.003669083717494952	0.2344006179622463	0.12664601630001548	0.5435242934171064	0.12151327970699265	0.00330033	0.9824438617905401	.	.
col_ccp3_LN_PCsort_1_1_1_top152.clonotypes.IGH	col_ccp3_tum_bulk_1_2_1_top152.clonotypes.IGH	152	152	7	7	744	30640	62	5133	0.9999999999999993	0.9999999999999994	0.08333333333333334	0.16752610966057443	0.8842771741987132	0.9092412093166349	3.029778E-4	0.11815459846481306	0.11313513493317301	0.3849705900380763	0.2105705448075657	0.5917292389853407	0.2378178533754461	0.0235690236	0.7635269183645396	.	.
col_ccp3_LN_PCsort_1_1_1_top152.clonotypes.IGH	col_ccp3_tum_bulk_1_3_1_top152.clonotypes.IGH	152	152	4	4	744	16842	14	2993	0.9999999999999993	1.0000000000000004	0.01881720430107527	0.17771048569053555	0.6844276818801803	0.8944271909999159	1.731302E-4	0.057827454687908585	0.04630775763864456	0.3013663065290032	0.17939758594989794	0.5564840529651237	0.1236122513189237	0.0133333333	0.08368406725807183	.	.
col_ccp3_LN_PCsort_1_1_1_top152.clonotypes.IGH	col_ccp3_tum_PCsort_1_1_1_top152.clonotypes.IGH	152	152	0	0	744	3363	0	0	0.9999999999999993	1.0000000000000007	0.0	0.0	0.0	0.0	0.0	0.0	0.0	0.18382702115901287	0.09751477378550447	0.50285585413637	0.07074997207007151	0.0	NaN	.	.
col_ccp3_LN_PCsort_1_1_1_top152.clonotypes.IGH	col_ccp3_tum_PCsort_1_2_1_top152.clonotypes.IGH	152	152	8	8	744	30891	65	5471	0.9999999999999993	1.0	0.08736559139784947	0.17710660062801464	0.6334350758368937	0.8849947770681914	3.462603875E-4	0.12439060617397617	0.11432520437415043	0.4327188750653507	0.28387319426567764	0.610988619844383	0.2811231388902056	0.027027027	0.6978278951434391	.	.
col_ccp3_LN_PCsort_1_1_1_top152.clonotypes.IGH	col_ccp3_tum_PCsort_1_3_1_top152.clonotypes.IGH	152	152	8	8	744	8000	65	906	0.9999999999999993	0.9999999999999996	0.08736559139784944	0.11325000000000002	-0.12859949111231625	0.2060946741117705	3.462603875E-4	0.09946935822556839	0.07382344334337324	0.31351920954963497	0.16500542628378395	0.5763099354990204	0.08917052375973855	0.027027027	0.28090809996118216	.	.
col_ccp3_LN_PCsort_2_1_1_top152.clonotypes.IGH	col_ccp3_LN_PCsort_3_1_1_top152.clonotypes.IGH	152	152	17	17	1246	627	306	251	0.9999999999999987	0.9999999999999987	0.24558587479935795	0.4003189792663477	0.9253718175082304	0.45307723253765564	7.358033E-4	0.3135485396583949	0.29584894037544895	0.1297954176343208	0.07672830503098048	0.32816190491325614	0.06218885901259636	0.0592334495	0.7936402589376615	.	.
col_ccp3_LN_PCsort_2_1_1_top152.clonotypes.IGH	col_ccp3_PBMC_bulk_1_1_1_top152.clonotypes.IGH	152	152	4	4	1246	4665	69	324	0.9999999999999987	1.0000000000000009	0.05537720706260031	0.06945337620578779	0.9873595620889379	0.31622776601683794	1.731302E-4	0.06201720725205697	0.06084278289357746	0.20605106595445466	0.150808513905947	0.4218676776874196	0.048209138315250005	0.0133333333	0.9809780816065864	.	.
col_ccp3_LN_PCsort_2_1_1_top152.clonotypes.IGH	col_ccp3_PBMC_bulk_1_1_2_top152.clonotypes.IGH	152	152	5	5	1246	3612	89	258	0.9999999999999987	0.9999999999999982	0.07142857142857142	0.07142857142857142	0.8943395826808522	0.15389675281277299	2.164127E-4	0.07142857142857142	0.06769522420343284	0.210288395996447	0.15047083475451736	0.44874958602105813	0.0777063254951543	0.016722408	0.9425541058262863	.	.
col_ccp3_LN_PCsort_2_1_1_top152.clonotypes.IGH	col_ccp3_PBMC_PCsort_1_1_1_top152.clonotypes.IGH	152	152	6	6	1246	10140	91	1534	0.9999999999999987	1.0000000000000009	0.07303370786516854	0.1512820512820513	0.8912459248823686	0.0285714285714303	2.596953E-4	0.10511274489126797	0.09788790856896873	0.2107923111814489	0.147053421654165	0.4633760318140269	0.05047526520032749	0.0201342282	0.7419830346596644	.	.
col_ccp3_LN_PCsort_2_1_1_top152.clonotypes.IGH	col_ccp3_PBMC_PCsort_1_1_2_top152.clonotypes.IGH	152	152	9	9	1246	5413	109	624	0.9999999999999987	1.0000000000000007	0.08747993579454255	0.11527803436172178	0.9729744258929232	0.1101694915254236	3.895429E-4	0.10042168612647615	0.09858032355110047	0.19852839857967086	0.10843617595675611	0.42379761542879896	0.058067900171337096	0.0305084746	0.9459701040423584	.	.
col_ccp3_LN_PCsort_2_1_1_top152.clonotypes.IGH	col_ccp3_tum_bulk_1_1_1_top152.clonotypes.IGH	152	152	0	0	1246	11981	0	0	0.9999999999999987	0.9999999999999991	0.0	0.0	0.0	0.0	0.0	0.0	0.0	0.19918719435113183	0.1349487203854789	0.5031459678385918	0.12631297506030753	0.0	NaN	.	.
col_ccp3_LN_PCsort_2_1_1_top152.clonotypes.IGH	col_ccp3_tum_bulk_1_2_1_top152.clonotypes.IGH	152	152	20	20	1246	30640	316	9984	0.9999999999999987	0.9999999999999994	0.2536115569823435	0.3258485639686684	0.5687907838690142	0.29290739303371094	8.65651E-4	0.287469931729485	0.24389746403771806	0.3193053564633141	0.1794818346695835	0.5185596870011971	0.09732232043037775	0.0704225352	0.6910632589815364	.	.
col_ccp3_LN_PCsort_2_1_1_top152.clonotypes.IGH	col_ccp3_tum_bulk_1_3_1_top152.clonotypes.IGH	152	152	4	4	1246	16842	18	748	0.9999999999999987	1.0000000000000004	0.014446227929373997	0.044412777579859876	0.2863872095455127	0.4472135954999579	1.731302E-4	0.025329767229393306	0.024916937564596668	0.3141445660033618	0.21146532304683713	0.5506944759019066	0.17247801694563894	0.0133333333	0.5280667939207453	.	.
col_ccp3_LN_PCsort_2_1_1_top152.clonotypes.IGH	col_ccp3_tum_PCsort_1_1_1_top152.clonotypes.IGH	152	152	1	1	1246	3363	5	12	0.9999999999999987	1.0000000000000007	0.0040128410914927765	0.003568242640499554	0.0	0.0	4.32825E-5	0.00378401779755504	0.00378401779755504	0.15778576882458484	0.10425774234890207	0.4636877386835598	0.08902953788694161	0.00330033	0.9931449254528574	.	.
col_ccp3_LN_PCsort_2_1_1_top152.clonotypes.IGH	col_ccp3_tum_PCsort_1_2_1_top152.clonotypes.IGH	152	152	18	18	1246	30891	307	10026	0.9999999999999987	1.0	0.2463884430176565	0.3245605516169758	0.4669563023262236	0.5702590938453653	7.790859E-4	0.28278608342324485	0.24436143520966117	0.2962349500524939	0.1928951256649595	0.5088047676093834	0.1508748091254787	0.0629370629	0.6545349119852777	.	.
col_ccp3_LN_PCsort_2_1_1_top152.clonotypes.IGH	col_ccp3_tum_PCsort_1_3_1_top152.clonotypes.IGH	152	152	12	12	1246	8000	184	446	0.9999999999999987	0.9999999999999996	0.14767255216693417	0.05575000000000001	0.6217101644504589	0.4061298511125521	5.193906E-4	0.09073447406199356	0.0769343627164468	0.3216679634579741	0.18541708437295581	0.5667494787510455	0.13439057037512633	0.0410958904	0.22220440772944466	.	.
col_ccp3_LN_PCsort_3_1_1_top152.clonotypes.IGH	col_ccp3_PBMC_bulk_1_1_1_top152.clonotypes.IGH	152	152	4	4	627	4665	43	176	0.9999999999999987	1.0000000000000009	0.06858054226475278	0.03772775991425509	0.409404449479189	0.0	1.731302E-4	0.050866395914729565	0.042836578034800454	0.32280494029683826	0.21167121614660528	0.5212934291685389	0.09920942919275055	0.0133333333	0.4068730821214202	.	.
col_ccp3_LN_PCsort_3_1_1_top152.clonotypes.IGH	col_ccp3_PBMC_bulk_1_1_2_top152.clonotypes.IGH	152	152	5	5	627	3612	46	138	0.9999999999999987	0.9999999999999982	0.07336523125996809	0.038205980066445176	0.20054307078372274	0.6708203932499369	2.164127E-4	0.052943276845020475	0.044399546398020864	0.3428364330729539	0.22051517658150854	0.5499597345657017	0.07600126031060722	0.016722408	0.3655708205812656	.	.
col_ccp3_LN_PCsort_3_1_1_top152.clonotypes.IGH	col_ccp3_PBMC_PCsort_1_1_1_top152.clonotypes.IGH	152	152	3	3	627	10140	40	360	0.9999999999999987	1.0000000000000009	0.06379585326953748	0.03550295857988166	0.9999358764065568	1.0	1.298476E-4	0.04759140191459584	0.0470070603491483	0.3371498303452778	0.21839903193693494	0.5213058603587404	0.09623333215546952	0.0099667774	0.7846686924580808	.	.
col_ccp3_LN_PCsort_3_1_1_top152.clonotypes.IGH	col_ccp3_PBMC_PCsort_1_1_2_top152.clonotypes.IGH	152	152	2	2	627	5413	38	413	0.9999999999999987	1.0000000000000007	0.0606060606060606	0.07629780158876778	0.0	0.0	8.65651E-5	0.06800080284230509	0.06740016585939092	0.31636836660102574	0.1736940858827722	0.49907775715650904	0.11895917795646804	0.0066225166	0.9832686928044768	.	.
col_ccp3_LN_PCsort_3_1_1_top152.clonotypes.IGH	col_ccp3_tum_bulk_1_1_1_top152.clonotypes.IGH	152	152	0	0	627	11981	0	0	0.9999999999999987	0.9999999999999991	0.0	0.0	0.0	0.0	0.0	0.0	0.0	0.330648650218139	0.20595157571111358	0.5810153608233085	0.16347456535952723	0.0	NaN	.	.
col_ccp3_LN_PCsort_3_1_1_top152.clonotypes.IGH	col_ccp3_tum_bulk_1_2_1_top152.clonotypes.IGH	152	152	20	20	627	30640	265	12738	0.9999999999999987	0.9999999999999994	0.4226475279106859	0.4157310704960836	0.5043712390481025	0.5073471160836927	8.65651E-4	0.41917503410965784	0.35325984004642835	0.33372791177412864	0.17929834317126844	0.47280980060641836	0.13457703387899184	0.0704225352	0.6175141498241206	.	.
col_ccp3_LN_PCsort_3_1_1_top152.clonotypes.IGH	col_ccp3_tum_bulk_1_3_1_top152.clonotypes.IGH	152	152	8	8	627	16842	26	2554	0.9999999999999987	1.0000000000000004	0.04146730462519936	0.15164469777936113	-0.1578765020071598	0.1277023610596994	3.462603875E-4	0.07929878232112433	0.0639224379758172	0.3676384910915391	0.2393227430693321	0.563477973633637	0.22843824442622387	0.027027027	0.15381286558672502	.	.
col_ccp3_LN_PCsort_3_1_1_top152.clonotypes.IGH	col_ccp3_tum_PCsort_1_1_1_top152.clonotypes.IGH	152	152	1	1	627	3363	2	21	0.9999999999999987	1.0000000000000007	0.003189792663476874	0.006244424620874219	0.0	0.0	4.32825E-5	0.004463005696086321	0.004463005696086321	0.3256960773372451	0.1950337527598149	0.5822605324607498	0.15630535465732817	0.00330033	0.8102251616259196	.	.
col_ccp3_LN_PCsort_3_1_1_top152.clonotypes.IGH	col_ccp3_tum_PCsort_1_2_1_top152.clonotypes.IGH	152	152	21	21	627	30891	285	15973	0.9999999999999987	1.0	0.45454545454545464	0.5170761710530575	0.13914325175673703	0.3430317634676326	9.089335E-4	0.48480369553659064	0.3621469796442863	0.2846790685603664	0.1694461445162803	0.4391673894595766	0.18672085599800425	0.074204947	0.349791406827633	.	.
col_ccp3_LN_PCsort_3_1_1_top152.clonotypes.IGH	col_ccp3_tum_PCsort_1_3_1_top152.clonotypes.IGH	152	152	12	12	627	8000	183	1423	0.9999999999999987	0.9999999999999996	0.29186602870813394	0.177875	-0.09250366253266942	-0.323277029940845	5.193906E-4	0.22785010392022936	0.1222464833186319	0.36198983187458156	0.20374153119523014	0.5164502585848127	0.1695878941975447	0.0410958904	0.10486757160569156	.	.
col_ccp3_PBMC_bulk_1_1_1_top152.clonotypes.IGH	col_ccp3_PBMC_bulk_1_1_2_top152.clonotypes.IGH	152	152	35	35	4665	3612	1830	1442	1.0000000000000009	0.9999999999999982	0.3922829581993569	0.3992248062015504	0.7558052814747712	0.5006314460642016	0.0015148892	0.39573866119360784	0.38266110692442024	0.08949423833572197	0.04819228055427213	0.21232099227180495	0.04247584719237367	0.1301115242	0.9011364205954834	.	.
col_ccp3_PBMC_bulk_1_1_1_top152.clonotypes.IGH	col_ccp3_PBMC_PCsort_1_1_1_top152.clonotypes.IGH	152	152	40	40	4665	10140	1968	4932	1.0000000000000009	1.0000000000000009	0.42186495176848865	0.48639053254437864	0.5315881263047115	0.357786963817755	0.0017313019	0.45298026287299076	0.4035632523626185	0.16340367249117507	0.08681151582764238	0.3073652465234356	0.03535985614613994	0.1515151515	0.6479529327640936	.	.
col_ccp3_PBMC_bulk_1_1_1_top152.clonotypes.IGH	col_ccp3_PBMC_PCsort_1_1_2_top152.clonotypes.IGH	152	152	29	29	4665	5413	1578	1909	1.0000000000000009	1.0000000000000007	0.3382636655948553	0.35266949935340847	0.37077314034302344	0.07841203363749062	0.0012551939	0.3453914845429551	0.3084642138557855	0.18847218520635897	0.11464294856603438	0.38876474394908256	0.04633753151230186	0.1054545455	0.6629703869073126	.	.
col_ccp3_PBMC_bulk_1_1_1_top152.clonotypes.IGH	col_ccp3_tum_bulk_1_1_1_top152.clonotypes.IGH	152	152	3	3	4665	11981	101	192	1.0000000000000009	0.9999999999999991	0.021650589496248658	0.01602537350805442	0.47031708100177216	0.5	1.298476E-4	0.018626829664410007	0.018375761068137937	0.177598465462873	0.10357546161654756	0.4000285731017037	0.07449776749426833	0.0099667774	0.8872408276889889	.	.
col_ccp3_PBMC_bulk_1_1_1_top152.clonotypes.IGH	col_ccp3_tum_bulk_1_2_1_top152.clonotypes.IGH	152	152	4	4	4665	30640	170	170	1.0000000000000009	0.9999999999999994	0.03644158628081458	0.005548302872062663	0.818907817805841	0.8	1.731302E-4	0.014219316362763818	0.014036803056157681	0.4340824618308062	0.24383141892456492	0.6356722909558417	0.16727700071131787	0.0133333333	0.26324212620476656	.	.
col_ccp3_PBMC_bulk_1_1_1_top152.clonotypes.IGH	col_ccp3_tum_bulk_1_3_1_top152.clonotypes.IGH	152	152	4	4	4665	16842	106	222	1.0000000000000009	1.0000000000000004	0.022722400857449088	0.013181332383327398	-0.4931243600976554	-0.39999999999999997	1.731302E-4	0.017306401077325114	0.017041026581094295	0.36966355246019156	0.19418594862410168	0.5367781508250472	0.13519995249376782	0.0133333333	0.8348748812200801	.	.
col_ccp3_PBMC_bulk_1_1_1_top152.clonotypes.IGH	col_ccp3_tum_PCsort_1_1_1_top152.clonotypes.IGH	152	152	0	0	4665	3363	0	0	1.0000000000000009	1.0000000000000007	0.0	0.0	0.0	0.0	0.0	0.0	0.0	0.15164486366286944	0.09752702725871437	0.4104634083278595	0.055996691002237135	0.0	NaN	.	.
col_ccp3_PBMC_bulk_1_1_1_top152.clonotypes.IGH	col_ccp3_tum_PCsort_1_2_1_top152.clonotypes.IGH	152	152	3	3	4665	30891	99	158	1.0000000000000009	1.0	0.02122186495176849	0.0051147583438541965	-0.9698591264377655	-1.0	1.298476E-4	0.010418479295665218	0.010054872973359694	0.4562679334890393	0.32790167500980283	0.691428344025963	0.1987492723327644	0.0099667774	0.3876805021529821	.	.
col_ccp3_PBMC_bulk_1_1_1_top152.clonotypes.IGH	col_ccp3_tum_PCsort_1_3_1_top152.clonotypes.IGH	152	152	5	5	4665	8000	157	268	1.0000000000000009	0.9999999999999996	0.03365487674169346	0.033499999999999995	-0.19707118361706016	-0.4103913408340616	2.164127E-4	0.03357734907414119	0.03148515366456934	0.4128379352990033	0.22146250694456968	0.5921111259982677	0.1255960064571608	0.016722408	0.781173701794695	.	.
col_ccp3_PBMC_bulk_1_1_2_top152.clonotypes.IGH	col_ccp3_PBMC_PCsort_1_1_1_top152.clonotypes.IGH	152	152	34	34	3612	10140	1394	4688	0.9999999999999982	1.0000000000000009	0.3859357696566999	0.4623274161735699	0.6774251481429024	0.5843283761433096	0.0014716066	0.4224081997243189	0.3896063185953852	0.17381544298805662	0.0941511026583072	0.3211080579462444	0.04275201067578093	0.1259259259	0.7156109419001009	.	.
col_ccp3_PBMC_bulk_1_1_2_top152.clonotypes.IGH	col_ccp3_PBMC_PCsort_1_1_2_top152.clonotypes.IGH	152	152	27	27	3612	5413	1264	1629	0.9999999999999982	1.0000000000000007	0.3499446290143965	0.30094217624237946	0.4236281793213027	0.3183486833971539	0.0011686288	0.32451979634519157	0.2919130168810243	0.21642829318938364	0.13170370907627438	0.4453804980568055	0.07829934673678066	0.0974729242	0.6815501558495759	.	.
col_ccp3_PBMC_bulk_1_1_2_top152.clonotypes.IGH	col_ccp3_tum_bulk_1_1_1_top152.clonotypes.IGH	152	152	3	3	3612	11981	73	222	0.9999999999999982	0.9999999999999991	0.020210409745293464	0.018529338118687923	0.7000764940182295	0.5	1.298476E-4	0.019351628243839538	0.01921008879014178	0.19440655408231594	0.10521696264614314	0.4274280317035497	0.10909098645500818	0.0099667774	0.9755372190455495	.	.
col_ccp3_PBMC_bulk_1_1_2_top152.clonotypes.IGH	col_ccp3_tum_bulk_1_2_1_top152.clonotypes.IGH	152	152	2	2	3612	30640	58	98	0.9999999999999982	0.9999999999999994	0.016057585825027684	0.0031984334203655354	0.0	0.0	8.65651E-5	0.00716652769150838	0.007101161854801004	0.3922543020885944	0.22006998014568352	0.5934719271040735	0.21968077899834507	0.0066225166	0.3534416873499527	.	.
col_ccp3_PBMC_bulk_1_1_2_top152.clonotypes.IGH	col_ccp3_tum_bulk_1_3_1_top152.clonotypes.IGH	152	152	3	3	3612	16842	134	157	0.9999999999999982	1.0000000000000004	0.0370985603543743	0.009321933262082888	-0.9005713579201761	-0.8660254037844386	1.298476E-4	0.01859651321465482	0.015922106460098603	0.3805679527700407	0.19405973270629345	0.6080150815138367	0.15502617384024342	0.0099667774	0.2257126173846637	.	.
col_ccp3_PBMC_bulk_1_1_2_top152.clonotypes.IGH	col_ccp3_tum_PCsort_1_1_1_top152.clonotypes.IGH	152	152	1	1	3612	3363	31	13	0.9999999999999982	1.0000000000000007	0.00858250276854928	0.003865596193874517	0.0	0.0	4.32825E-5	0.005759903648154333	0.005759903648154333	0.19282569504183386	0.11570814125991097	0.503953300368524	0.09244251410071228	0.00330033	0.7488864754900432	.	.
col_ccp3_PBMC_bulk_1_1_2_top152.clonotypes.IGH	col_ccp3_tum_PCsort_1_2_1_top152.clonotypes.IGH	152	152	1	1	3612	30891	15	52	0.9999999999999982	1.0	0.004152823920265781	0.001683338189116571	0.0	0.0	4.32825E-5	0.0026439756234996155	0.0026439756234996155	0.5012727684728558	0.34006446728255685	0.7089681191751879	0.2526508927135098	0.00330033	0.6962903802165489	.	.
col_ccp3_PBMC_bulk_1_1_2_top152.clonotypes.IGH	col_ccp3_tum_PCsort_1_3_1_top152.clonotypes.IGH	152	152	3	3	3612	8000	68	137	0.9999999999999982	0.9999999999999996	0.018826135105204873	0.017124999999999998	0.5273539254336762	0.5	1.298476E-4	0.017955432706471694	0.017683668899293147	0.44336338783122026	0.22956426505429464	0.6560507463666588	0.1302844065847393	0.0099667774	0.9401443623133293	.	.
col_ccp3_PBMC_PCsort_1_1_1_top152.clonotypes.IGH	col_ccp3_PBMC_PCsort_1_1_2_top152.clonotypes.IGH	152	152	40	40	10140	5413	5486	2236	1.0000000000000009	1.0000000000000007	0.5410256410256409	0.413079623129503	0.5878399378534688	0.4211737757599118	0.0017313019	0.472743765583714	0.4324975699631039	0.13735822846523127	0.09050380559086159	0.3052537532003131	0.04785377496363357	0.1515151515	0.709359673412434	.	.
col_ccp3_PBMC_PCsort_1_1_1_top152.clonotypes.IGH	col_ccp3_tum_bulk_1_1_1_top152.clonotypes.IGH	152	152	3	3	10140	11981	146	223	1.0000000000000009	0.9999999999999991	0.014398422090729782	0.018612803605709043	0.8533660483744245	0.5	1.298476E-4	0.016370552910847453	0.016261097539561835	0.30356134094211246	0.1628388176760216	0.519347970996425	0.10156172868382231	0.0099667774	0.956478586702145	.	.
col_ccp3_PBMC_PCsort_1_1_1_top152.clonotypes.IGH	col_ccp3_tum_bulk_1_2_1_top152.clonotypes.IGH	152	152	2	2	10140	30640	233	83	1.0000000000000009	0.9999999999999994	0.02297830374753452	0.0027088772845953	0.0	0.0	8.65651E-5	0.007889575721179645	0.007712726365534214	0.4465302622267691	0.2561833491046672	0.6375701699060132	0.21640562182990272	0.0066225166	0.19381686096280534	.	.
col_ccp3_PBMC_PCsort_1_1_1_top152.clonotypes.IGH	col_ccp3_tum_bulk_1_3_1_top152.clonotypes.IGH	152	152	2	2	10140	16842	170	97	1.0000000000000009	1.0000000000000004	0.01676528599605523	0.005759410996318727	0.0	0.0	8.65651E-5	0.00982640180951852	0.008866801996949582	0.33079825469799634	0.18167135523866082	0.5933859235105743	0.10688447911933398	0.0066225166	0.4044401842053535	.	.
col_ccp3_PBMC_PCsort_1_1_1_top152.clonotypes.IGH	col_ccp3_tum_PCsort_1_1_1_top152.clonotypes.IGH	152	152	2	2	10140	3363	119	36	1.0000000000000009	1.0000000000000007	0.011735700197238658	0.010704727921498663	0.0	0.0	8.65651E-5	0.011208366409951006	0.010794752620463546	0.16026252134495253	0.09106034267397772	0.43344419611301116	0.06740601439256307	0.0066225166	0.8616199557775716	.	.
col_ccp3_PBMC_PCsort_1_1_1_top152.clonotypes.IGH	col_ccp3_tum_PCsort_1_2_1_top152.clonotypes.IGH	152	152	2	2	10140	30891	106	119	1.0000000000000009	1.0	0.010453648915187377	0.0038522547020167688	0.0	0.0	8.65651E-5	0.006345874107383715	0.006246290911666418	0.49797862440306123	0.35959313528833936	0.6940450111285316	0.2662065713524293	0.0066225166	0.6020603588277544	.	.
col_ccp3_PBMC_PCsort_1_1_1_top152.clonotypes.IGH	col_ccp3_tum_PCsort_1_3_1_top152.clonotypes.IGH	152	152	3	3	10140	8000	375	185	1.0000000000000009	0.9999999999999996	0.03698224852071006	0.023125	-0.23163317846119177	-0.5	1.298476E-4	0.02924405062643375	0.024978949426697754	0.2945315944681736	0.16238223845409455	0.5063084708200708	0.07261208644691816	0.0099667774	0.4999167967602435	.	.
col_ccp3_PBMC_PCsort_1_1_2_top152.clonotypes.IGH	col_ccp3_tum_bulk_1_1_1_top152.clonotypes.IGH	152	152	2	2	5413	11981	60	220	1.0000000000000007	0.9999999999999991	0.011084426380934787	0.01836240714464569	0.0	0.0	8.65651E-5	0.014266630652385169	0.013258179003428029	0.27854730069681594	0.16127141683081445	0.5580088637834054	0.12993413622854635	0.0066225166	0.6527935120963431	.	.
col_ccp3_PBMC_PCsort_1_1_2_top152.clonotypes.IGH	col_ccp3_tum_bulk_1_2_1_top152.clonotypes.IGH	152	152	2	2	5413	30640	39	91	1.0000000000000007	0.9999999999999994	0.007204877147607611	0.0029699738903394253	0.0	0.0	8.65651E-5	0.0046258293322925135	0.004621291847955674	0.507604225320288	0.26753606775182476	0.7062308644141005	0.20422421368733895	0.0066225166	0.7072581009238602	.	.
col_ccp3_PBMC_PCsort_1_1_2_top152.clonotypes.IGH	col_ccp3_tum_bulk_1_3_1_top152.clonotypes.IGH	152	152	3	3	5413	16842	105	103	1.0000000000000007	1.0000000000000004	0.019397746166635876	0.006115663222895144	-0.9900040408410662	-1.0	1.298476E-4	0.010891743792357139	0.010564914256765132	0.36283270667612283	0.21492914627872917	0.5799786601466698	0.11774909146034812	0.0099667774	0.478518720290259	.	.
col_ccp3_PBMC_PCsort_1_1_2_top152.clonotypes.IGH	col_ccp3_tum_PCsort_1_1_1_top152.clonotypes.IGH	152	152	4	4	5413	3363	132	98	1.0000000000000007	1.0000000000000007	0.02438573803805653	0.029140648230746358	0.13368518802864796	0.8	1.731302E-4	0.026657385731052776	0.025504233233659808	0.1718603492441113	0.10374637745106736	0.4675007704573754	0.05625182079365677	0.0133333333	0.8086233396132181	.	.
col_ccp3_PBMC_PCsort_1_1_2_top152.clonotypes.IGH	col_ccp3_tum_PCsort_1_2_1_top152.clonotypes.IGH	152	152	3	3	5413	30891	76	748	1.0000000000000007	1.0	0.014040273415850731	0.024214172412676833	0.8115511990535501	0.5	1.298476E-4	0.01843837306305881	0.01646588617211357	0.44096982766537995	0.2779374509082837	0.6537267004838401	0.2499191948876798	0.0099667774	0.5494311876178312	.	.
col_ccp3_PBMC_PCsort_1_1_2_top152.clonotypes.IGH	col_ccp3_tum_PCsort_1_3_1_top152.clonotypes.IGH	152	152	3	3	5413	8000	394	193	1.0000000000000007	0.9999999999999996	0.07278773323480509	0.024125	-0.13981329493016575	0.5	1.298476E-4	0.04190470217397652	0.032820341879119815	0.31998109417150816	0.17522884300226166	0.531166754205637	0.09210004993262327	0.0099667774	0.23915306363087055	.	.
col_ccp3_tum_bulk_1_1_1_top152.clonotypes.IGH	col_ccp3_tum_bulk_1_2_1_top152.clonotypes.IGH	152	152	2	2	11981	30640	223	79	0.9999999999999991	0.9999999999999994	0.01861280360570904	0.002578328981723238	0.0	0.0	8.65651E-5	0.006927476522350862	0.006838992592360651	0.35198919449354943	0.205981817942659	0.6483115735075444	0.2021528379215437	0.0066225166	0.2395333472370679	.	.
col_ccp3_tum_bulk_1_1_1_top152.clonotypes.IGH	col_ccp3_tum_bulk_1_3_1_top152.clonotypes.IGH	152	152	6	6	11981	16842	370	260	0.9999999999999991	1.0000000000000004	0.030882230197813207	0.015437596484978031	-0.053666166902984064	0.08696565534786771	2.596953E-4	0.0218345462135132	0.021482671592117912	0.40172271270002424	0.2189700601712743	0.6040161685423489	0.08624805306459504	0.0201342282	0.7515634004416104	.	.
col_ccp3_tum_bulk_1_1_1_top152.clonotypes.IGH	col_ccp3_tum_PCsort_1_1_1_top152.clonotypes.IGH	152	152	44	44	11981	3363	5570	1094	0.9999999999999991	1.0000000000000007	0.46490276270762054	0.32530478739220925	0.7696574585180254	0.2969370233250958	0.0019044321	0.38888956579040945	0.36968244232096886	0.12698237928393033	0.06942242237526723	0.35005449370045105	0.054906399586307136	0.1692307692	0.7218374220123548	.	.
col_ccp3_tum_bulk_1_1_1_top152.clonotypes.IGH	col_ccp3_tum_PCsort_1_2_1_top152.clonotypes.IGH	152	152	3	3	11981	30891	199	750	0.9999999999999991	1.0	0.016609631917202237	0.024278916189181318	-0.6567657519784695	-1.0	1.298476E-4	0.020081430757067687	0.015172681042408173	0.3851030718087091	0.28182841795923347	0.680260524888505	0.22867352240269917	0.0099667774	0.34517514746876743	.	.
col_ccp3_tum_bulk_1_1_1_top152.clonotypes.IGH	col_ccp3_tum_PCsort_1_3_1_top152.clonotypes.IGH	152	152	2	2	11981	8000	135	130	0.9999999999999991	0.9999999999999996	0.011267840747850765	0.01625	0.0	0.0	8.65651E-5	0.013531533991110355	0.011954340277216608	0.45249318388028414	0.23214757371110525	0.6623048892321314	0.10633022589840563	0.0066225166	0.5962377585866699	.	.
col_ccp3_tum_bulk_1_2_1_top152.clonotypes.IGH	col_ccp3_tum_bulk_1_3_1_top152.clonotypes.IGH	152	152	11	11	30640	16842	989	2503	0.9999999999999994	1.0000000000000004	0.0322780678851175	0.1486165538534616	0.3023917495356103	0.28246086949848725	4.76108E-4	0.06926077688081657	0.057414750814134115	0.401394454306183	0.22206578881922967	0.5917094230853671	0.3204340363694941	0.0375426621	0.14325258193537002	.	.
col_ccp3_tum_bulk_1_2_1_top152.clonotypes.IGH	col_ccp3_tum_PCsort_1_1_1_top152.clonotypes.IGH	152	152	2	2	30640	3363	108	32	0.9999999999999994	1.0000000000000007	0.003524804177545692	0.009515313707998812	0.0	0.0	8.65651E-5	0.005791339871619693	0.005705187296341438	0.3877849484038058	0.22721068010209483	0.6652599405367473	0.22468330081115975	0.0066225166	0.6026487967557259	.	.
col_ccp3_tum_bulk_1_2_1_top152.clonotypes.IGH	col_ccp3_tum_PCsort_1_2_1_top152.clonotypes.IGH	152	152	60	60	30640	30891	25951	26328	0.9999999999999994	1.0	0.8469647519582244	0.852287073905021	0.6415317720746023	0.6382381550331558	0.0025969529	0.8496217453356328	0.7631296256353606	0.2408440340825112	0.14942608805139906	0.31711171721254133	0.03064212445699672	0.2459016393	0.7120298543401291	.	.
col_ccp3_tum_bulk_1_2_1_top152.clonotypes.IGH	col_ccp3_tum_PCsort_1_3_1_top152.clonotypes.IGH	152	152	13	13	30640	8000	4577	1430	0.9999999999999994	0.9999999999999996	0.14937989556135772	0.17875	-0.06500383589632425	0.08241758241758244	5.626731E-4	0.16340641459744684	0.09426370691113396	0.48688943335828544	0.2548613033156479	0.6251441053182332	0.25056256242098085	0.0446735395	0.14010440066184932	.	.
col_ccp3_tum_bulk_1_3_1_top152.clonotypes.IGH	col_ccp3_tum_PCsort_1_1_1_top152.clonotypes.IGH	152	152	1	1	16842	3363	242	21	1.0000000000000004	1.0000000000000007	0.014368839805248782	0.006244424620874219	0.0	0.0	4.32825E-5	0.009472335353717847	0.009472335353717847	0.33574865238411905	0.20138828415121712	0.5571537059580774	0.07411626430532711	0.00330033	0.7310881968798089	.	.
col_ccp3_tum_bulk_1_3_1_top152.clonotypes.IGH	col_ccp3_tum_PCsort_1_2_1_top152.clonotypes.IGH	152	152	7	7	16842	30891	521	1616	1.0000000000000004	1.0	0.030934568341052137	0.052312971415622675	-0.32663888942764757	-0.5714285714285714	3.029778E-4	0.04022784097338666	0.028299206785186742	0.45731319495763245	0.31053851336862853	0.6217905172956485	0.33820523006507625	0.0235690236	0.2528595248177691	.	.
col_ccp3_tum_bulk_1_3_1_top152.clonotypes.IGH	col_ccp3_tum_PCsort_1_3_1_top152.clonotypes.IGH	152	152	45	45	16842	8000	11753	5167	1.0000000000000004	0.9999999999999996	0.6978387364921029	0.6458749999999998	0.7956710288358536	0.4234154576639414	0.0019477147	0.6713542983640135	0.6272977473281326	0.09896384035299215	0.061644860050453644	0.20231957385236074	0.040822974916440546	0.1737451737	0.8426356608625528	.	.
col_ccp3_tum_PCsort_1_1_1_top152.clonotypes.IGH	col_ccp3_tum_PCsort_1_2_1_top152.clonotypes.IGH	152	152	1	1	3363	30891	15	51	1.0000000000000007	1.0	0.0044603033006244425	0.0016509663008643293	0.0	0.0	4.32825E-5	0.0027136341759649357	0.0027136341759649357	0.3762820156811758	0.283087179079337	0.6855477007530916	0.2490715492840851	0.00330033	0.6510885927494006	.	.
col_ccp3_tum_PCsort_1_1_1_top152.clonotypes.IGH	col_ccp3_tum_PCsort_1_3_1_top152.clonotypes.IGH	152	152	4	4	3363	8000	73	252	1.0000000000000007	0.9999999999999996	0.021706809396372283	0.0315	-0.09479538249664998	-0.39999999999999997	1.731302E-4	0.026148890913110002	0.024676236528138756	0.30599928653482344	0.16484804084800408	0.5356435844445996	0.09037172184569453	0.0133333333	0.7473974356287949	.	.
col_ccp3_tum_PCsort_1_2_1_top152.clonotypes.IGH	col_ccp3_tum_PCsort_1_3_1_top152.clonotypes.IGH	152	152	10	10	30891	8000	4383	402	1.0	0.9999999999999996	0.1418859862095756	0.05025	0.24939764334132347	0.597572084652722	4.328255E-4	0.08443797017356099	0.06886230755199459	0.4569290022653586	0.28541000190637317	0.5890005691311128	0.2861356761153826	0.0340136054	0.317748342713696	.	.
