1_sample_id	2_sample_id	div1	div2	div12	div21	count1	count2	count12	count21	freq1	freq2	freq12	freq21	R	Rs	D	F	F2	vJSD	vjJSD	vj2JSD	sJSD	Jaccard	MorisitaHorn	1_metadata_blank	2_metadata_blank
col_ccp3_LN_bulk_1_1_1_top101.clonotypes.IGHM	col_ccp3_LN_bulk_2_1_1_top101.clonotypes.IGHM	101	101	15	15	362	469	98	149	1.0000000000000007	1.0000000000000018	0.2707182320441989	0.31769722814498935	0.3028167059709475	0.19457021542157418	0.0014704441	0.29326853211477366	0.26367959169110816	0.16382642327470873	0.09586224060885662	0.46687705098215077	0.06950120282020758	0.0802139037	0.6823696943102983	.	.
col_ccp3_LN_bulk_1_1_1_top101.clonotypes.IGHM	col_ccp3_LN_bulk_3_1_1_top101.clonotypes.IGHM	101	101	17	17	362	2539	100	866	1.0000000000000007	1.0	0.2762430939226519	0.34107916502560065	0.49514116792209023	0.3292139114937884	0.0016665033	0.30695400929003464	0.27761079815473955	0.2195409964210438	0.12611119802875187	0.3870240790753932	0.15681098562087686	0.0918918919	0.7016217254764715	.	.
col_ccp3_LN_bulk_1_1_1_top101.clonotypes.IGHM	col_ccp3_LN_PCsort_1_1_1_top101.clonotypes.IGHM	101	101	15	15	362	404	92	115	1.0000000000000007	1.0000000000000007	0.25414364640883974	0.2846534653465347	0.5192713218807019	0.4721510409864487	0.0014704441	0.2689662983462438	0.25475617389837635	0.22214786125208957	0.12850075167812125	0.4545216623584662	0.0632142576863172	0.0802139037	0.781627005955985	.	.
col_ccp3_LN_bulk_1_1_1_top101.clonotypes.IGHM	col_ccp3_LN_PCsort_2_1_1_top101.clonotypes.IGHM	101	101	18	18	362	930	91	311	1.0000000000000007	0.9999999999999994	0.25138121546961323	0.33440860215053764	0.8035188605665724	0.4318143994030366	0.0017645329	0.28993799487493266	0.27069607875117785	0.1611427934416992	0.1186591466871861	0.418973873319699	0.08438339501373583	0.097826087	0.6160080248407854	.	.
col_ccp3_LN_bulk_1_1_1_top101.clonotypes.IGHM	col_ccp3_LN_PCsort_3_1_1_top101.clonotypes.IGHM	101	101	9	9	362	472	61	168	1.0000000000000007	0.9999999999999987	0.1685082872928177	0.35593220338983045	0.522721911512984	0.44023526443552025	8.822664E-4	0.24490309509187336	0.20972032641357924	0.20022289508721391	0.12896359403863325	0.4418426299020989	0.1832962173985085	0.0466321244	0.3519628787264899	.	.
col_ccp3_LN_bulk_1_1_1_top101.clonotypes.IGHM	col_ccp3_PBMC_bulk_1_1_1_top101.clonotypes.IGHM	101	101	5	5	362	2187	17	113	1.0000000000000007	1.0000000000000007	0.04696132596685083	0.051668952903520804	0.7500923054469434	0.6668859288553503	4.90148E-4	0.0492589336026279	0.04864291571817564	0.282124193395031	0.16657226798471114	0.49072982856620273	0.09076646132016294	0.0253807107	0.9443841973641007	.	.
col_ccp3_LN_bulk_1_1_1_top101.clonotypes.IGHM	col_ccp3_PBMC_bulk_1_1_2_top101.clonotypes.IGHM	101	101	6	6	362	1811	22	84	1.0000000000000007	0.9999999999999996	0.06077348066298342	0.046383213694091666	-0.2627807231132025	-0.25012215979228886	5.881776E-4	0.05309302534726108	0.05175309375576377	0.32876135035064935	0.19805632941788787	0.5207760651288856	0.07075471239381362	0.0306122449	0.8573222817411217	.	.
col_ccp3_LN_bulk_1_1_1_top101.clonotypes.IGHM	col_ccp3_PBMC_PCsort_1_1_1_top101.clonotypes.IGHM	101	101	3	3	362	4454	11	97	1.0000000000000007	1.0000000000000004	0.03038674033149171	0.02177817691962281	-0.7953559537197221	-0.5	2.940888E-4	0.025724848045223986	0.024718887131632575	0.32392824841933276	0.18554318854088428	0.5808837407254389	0.07682153631449677	0.0150753769	0.7866216306501767	.	.
col_ccp3_LN_bulk_1_1_1_top101.clonotypes.IGHM	col_ccp3_PBMC_PCsort_1_1_2_top101.clonotypes.IGHM	101	101	5	5	362	3295	17	205	1.0000000000000007	1.0000000000000002	0.04696132596685083	0.0622154779969651	0.23532901826048372	0.3535533905932738	4.90148E-4	0.054052949432930236	0.053080048068064496	0.3053865361006996	0.17342314473309173	0.6127547291409151	0.12302756559917674	0.0253807107	0.8886689733736725	.	.
col_ccp3_LN_bulk_1_1_1_top101.clonotypes.IGHM	col_ccp3_tum_bulk_1_1_1_top101.clonotypes.IGHM	101	101	4	4	362	1860	14	77	1.0000000000000007	0.9999999999999989	0.03867403314917127	0.04139784946236559	-0.4160662590459448	-0.21081851067789203	3.921184E-4	0.04001277049158092	0.03739199981199073	0.24033368588467677	0.16429520184041793	0.4954107924695839	0.16193365881202856	0.0202020202	0.7701706697624155	.	.
col_ccp3_LN_bulk_1_1_1_top101.clonotypes.IGHM	col_ccp3_tum_bulk_1_2_1_top101.clonotypes.IGHM	101	101	12	12	362	17519	66	6896	1.0000000000000007	1.0000000000000002	0.18232044198895028	0.393629773388892	0.39547895476521955	0.6848033854153064	0.0011763553	0.2678931769647617	0.22791544670286984	0.4321668153878785	0.25642756438654696	0.5668903781501919	0.3039232868083441	0.0631578947	0.39263349428650546	.	.
col_ccp3_LN_bulk_1_1_1_top101.clonotypes.IGHM	col_ccp3_tum_bulk_1_3_1_top101.clonotypes.IGHM	101	101	6	6	362	3610	22	613	1.0000000000000007	0.9999999999999998	0.06077348066298342	0.16980609418282547	0.28819724187790946	-0.08827348295047506	5.881776E-4	0.1015859605520206	0.08580968028019564	0.28663526919890714	0.17740234107880049	0.5089288257904571	0.17325708323127287	0.0306122449	0.3383730342067263	.	.
col_ccp3_LN_bulk_1_1_1_top101.clonotypes.IGHM	col_ccp3_tum_PCsort_1_1_1_top101.clonotypes.IGHM	101	101	1	1	362	2143	2	19	1.0000000000000007	0.9999999999999997	0.0055248618784530384	0.008866075594960336	0.0	0.0	9.80296E-5	0.006998845838142115	0.006998845838142115	0.358966320655195	0.19745891045284067	0.613462005961313	0.13352454008942066	0.0049751244	0.8977039643295002	.	.
col_ccp3_LN_bulk_1_1_1_top101.clonotypes.IGHM	col_ccp3_tum_PCsort_1_2_1_top101.clonotypes.IGHM	101	101	12	12	362	24669	65	6769	1.0000000000000007	1.0	0.17955801104972374	0.2743929628278406	0.5177376353946006	0.7824443879112212	0.0011763553	0.22196723778839036	0.20479607787037954	0.313454570470342	0.24353670392563168	0.49227486404220183	0.3360977884293466	0.0631578947	0.6876024608583051	.	.
col_ccp3_LN_bulk_1_1_1_top101.clonotypes.IGHM	col_ccp3_tum_PCsort_1_3_1_top101.clonotypes.IGHM	101	101	6	6	362	3032	43	285	1.0000000000000007	0.9999999999999996	0.11878453038674033	0.09399736147757255	-0.21708399312604917	-0.42857142857142866	5.881776E-4	0.10566660986662785	0.08932999862641032	0.31622824087370105	0.17629809160465693	0.4956037716179138	0.1621435909531656	0.0306122449	0.563343279567124	.	.
col_ccp3_LN_bulk_2_1_1_top101.clonotypes.IGHM	col_ccp3_LN_bulk_3_1_1_top101.clonotypes.IGHM	101	101	16	16	469	2539	141	1097	1.0000000000000018	1.0	0.300639658848614	0.4320598660890114	0.5799373350653778	0.570085228523484	0.0015684737	0.3604085608627773	0.33535372207174063	0.21232894577026365	0.13166047924543306	0.3843024943992939	0.10198269189786324	0.0860215054	0.7190776237965295	.	.
col_ccp3_LN_bulk_2_1_1_top101.clonotypes.IGHM	col_ccp3_LN_PCsort_1_1_1_top101.clonotypes.IGHM	101	101	10	10	469	404	100	80	1.0000000000000018	1.0000000000000007	0.21321961620469085	0.19801980198019808	0.5552602167577902	0.32382939750157547	9.80296E-4	0.20547921106317962	0.1891100789854528	0.29411122036718473	0.15665365132698272	0.5312876704474712	0.0843641987190798	0.0520833333	0.7614679024542337	.	.
col_ccp3_LN_bulk_2_1_1_top101.clonotypes.IGHM	col_ccp3_LN_PCsort_2_1_1_top101.clonotypes.IGHM	101	101	20	20	469	930	171	356	1.0000000000000018	0.9999999999999994	0.3646055437100213	0.3827956989247312	0.6772688469083196	0.5987838344217303	0.0019605921	0.37358992750917314	0.3514805773266479	0.20171298591005452	0.1268253889803245	0.41075429302184024	0.09052055812887495	0.1098901099	0.7758865108795708	.	.
col_ccp3_LN_bulk_2_1_1_top101.clonotypes.IGHM	col_ccp3_LN_PCsort_3_1_1_top101.clonotypes.IGHM	101	101	9	9	469	472	99	208	1.0000000000000018	0.9999999999999987	0.21108742004264391	0.44067796610169485	0.6290959679457542	0.748997204613015	8.822664E-4	0.30499438508609705	0.2807738549109957	0.18025804590559277	0.1308637110900762	0.4164612376806466	0.11007890889305177	0.0466321244	0.5273210620989114	.	.
col_ccp3_LN_bulk_2_1_1_top101.clonotypes.IGHM	col_ccp3_PBMC_bulk_1_1_1_top101.clonotypes.IGHM	101	101	0	0	469	2187	0	0	1.0000000000000018	1.0000000000000007	0.0	0.0	0.0	0.0	0.0	0.0	0.0	0.3011083702118244	0.1702079305280985	0.550351272277839	0.11419036308070815	0.0	NaN	.	.
col_ccp3_LN_bulk_2_1_1_top101.clonotypes.IGHM	col_ccp3_PBMC_bulk_1_1_2_top101.clonotypes.IGHM	101	101	3	3	469	1811	9	50	1.0000000000000018	0.9999999999999996	0.019189765458422173	0.027609055770292656	0.0	0.0	2.940888E-4	0.023017630302887684	0.02268348409611136	0.3817554785135932	0.22999157989372915	0.6668975915578892	0.08560316973333429	0.0150753769	0.8641184747949125	.	.
col_ccp3_LN_bulk_2_1_1_top101.clonotypes.IGHM	col_ccp3_PBMC_PCsort_1_1_1_top101.clonotypes.IGHM	101	101	1	1	469	4454	3	27	1.0000000000000018	1.0000000000000004	0.006396588486140725	0.006061966771441401	0.0	0.0	9.80296E-5	0.006227030339862632	0.006227030339862632	0.3512477017706307	0.190759208176545	0.6775498808916312	0.13444790076223673	0.0049751244	0.9985582509097009	.	.
col_ccp3_LN_bulk_2_1_1_top101.clonotypes.IGHM	col_ccp3_PBMC_PCsort_1_1_2_top101.clonotypes.IGHM	101	101	1	1	469	3295	3	25	1.0000000000000018	1.0000000000000002	0.006396588486140725	0.007587253414264037	0.0	0.0	9.80296E-5	0.006966529827045402	0.006966529827045402	0.33898625403122173	0.1811874130406441	0.6439419404985647	0.12057372032736682	0.0049751244	0.9856047597494523	.	.
col_ccp3_LN_bulk_2_1_1_top101.clonotypes.IGHM	col_ccp3_tum_bulk_1_1_1_top101.clonotypes.IGHM	101	101	2	2	469	1860	14	29	1.0000000000000018	0.9999999999999989	0.02985074626865672	0.015591397849462365	0.0	0.0	1.960592E-4	0.021573475871495097	0.019645222159045593	0.3382691357293424	0.22203990274915267	0.6384293724766555	0.1803126604931745	0.01	0.5575272362634125	.	.
col_ccp3_LN_bulk_2_1_1_top101.clonotypes.IGHM	col_ccp3_tum_bulk_1_2_1_top101.clonotypes.IGHM	101	101	14	14	469	17519	132	8296	1.0000000000000018	1.0000000000000002	0.2814498933901919	0.4735430104458017	0.604459936133214	0.6955984950595973	0.0013724145	0.36507345809527353	0.33434662691681744	0.45347663652571973	0.2864172737063573	0.5707685773185531	0.2339029136243818	0.0744680851	0.6239622858068761	.	.
col_ccp3_LN_bulk_2_1_1_top101.clonotypes.IGHM	col_ccp3_tum_bulk_1_3_1_top101.clonotypes.IGHM	101	101	3	3	469	3610	17	326	1.0000000000000018	0.9999999999999998	0.03624733475479744	0.09030470914127424	-0.5282308073190506	-0.8660254037844386	2.940888E-4	0.05721280470470211	0.03941575104245655	0.3648211427743022	0.21949367831752076	0.6184165333852937	0.12438537953177974	0.0150753769	0.18955275458332516	.	.
col_ccp3_LN_bulk_2_1_1_top101.clonotypes.IGHM	col_ccp3_tum_PCsort_1_1_1_top101.clonotypes.IGHM	101	101	0	0	469	2143	0	0	1.0000000000000018	0.9999999999999997	0.0	0.0	0.0	0.0	0.0	0.0	0.0	0.46496442053318876	0.23933112263390097	0.7402778119682638	0.15162226406215287	0.0	NaN	.	.
col_ccp3_LN_bulk_2_1_1_top101.clonotypes.IGHM	col_ccp3_tum_PCsort_1_2_1_top101.clonotypes.IGHM	101	101	11	11	469	24669	119	8497	1.0000000000000018	1.0	0.25373134328358204	0.3444403907738457	0.5672180606758115	0.6041332291186652	0.0010783257	0.2956269998362291	0.27682594750707984	0.3825985069531541	0.3048918650569748	0.5690026597146844	0.271359452012027	0.057591623	0.8007725073947728	.	.
col_ccp3_LN_bulk_2_1_1_top101.clonotypes.IGHM	col_ccp3_tum_PCsort_1_3_1_top101.clonotypes.IGHM	101	101	5	5	469	3032	48	145	1.0000000000000018	0.9999999999999996	0.1023454157782516	0.04782321899736148	0.9058928555873279	0.4472135954999579	4.90148E-4	0.06996061200518004	0.0674268431996721	0.3641468468510914	0.2104044256692268	0.6188601371002924	0.1149618969289901	0.0253807107	0.6771485160218577	.	.
col_ccp3_LN_bulk_3_1_1_top101.clonotypes.IGHM	col_ccp3_LN_PCsort_1_1_1_top101.clonotypes.IGHM	101	101	8	8	2539	404	491	66	1.0	1.0000000000000007	0.19338322174084285	0.1633663366336634	0.8867615353944783	0.45420146992971855	7.842368E-4	0.17774225300197166	0.1697270255206289	0.3766332900330217	0.21936516451575655	0.554380748742117	0.17634927535692463	0.0412371134	0.9195179198354262	.	.
col_ccp3_LN_bulk_3_1_1_top101.clonotypes.IGHM	col_ccp3_LN_PCsort_2_1_1_top101.clonotypes.IGHM	101	101	20	20	2539	930	1166	344	1.0	0.9999999999999994	0.4592359196534068	0.3698924731182795	0.5622276943193869	0.2323137789774848	0.0019605921	0.41215034885991075	0.3629341369702716	0.26053749892886396	0.16288197195500134	0.4546462763985316	0.10387103893940668	0.1098901099	0.7102603447486867	.	.
col_ccp3_LN_bulk_3_1_1_top101.clonotypes.IGHM	col_ccp3_LN_PCsort_3_1_1_top101.clonotypes.IGHM	101	101	32	32	2539	472	1659	329	1.0	0.9999999999999987	0.6534068530917684	0.6970338983050846	0.7750882484388882	0.6615655130744317	0.0031369474	0.6748679322577218	0.639151395654924	0.11815742245759585	0.08164984867859969	0.24760675945692753	0.05325381760274373	0.1882352941	0.7707648755038008	.	.
col_ccp3_LN_bulk_3_1_1_top101.clonotypes.IGHM	col_ccp3_PBMC_bulk_1_1_1_top101.clonotypes.IGHM	101	101	3	3	2539	2187	129	67	1.0	1.0000000000000007	0.05080740448995667	0.03063557384545039	-0.24019223070763057	-0.5	2.940888E-4	0.039452680417783215	0.03869191048647527	0.3663430731596229	0.2034549615012772	0.6322020976466567	0.20527062439144614	0.0150753769	0.8088656956510952	.	.
col_ccp3_LN_bulk_3_1_1_top101.clonotypes.IGHM	col_ccp3_PBMC_bulk_1_1_2_top101.clonotypes.IGHM	101	101	2	2	2539	1811	77	32	1.0	0.9999999999999996	0.030326900354470266	0.017669795692987298	0.0	0.0	1.960592E-4	0.02314886894137754	0.022722005507010805	0.45408304704837193	0.2579223608929881	0.681737309685931	0.15754124718990303	0.01	0.8080892238165065	.	.
col_ccp3_LN_bulk_3_1_1_top101.clonotypes.IGHM	col_ccp3_PBMC_PCsort_1_1_1_top101.clonotypes.IGHM	101	101	1	1	2539	4454	61	101	1.0	1.0000000000000004	0.024025206774320598	0.022676246070947464	0.0	0.0	9.80296E-5	0.023340983285197903	0.023340983285197903	0.4486592256292559	0.2507678821907889	0.6850251086425734	0.2080055496949353	0.0049751244	0.9983327312275846	.	.
col_ccp3_LN_bulk_3_1_1_top101.clonotypes.IGHM	col_ccp3_PBMC_PCsort_1_1_2_top101.clonotypes.IGHM	101	101	1	1	2539	3295	61	228	1.0	1.0000000000000002	0.024025206774320598	0.06919575113808801	0.0	0.0	9.80296E-5	0.04077305763610321	0.04077305763610321	0.462604962117589	0.25233209880877394	0.7025813067790285	0.21792957047595204	0.0049751244	0.619705827182642	.	.
col_ccp3_LN_bulk_3_1_1_top101.clonotypes.IGHM	col_ccp3_tum_bulk_1_1_1_top101.clonotypes.IGHM	101	101	3	3	2539	1860	226	45	1.0	0.9999999999999989	0.08901142181961402	0.024193548387096774	-0.9607689228305228	-0.8660254037844386	2.940888E-4	0.0464058416667246	0.04339204623293543	0.33968970641734064	0.21434103746767666	0.583479140196591	0.26999447612365535	0.0150753769	0.353025782095284	.	.
col_ccp3_LN_bulk_3_1_1_top101.clonotypes.IGHM	col_ccp3_tum_bulk_1_2_1_top101.clonotypes.IGHM	101	101	32	32	2539	17519	1385	13035	1.0	1.0000000000000002	0.5454903505317055	0.7440493178834409	0.5818888633974715	0.37176674841545015	0.0031369474	0.6370806253725776	0.5666066120166489	0.3206732401066764	0.17765340249114903	0.38309292166630077	0.09911869924304507	0.1882352941	0.6593047561521356	.	.
col_ccp3_LN_bulk_3_1_1_top101.clonotypes.IGHM	col_ccp3_tum_bulk_1_3_1_top101.clonotypes.IGHM	101	101	6	6	2539	3610	279	656	1.0	0.9999999999999998	0.1098857818038598	0.18171745152354568	-0.06499064443711453	0.11595420713048947	5.881776E-4	0.14130875495902512	0.11388413597711367	0.3864401196550664	0.21863248036646443	0.5346608334039918	0.17740937094489814	0.0306122449	0.43247954078576945	.	.
col_ccp3_LN_bulk_3_1_1_top101.clonotypes.IGHM	col_ccp3_tum_PCsort_1_1_1_top101.clonotypes.IGHM	101	101	1	1	2539	2143	46	19	1.0	0.9999999999999997	0.01811736904293029	0.008866075594960336	0.0	0.0	9.80296E-5	0.012673987672252729	0.012673987672252729	0.46244736714701024	0.25117366567964805	0.7169031934558592	0.2439324904167524	0.0049751244	0.7896345170993317	.	.
col_ccp3_LN_bulk_3_1_1_top101.clonotypes.IGHM	col_ccp3_tum_PCsort_1_2_1_top101.clonotypes.IGHM	101	101	31	31	2539	24669	1334	18540	1.0	1.0	0.5254037022449782	0.7515505290040132	0.18086874185944787	0.32959955720967704	0.0030389178	0.6283847789077012	0.4950433924210887	0.28186628953854725	0.2091754611102797	0.3607722639836541	0.14607313829127871	0.1812865497	0.34554156753817433	.	.
col_ccp3_LN_bulk_3_1_1_top101.clonotypes.IGHM	col_ccp3_tum_PCsort_1_3_1_top101.clonotypes.IGHM	101	101	14	14	2539	3032	694	536	1.0	0.9999999999999996	0.27333595903899177	0.17678100263852245	0.3019846237602211	0.24889867841409696	0.0013724145	0.21981948252162517	0.1933074837148184	0.39108864750595673	0.2084183086500888	0.5007600326454607	0.14522525695044008	0.0744680851	0.5416609404684719	.	.
col_ccp3_LN_PCsort_1_1_1_top101.clonotypes.IGHM	col_ccp3_LN_PCsort_2_1_1_top101.clonotypes.IGHM	101	101	16	16	404	930	116	298	1.0000000000000007	0.9999999999999994	0.2871287128712872	0.32043010752688167	0.9014290953431723	0.6018237082066868	0.0015684737	0.30332273956860156	0.28867029317227805	0.1520635149921923	0.09276663564441247	0.34268840921753446	0.0449540838738541	0.0860215054	0.8582784821288904	.	.
col_ccp3_LN_PCsort_1_1_1_top101.clonotypes.IGHM	col_ccp3_LN_PCsort_3_1_1_top101.clonotypes.IGHM	101	101	5	5	404	472	55	139	1.0000000000000007	0.9999999999999987	0.13613861386138615	0.2944915254237288	0.9849878438710571	0.7631578947368421	4.90148E-4	0.20022903901560232	0.19014368621905903	0.253254291964268	0.1561257860134282	0.5203949969881121	0.1501446340572529	0.0253807107	0.6200051915456439	.	.
col_ccp3_LN_PCsort_1_1_1_top101.clonotypes.IGHM	col_ccp3_PBMC_bulk_1_1_1_top101.clonotypes.IGHM	101	101	4	4	404	2187	13	111	1.0000000000000007	1.0000000000000007	0.03217821782178218	0.050754458161865565	0.7623532984130779	0.5	3.921184E-4	0.04041272089527059	0.04003728976259315	0.20915375128786276	0.1370977704863595	0.46306522017821855	0.0764915911006676	0.0202020202	0.8801469431250111	.	.
col_ccp3_LN_PCsort_1_1_1_top101.clonotypes.IGHM	col_ccp3_PBMC_bulk_1_1_2_top101.clonotypes.IGHM	101	101	2	2	404	1811	8	26	1.0000000000000007	0.9999999999999996	0.019801980198019802	0.014356709000552182	0.0	0.0	1.960592E-4	0.016860939100111445	0.016632383551451357	0.270385198672008	0.16098300725215034	0.4859895750741538	0.07281962105074755	0.01	0.8937236060889913	.	.
col_ccp3_LN_PCsort_1_1_1_top101.clonotypes.IGHM	col_ccp3_PBMC_PCsort_1_1_1_top101.clonotypes.IGHM	101	101	4	4	404	4454	15	358	1.0000000000000007	1.0000000000000004	0.03712871287128713	0.08037718904355635	-0.4941097446487685	-0.2581988897471614	3.921184E-4	0.05462876141190984	0.04742699328556614	0.1689757194683782	0.10194778005647592	0.47947289902487444	0.05481717924783615	0.0202020202	0.41728030074916106	.	.
col_ccp3_LN_PCsort_1_1_1_top101.clonotypes.IGHM	col_ccp3_PBMC_PCsort_1_1_2_top101.clonotypes.IGHM	101	101	6	6	404	3295	20	270	1.0000000000000007	1.0000000000000002	0.04950495049504951	0.08194233687405159	-0.3112706232872914	-0.2390457218668787	5.881776E-4	0.0636910616209103	0.06141662042328259	0.24810024911405912	0.13123207344186444	0.5880247613879238	0.08849195307748145	0.0306122449	0.7834176359467775	.	.
col_ccp3_LN_PCsort_1_1_1_top101.clonotypes.IGHM	col_ccp3_tum_bulk_1_1_1_top101.clonotypes.IGHM	101	101	1	1	404	1860	3	32	1.0000000000000007	0.9999999999999989	0.007425742574257425	0.017204301075268817	0.0	0.0	9.80296E-5	0.011302862953914219	0.011302862953914219	0.27870759915847243	0.18241904115460708	0.538761541582553	0.18461377936785986	0.0049751244	0.7276783311352485	.	.
col_ccp3_LN_PCsort_1_1_1_top101.clonotypes.IGHM	col_ccp3_tum_bulk_1_2_1_top101.clonotypes.IGHM	101	101	8	8	404	17519	66	4042	1.0000000000000007	1.0000000000000002	0.1633663366336634	0.23072093156002058	0.9373673853951657	0.6874400625963308	7.842368E-4	0.19414436219902637	0.18322493692376554	0.5047325561096334	0.2987024746274488	0.6251731271549285	0.2909502394522342	0.0412371134	0.8493613835938648	.	.
col_ccp3_LN_PCsort_1_1_1_top101.clonotypes.IGHM	col_ccp3_tum_bulk_1_3_1_top101.clonotypes.IGHM	101	101	4	4	404	3610	19	133	1.0000000000000007	0.9999999999999998	0.04702970297029703	0.0368421052631579	-0.43630241449034696	-0.31622776601683794	3.921184E-4	0.04162539209817408	0.0383312752237022	0.2185811377210867	0.14420132717925818	0.5485165387518753	0.10947198803356807	0.0202020202	0.6979810736752873	.	.
col_ccp3_LN_PCsort_1_1_1_top101.clonotypes.IGHM	col_ccp3_tum_PCsort_1_1_1_top101.clonotypes.IGHM	101	101	1	1	404	2143	2	10	1.0000000000000007	0.9999999999999997	0.0049504950495049506	0.004666355576294913	0.0	0.0	9.80296E-5	0.004806326058402383	0.004806326058402383	0.19008716660606184	0.10728157791341461	0.5978183941558036	0.0965072096557819	0.0049751244	0.9982555905216383	.	.
col_ccp3_LN_PCsort_1_1_1_top101.clonotypes.IGHM	col_ccp3_tum_PCsort_1_2_1_top101.clonotypes.IGHM	101	101	6	6	404	24669	59	4387	1.0000000000000007	1.0	0.14603960396039606	0.17783452916615994	0.6918511850222344	0.47079190906919977	5.881776E-4	0.16115484544347247	0.1512792281356855	0.4555835160518968	0.3161299489960647	0.6178992841773904	0.3030684293737912	0.0306122449	0.8570781661566896	.	.
col_ccp3_LN_PCsort_1_1_1_top101.clonotypes.IGHM	col_ccp3_tum_PCsort_1_3_1_top101.clonotypes.IGHM	101	101	6	6	404	3032	57	230	1.0000000000000007	0.9999999999999996	0.1410891089108911	0.0758575197889182	0.9356625584241041	0.7356123579206245	5.881776E-4	0.10345370883254383	0.09915452043502623	0.1598246133408112	0.09855183291182541	0.5091010263946083	0.09422640426905846	0.0306122449	0.6211744645397207	.	.
col_ccp3_LN_PCsort_2_1_1_top101.clonotypes.IGHM	col_ccp3_LN_PCsort_3_1_1_top101.clonotypes.IGHM	101	101	14	14	930	472	287	234	0.9999999999999994	0.9999999999999987	0.3086021505376344	0.4957627118644068	0.9218445570150521	0.5742807908552483	0.0013724145	0.39114375750831754	0.37037177164174034	0.14865900648642721	0.0889862288829428	0.3704543544454333	0.08591893669163117	0.0744680851	0.8092616552437015	.	.
col_ccp3_LN_PCsort_2_1_1_top101.clonotypes.IGHM	col_ccp3_PBMC_bulk_1_1_1_top101.clonotypes.IGHM	101	101	0	0	930	2187	0	0	0.9999999999999994	1.0000000000000007	0.0	0.0	0.0	0.0	0.0	0.0	0.0	0.274913577211653	0.19536383836073437	0.5310683821791139	0.10246473159778652	0.0	NaN	.	.
col_ccp3_LN_PCsort_2_1_1_top101.clonotypes.IGHM	col_ccp3_PBMC_bulk_1_1_2_top101.clonotypes.IGHM	101	101	4	4	930	1811	37	51	0.9999999999999994	0.9999999999999996	0.03978494623655914	0.028161236885698507	0.7981531498451744	0.5	3.921184E-4	0.03347227652031635	0.03229802145348202	0.30775203449432464	0.20633068747628644	0.5663203756864187	0.09269805473070408	0.0202020202	0.7728274577709788	.	.
col_ccp3_LN_PCsort_2_1_1_top101.clonotypes.IGHM	col_ccp3_PBMC_PCsort_1_1_1_top101.clonotypes.IGHM	101	101	5	5	930	4454	50	161	0.9999999999999994	1.0000000000000004	0.053763440860215055	0.036147283340817245	-0.3313956288836608	-0.10259783520851513	4.90148E-4	0.044084037135356205	0.043052442762275114	0.269366585480027	0.18331432442999895	0.5627970330769789	0.08715579044332343	0.0253807107	0.821821789468209	.	.
col_ccp3_LN_PCsort_2_1_1_top101.clonotypes.IGHM	col_ccp3_PBMC_PCsort_1_1_2_top101.clonotypes.IGHM	101	101	5	5	930	3295	37	179	0.9999999999999994	1.0000000000000002	0.03978494623655914	0.05432473444613051	-0.2963529191880021	-0.4103913408340616	4.90148E-4	0.046489855229443926	0.04479782132607	0.28572977536347105	0.14738345566345099	0.5647705965161773	0.12017387328581221	0.0253807107	0.8071722790960879	.	.
col_ccp3_LN_PCsort_2_1_1_top101.clonotypes.IGHM	col_ccp3_tum_bulk_1_1_1_top101.clonotypes.IGHM	101	101	2	2	930	1860	10	29	0.9999999999999994	0.9999999999999989	0.010752688172043012	0.015591397849462365	0.0	0.0	1.960592E-4	0.012947951159991715	0.012851879756290461	0.3173089541911269	0.24520607388734436	0.6257570887049644	0.20623610518763613	0.01	0.8992248062015504	.	.
col_ccp3_LN_PCsort_2_1_1_top101.clonotypes.IGHM	col_ccp3_tum_bulk_1_2_1_top101.clonotypes.IGHM	101	101	17	17	930	17519	309	8522	0.9999999999999994	1.0000000000000002	0.332258064516129	0.48644329014213145	0.5891650810375743	0.14013587992977874	0.0016665033	0.40202575300530485	0.34223248732543493	0.3966549342863568	0.22720651707432474	0.5278602624933609	0.16258866701737185	0.0918918919	0.6764203031632389	.	.
col_ccp3_LN_PCsort_2_1_1_top101.clonotypes.IGHM	col_ccp3_tum_bulk_1_3_1_top101.clonotypes.IGHM	101	101	4	4	930	3610	22	351	0.9999999999999994	0.9999999999999998	0.023655913978494626	0.09722991689750693	-0.31446398457784536	0.25819888974716104	3.921184E-4	0.047958967360271686	0.038912014421994955	0.3267844497298357	0.21609463072520096	0.5718811981307517	0.11398484585262804	0.0202020202	0.16684471708611784	.	.
col_ccp3_LN_PCsort_2_1_1_top101.clonotypes.IGHM	col_ccp3_tum_PCsort_1_1_1_top101.clonotypes.IGHM	101	101	1	1	930	2143	5	10	0.9999999999999994	0.9999999999999997	0.005376344086021506	0.004666355576294913	0.0	0.0	9.80296E-5	0.005008785601908573	0.005008785601908573	0.2561990756218344	0.1640162495583848	0.5791661124962829	0.11934694030511508	0.0049751244	0.9900535876023606	.	.
col_ccp3_LN_PCsort_2_1_1_top101.clonotypes.IGHM	col_ccp3_tum_PCsort_1_2_1_top101.clonotypes.IGHM	101	101	16	16	930	24669	297	8913	0.9999999999999994	1.0	0.31935483870967746	0.36130366046455065	0.5083931273094787	0.4106391868841217	0.0015684737	0.3396823107152809	0.2990403925916963	0.3466918773080806	0.22306343270733037	0.525214625909445	0.19479974996188293	0.0860215054	0.6845085374194246	.	.
col_ccp3_LN_PCsort_2_1_1_top101.clonotypes.IGHM	col_ccp3_tum_PCsort_1_3_1_top101.clonotypes.IGHM	101	101	8	8	930	3032	168	241	0.9999999999999994	0.9999999999999996	0.1806451612903226	0.07948548812664909	0.8899394506710715	0.433766423440692	7.842368E-4	0.11982766301183774	0.1074453667597474	0.2373996189702279	0.1349991484019063	0.5437941665762274	0.0998672265041502	0.0412371134	0.3854186018329739	.	.
col_ccp3_LN_PCsort_3_1_1_top101.clonotypes.IGHM	col_ccp3_PBMC_bulk_1_1_1_top101.clonotypes.IGHM	101	101	6	6	472	2187	32	134	0.9999999999999987	1.0000000000000007	0.06779661016949153	0.06127114769090078	-0.08791913530813159	0.27721849663516385	5.881776E-4	0.06445134687993216	0.05939433238605727	0.376648236027366	0.2534263082151796	0.6102410369460278	0.21134576570485883	0.0306122449	0.6944133569314398	.	.
col_ccp3_LN_PCsort_3_1_1_top101.clonotypes.IGHM	col_ccp3_PBMC_bulk_1_1_2_top101.clonotypes.IGHM	101	101	4	4	472	1811	12	86	0.9999999999999987	0.9999999999999996	0.02542372881355932	0.047487575924903366	0.02913582733740334	0.31622776601683794	3.921184E-4	0.03474638473752416	0.033405333755082964	0.42813866200825446	0.26774148636210326	0.6229536572992865	0.16336614352903092	0.0202020202	0.6630692510292248	.	.
col_ccp3_LN_PCsort_3_1_1_top101.clonotypes.IGHM	col_ccp3_PBMC_PCsort_1_1_1_top101.clonotypes.IGHM	101	101	2	2	472	4454	17	150	0.9999999999999987	1.0000000000000004	0.036016949152542374	0.03367759317467445	0.0	0.0	1.960592E-4	0.0348276350180752	0.03429658915106509	0.3655608592341566	0.24133205339728772	0.589350442586475	0.20805708276612223	0.01	0.9547600622197419	.	.
col_ccp3_LN_PCsort_3_1_1_top101.clonotypes.IGHM	col_ccp3_PBMC_PCsort_1_1_2_top101.clonotypes.IGHM	101	101	2	2	472	3295	17	296	0.9999999999999987	1.0000000000000002	0.036016949152542374	0.08983308042488619	0.0	0.0	1.960592E-4	0.05688157425633872	0.056756525821982436	0.427387059779094	0.23140982644711577	0.6624636007748734	0.22918777091701037	0.01	0.7119469409596956	.	.
col_ccp3_LN_PCsort_3_1_1_top101.clonotypes.IGHM	col_ccp3_tum_bulk_1_1_1_top101.clonotypes.IGHM	101	101	3	3	472	1860	21	45	0.9999999999999987	0.9999999999999989	0.04449152542372881	0.024193548387096774	-0.9112931795128764	-0.5	2.940888E-4	0.03280865546094093	0.028802690848329607	0.3446981201831498	0.24952268436506647	0.6062008025727417	0.3089858547029938	0.0150753769	0.4705453177177852	.	.
col_ccp3_LN_PCsort_3_1_1_top101.clonotypes.IGHM	col_ccp3_tum_bulk_1_2_1_top101.clonotypes.IGHM	101	101	19	19	472	17519	255	9968	0.9999999999999987	1.0000000000000002	0.5402542372881355	0.5689822478451967	0.5783272516390914	0.6530910828556319	0.0018625625	0.5544322053597677	0.48317800611307565	0.3346002991173279	0.17766707997780132	0.43642123861327353	0.1391113031639889	0.1038251366	0.6873880190067184	.	.
col_ccp3_LN_PCsort_3_1_1_top101.clonotypes.IGHM	col_ccp3_tum_bulk_1_3_1_top101.clonotypes.IGHM	101	101	6	6	472	3610	28	720	0.9999999999999987	0.9999999999999998	0.05932203389830508	0.1994459833795014	-0.3762614725991656	-0.21251185925162056	5.881776E-4	0.10877288902534295	0.08146485436147771	0.38719296502381034	0.25324466566504034	0.5891754656795294	0.1920182937524829	0.0306122449	0.21377178918474424	.	.
col_ccp3_LN_PCsort_3_1_1_top101.clonotypes.IGHM	col_ccp3_tum_PCsort_1_1_1_top101.clonotypes.IGHM	101	101	1	1	472	2143	2	19	0.9999999999999987	0.9999999999999997	0.00423728813559322	0.008866075594960336	0.0	0.0	9.80296E-5	0.006129283557463958	0.006129283557463958	0.36619608121010666	0.2292194342822012	0.6474964886059478	0.2299097908289984	0.0049751244	0.7781146420429735	.	.
col_ccp3_LN_PCsort_3_1_1_top101.clonotypes.IGHM	col_ccp3_tum_PCsort_1_2_1_top101.clonotypes.IGHM	101	101	18	18	472	24669	256	14460	0.9999999999999987	1.0	0.5423728813559321	0.5861607685759456	0.14586343921295644	0.5953382510793184	0.0017645329	0.5638419148931225	0.431605233799777	0.31196283773722455	0.18444126445229528	0.44801967383960595	0.20314237851269124	0.097826087	0.35781023988980604	.	.
col_ccp3_LN_PCsort_3_1_1_top101.clonotypes.IGHM	col_ccp3_tum_PCsort_1_3_1_top101.clonotypes.IGHM	101	101	10	10	472	3032	160	445	0.9999999999999987	0.9999999999999996	0.3389830508474575	0.14676781002638523	0.28550777801073857	-0.2321129608697011	9.80296E-4	0.22305111523806406	0.1730192396084869	0.36428609688066005	0.1922019642565233	0.5423385889184347	0.13819135241621555	0.0520833333	0.23763890538859916	.	.
col_ccp3_PBMC_bulk_1_1_1_top101.clonotypes.IGHM	col_ccp3_PBMC_bulk_1_1_2_top101.clonotypes.IGHM	101	101	8	8	2187	1811	286	246	1.0000000000000007	0.9999999999999996	0.13077274805669867	0.13583655438983985	0.2550358461572301	0.26190476190476186	7.842368E-4	0.1332806043808047	0.12680230710412382	0.11572445173799373	0.07809701273118823	0.3821202499672258	0.056443539754144324	0.0412371134	0.8381508753910155	.	.
col_ccp3_PBMC_bulk_1_1_1_top101.clonotypes.IGHM	col_ccp3_PBMC_PCsort_1_1_1_top101.clonotypes.IGHM	101	101	12	12	2187	4454	354	1065	1.0000000000000007	1.0000000000000004	0.1618655692729767	0.2391109115401886	0.024959875003230884	0.2877210693872266	0.0011763553	0.19673287426313124	0.17795545326658543	0.1816176550562822	0.09678186080332978	0.3844938255764596	0.041281571746190675	0.0631578947	0.5471534725914649	.	.
col_ccp3_PBMC_bulk_1_1_1_top101.clonotypes.IGHM	col_ccp3_PBMC_PCsort_1_1_2_top101.clonotypes.IGHM	101	101	15	15	2187	3295	404	930	1.0000000000000007	1.0000000000000002	0.1847279378143576	0.2822458270106222	-0.12707041933604366	0.03956936933599012	0.0014704441	0.2283389795465946	0.2095672868279781	0.22472855696118438	0.14580804217852417	0.45555024321824944	0.05580765694916074	0.0802139037	0.5798359870132843	.	.
col_ccp3_PBMC_bulk_1_1_1_top101.clonotypes.IGHM	col_ccp3_tum_bulk_1_1_1_top101.clonotypes.IGHM	101	101	2	2	2187	1860	45	29	1.0000000000000007	0.9999999999999989	0.0205761316872428	0.015591397849462365	0.0	0.0	1.960592E-4	0.01791118799350651	0.017730123145896382	0.23166891286169056	0.1416681058328416	0.42878324866015377	0.12148458722887587	0.01	0.9269543288943438	.	.
col_ccp3_PBMC_bulk_1_1_1_top101.clonotypes.IGHM	col_ccp3_tum_bulk_1_2_1_top101.clonotypes.IGHM	101	101	3	3	2187	17519	91	112	1.0000000000000007	1.0000000000000002	0.041609510745313216	0.006393058964552771	-0.7860654470198255	-0.5	2.940888E-4	0.01630987601672617	0.015576785437061317	0.5817188079697836	0.3534998461528549	0.7127680744699891	0.35482172784695054	0.0150753769	0.2385423620933014	.	.
col_ccp3_PBMC_bulk_1_1_1_top101.clonotypes.IGHM	col_ccp3_tum_bulk_1_3_1_top101.clonotypes.IGHM	101	101	3	3	2187	3610	58	167	1.0000000000000007	0.9999999999999998	0.026520347508001828	0.04626038781163434	0.6583134503572554	1.0	2.940888E-4	0.035026298128969825	0.03465380065690849	0.2114451630488961	0.11931478954556912	0.4653678680097731	0.10508088193036845	0.0150753769	0.8286339245469034	.	.
col_ccp3_PBMC_bulk_1_1_1_top101.clonotypes.IGHM	col_ccp3_tum_PCsort_1_1_1_top101.clonotypes.IGHM	101	101	0	0	2187	2143	0	0	1.0000000000000007	0.9999999999999997	0.0	0.0	0.0	0.0	0.0	0.0	0.0	0.24984377084702772	0.13272516001996398	0.5246651182342768	0.06727192654353774	0.0	NaN	.	.
col_ccp3_PBMC_bulk_1_1_1_top101.clonotypes.IGHM	col_ccp3_tum_PCsort_1_2_1_top101.clonotypes.IGHM	101	101	0	0	2187	24669	0	0	1.0000000000000007	1.0	0.0	0.0	0.0	0.0	0.0	0.0	0.0	0.5599036071300141	0.4132446636451806	0.7663036623150348	0.3504743802885587	0.0	NaN	.	.
col_ccp3_PBMC_bulk_1_1_1_top101.clonotypes.IGHM	col_ccp3_tum_PCsort_1_3_1_top101.clonotypes.IGHM	101	101	6	6	2187	3032	125	303	1.0000000000000007	0.9999999999999996	0.05715592135345221	0.09993403693931398	-0.3958180337145219	-0.14285714285714296	5.881776E-4	0.07557659661453682	0.06976889815129035	0.26241573194902895	0.16603681081633284	0.5243855431282097	0.1093483396334708	0.0306122449	0.5851965479418729	.	.
col_ccp3_PBMC_bulk_1_1_2_top101.clonotypes.IGHM	col_ccp3_PBMC_PCsort_1_1_1_top101.clonotypes.IGHM	101	101	14	14	1811	4454	345	1057	0.9999999999999996	1.0000000000000004	0.19050248481501933	0.23731477323753927	0.483988317432362	0.3162865928881914	0.0013724145	0.21262420837022317	0.20112783070639204	0.21592012123558418	0.12065799045116164	0.412639879246519	0.04509654707181061	0.0744680851	0.7374327930958994	.	.
col_ccp3_PBMC_bulk_1_1_2_top101.clonotypes.IGHM	col_ccp3_PBMC_PCsort_1_1_2_top101.clonotypes.IGHM	101	101	13	13	1811	3295	335	588	0.9999999999999996	1.0000000000000002	0.18498067366096083	0.17845220030349018	-0.16026732566702817	-0.12990093818013446	0.0012743849	0.1816871162972772	0.1680090330665237	0.24679803034955497	0.15597574878211307	0.5413215414547704	0.10069810061951269	0.0687830688	0.736721593111737	.	.
col_ccp3_PBMC_bulk_1_1_2_top101.clonotypes.IGHM	col_ccp3_tum_bulk_1_1_1_top101.clonotypes.IGHM	101	101	2	2	1811	1860	28	30	0.9999999999999996	0.9999999999999989	0.015461071231363886	0.016129032258064516	0.0	0.0	1.960592E-4	0.015791520402890325	0.015644796851471195	0.2505471373187474	0.13708860853580707	0.445785590802184	0.12233369157228627	0.01	0.9624198567615836	.	.
col_ccp3_PBMC_bulk_1_1_2_top101.clonotypes.IGHM	col_ccp3_tum_bulk_1_2_1_top101.clonotypes.IGHM	101	101	2	2	1811	17519	32	129	0.9999999999999996	1.0000000000000002	0.017669795692987298	0.0073634339859581024	0.0	0.0	1.960592E-4	0.0114065934498727	0.011057964961502883	0.6049414754178463	0.348942164107145	0.7299864348140576	0.28590717219225836	0.01	0.6419624986151496	.	.
col_ccp3_PBMC_bulk_1_1_2_top101.clonotypes.IGHM	col_ccp3_tum_bulk_1_3_1_top101.clonotypes.IGHM	101	101	3	3	1811	3610	46	377	0.9999999999999996	0.9999999999999998	0.02540033130866924	0.10443213296398891	-0.4820269472341618	-0.5	2.940888E-4	0.0515035025659063	0.04499227078172874	0.22638858193873557	0.12357628126775366	0.4393901095674091	0.1365446636539355	0.0150753769	0.23943102423968607	.	.
col_ccp3_PBMC_bulk_1_1_2_top101.clonotypes.IGHM	col_ccp3_tum_PCsort_1_1_1_top101.clonotypes.IGHM	101	101	1	1	1811	2143	12	23	0.9999999999999996	0.9999999999999997	0.006626173384870237	0.010732617825478302	0.0	0.0	9.80296E-5	0.00843304136033781	0.00843304136033781	0.2612783546775581	0.1505160268053565	0.5707140940100787	0.13674583339394553	0.0049751244	0.8940076150747949	.	.
col_ccp3_PBMC_bulk_1_1_2_top101.clonotypes.IGHM	col_ccp3_tum_PCsort_1_2_1_top101.clonotypes.IGHM	101	101	0	0	1811	24669	0	0	0.9999999999999996	1.0	0.0	0.0	0.0	0.0	0.0	0.0	0.0	0.6646348756766117	0.43161453533216	0.7859706823002701	0.31614653642246404	0.0	NaN	.	.
col_ccp3_PBMC_bulk_1_1_2_top101.clonotypes.IGHM	col_ccp3_tum_PCsort_1_3_1_top101.clonotypes.IGHM	101	101	3	3	1811	3032	47	105	0.9999999999999996	0.9999999999999996	0.025952512424075095	0.034630606860158314	0.9122454608393059	0.5	2.940888E-4	0.029979180355565408	0.029457929242633105	0.30281368082065707	0.17396897201633696	0.5278549411681529	0.1153482723514181	0.0150753769	0.8703712175483329	.	.
col_ccp3_PBMC_PCsort_1_1_1_top101.clonotypes.IGHM	col_ccp3_PBMC_PCsort_1_1_2_top101.clonotypes.IGHM	101	101	18	18	4454	3295	1357	967	1.0000000000000004	1.0000000000000002	0.3046699595868882	0.2934749620637329	0.07387535662796756	0.3516030835584515	0.0017645329	0.29902007429555805	0.2671540580995362	0.18945401647590726	0.12154237152505375	0.38651649453418235	0.06744862755548849	0.097826087	0.5729715305077723	.	.
col_ccp3_PBMC_PCsort_1_1_1_top101.clonotypes.IGHM	col_ccp3_tum_bulk_1_1_1_top101.clonotypes.IGHM	101	101	3	3	4454	1860	135	48	1.0000000000000004	0.9999999999999989	0.030309833857207005	0.025806451612903226	-0.10631081389064066	-0.5	2.940888E-4	0.027967646680247312	0.027447160762608353	0.2462886379567685	0.1382483169500547	0.5111651169817786	0.11732545235631375	0.0150753769	0.9177409576060147	.	.
col_ccp3_PBMC_PCsort_1_1_1_top101.clonotypes.IGHM	col_ccp3_tum_bulk_1_2_1_top101.clonotypes.IGHM	101	101	0	0	4454	17519	0	0	1.0000000000000004	1.0000000000000002	0.0	0.0	0.0	0.0	0.0	0.0	0.0	0.5726411376267346	0.34953365587477403	0.7295202360147265	0.32621694404210333	0.0	NaN	.	.
col_ccp3_PBMC_PCsort_1_1_1_top101.clonotypes.IGHM	col_ccp3_tum_bulk_1_3_1_top101.clonotypes.IGHM	101	101	1	1	4454	3610	38	19	1.0000000000000004	0.9999999999999998	0.008531656937584195	0.005263157894736842	0.0	0.0	9.80296E-5	0.006701004220729353	0.006701004220729353	0.20630517985550328	0.12195055482434934	0.5219648081946656	0.13808907697010103	0.0049751244	0.8936900599717791	.	.
col_ccp3_PBMC_PCsort_1_1_1_top101.clonotypes.IGHM	col_ccp3_tum_PCsort_1_1_1_top101.clonotypes.IGHM	101	101	2	2	4454	2143	68	38	1.0000000000000004	0.9999999999999997	0.015267175572519085	0.01773215118992067	0.0	0.0	1.960592E-4	0.016453566953550592	0.016438209476382408	0.19573399441769204	0.10025543807395228	0.5111061716793889	0.09274587440255486	0.01	0.9885670934948063	.	.
col_ccp3_PBMC_PCsort_1_1_1_top101.clonotypes.IGHM	col_ccp3_tum_PCsort_1_2_1_top101.clonotypes.IGHM	101	101	1	1	4454	24669	24	72	1.0000000000000004	1.0	0.005388414907947912	0.002918642831083546	0.0	0.0	9.80296E-5	0.003965710345194904	0.003965710345194904	0.5766408834169505	0.41995047074044584	0.758139461121136	0.3302498225220478	0.0049751244	0.8375710508542912	.	.
col_ccp3_PBMC_PCsort_1_1_1_top101.clonotypes.IGHM	col_ccp3_tum_PCsort_1_3_1_top101.clonotypes.IGHM	101	101	2	2	4454	3032	163	70	1.0000000000000004	0.9999999999999996	0.03659631791647957	0.02308707124010554	0.0	0.0	1.960592E-4	0.029067194547518937	0.028667078079901424	0.16880560425192	0.11672259814918755	0.4873171483653959	0.11404075434507106	0.01	0.9065719899299267	.	.
col_ccp3_PBMC_PCsort_1_1_2_top101.clonotypes.IGHM	col_ccp3_tum_bulk_1_1_1_top101.clonotypes.IGHM	101	101	2	2	3295	1860	91	31	1.0000000000000002	0.9999999999999989	0.027617602427921092	0.016666666666666666	0.0	0.0	1.960592E-4	0.021454448811346442	0.021374422117221653	0.3179971031787551	0.22023018206927977	0.5930883156355815	0.11566218214029181	0.01	0.8817688580613336	.	.
col_ccp3_PBMC_PCsort_1_1_2_top101.clonotypes.IGHM	col_ccp3_tum_bulk_1_2_1_top101.clonotypes.IGHM	101	101	0	0	3295	17519	0	0	1.0000000000000002	1.0000000000000002	0.0	0.0	0.0	0.0	0.0	0.0	0.0	0.6896192383094907	0.3746833884258802	0.846280777702912	0.33737372285895545	0.0	NaN	.	.
col_ccp3_PBMC_PCsort_1_1_2_top101.clonotypes.IGHM	col_ccp3_tum_bulk_1_3_1_top101.clonotypes.IGHM	101	101	1	1	3295	3610	31	28	1.0000000000000002	0.9999999999999998	0.009408194233687404	0.00775623268698061	0.0	0.0	9.80296E-5	0.008542373419652687	0.008542373419652687	0.3250948627618816	0.19416045861559467	0.6129663931293757	0.06404000114629702	0.0049751244	0.9816444673770385	.	.
col_ccp3_PBMC_PCsort_1_1_2_top101.clonotypes.IGHM	col_ccp3_tum_PCsort_1_1_1_top101.clonotypes.IGHM	101	101	3	3	3295	2143	107	57	1.0000000000000002	0.9999999999999997	0.03247344461305007	0.02659822678488101	0.9835421173504798	1.0	2.940888E-4	0.029389386592853183	0.028942883479157723	0.24220197083347195	0.13907932854667013	0.5344754104737751	0.05492587896385076	0.0150753769	0.9114424841418385	.	.
col_ccp3_PBMC_PCsort_1_1_2_top101.clonotypes.IGHM	col_ccp3_tum_PCsort_1_2_1_top101.clonotypes.IGHM	101	101	0	0	3295	24669	0	0	1.0000000000000002	1.0	0.0	0.0	0.0	0.0	0.0	0.0	0.0	0.5734453203879396	0.34966269027210944	0.7525594675708754	0.34662429147184864	0.0	NaN	.	.
col_ccp3_PBMC_PCsort_1_1_2_top101.clonotypes.IGHM	col_ccp3_tum_PCsort_1_3_1_top101.clonotypes.IGHM	101	101	2	2	3295	3032	259	174	1.0000000000000002	0.9999999999999996	0.07860394537177542	0.05738786279683378	0.0	0.0	1.960592E-4	0.06716332654272915	0.05440177142798046	0.187386068508447	0.10312373383891701	0.5232706851153713	0.08265760794499802	0.01	0.47476159229433845	.	.
col_ccp3_tum_bulk_1_1_1_top101.clonotypes.IGHM	col_ccp3_tum_bulk_1_2_1_top101.clonotypes.IGHM	101	101	2	2	1860	17519	29	2553	0.9999999999999989	1.0000000000000002	0.015591397849462365	0.14572749586163594	0.0	0.0	1.960592E-4	0.04766650150351551	0.03568177703397208	0.5146086624696392	0.32951643740977615	0.6974027468450424	0.3733023008062942	0.01	0.08792743588246098	.	.
col_ccp3_tum_bulk_1_1_1_top101.clonotypes.IGHM	col_ccp3_tum_bulk_1_3_1_top101.clonotypes.IGHM	101	101	5	5	1860	3610	68	573	0.9999999999999989	0.9999999999999998	0.03655913978494624	0.1587257617728532	0.9881809621447021	0.8207826816681233	4.90148E-4	0.07617661919595681	0.0679672538833927	0.18529286203030795	0.1251364980442659	0.39341314624829876	0.12684054290567723	0.0253807107	0.26338306024285935	.	.
col_ccp3_tum_bulk_1_1_1_top101.clonotypes.IGHM	col_ccp3_tum_PCsort_1_1_1_top101.clonotypes.IGHM	101	101	16	16	1860	2143	472	460	0.9999999999999989	0.9999999999999997	0.253763440860215	0.214652356509566	0.2137196878445589	0.07100599485096948	0.0015684737	0.23339006100650697	0.2177470534803493	0.21660071088789626	0.13332705732689473	0.4344872259987628	0.106869839136576	0.0860215054	0.764089861317299	.	.
col_ccp3_tum_bulk_1_1_1_top101.clonotypes.IGHM	col_ccp3_tum_PCsort_1_2_1_top101.clonotypes.IGHM	101	101	1	1	1860	24669	11	1651	0.9999999999999989	1.0	0.005913978494623656	0.0669261015849852	0.0	0.0	9.80296E-5	0.019894710993191147	0.019894710993191147	0.4240473844375918	0.3546370660890026	0.7089380859419402	0.32978026862258303	0.0049751244	0.17536228069221474	.	.
col_ccp3_tum_bulk_1_1_1_top101.clonotypes.IGHM	col_ccp3_tum_PCsort_1_3_1_top101.clonotypes.IGHM	101	101	9	9	1860	3032	129	286	0.9999999999999989	0.9999999999999996	0.06935483870967742	0.09432717678100264	0.3063731425101674	0.4553232713927809	8.822664E-4	0.08088291619115662	0.07610368547731285	0.2803667219415535	0.18913504286361116	0.5067589009474617	0.14420988729382633	0.0466321244	0.6296128097262392	.	.
col_ccp3_tum_bulk_1_2_1_top101.clonotypes.IGHM	col_ccp3_tum_bulk_1_3_1_top101.clonotypes.IGHM	101	101	5	5	17519	3610	2760	492	1.0000000000000002	0.9999999999999998	0.15754323876933615	0.1362880886426593	-0.43067175615282904	-0.6	4.90148E-4	0.14653077113851182	0.06819159792738166	0.5206722422680616	0.3058097983762494	0.6509994215178635	0.2634718926687225	0.0253807107	0.08834791379670093	.	.
col_ccp3_tum_bulk_1_2_1_top101.clonotypes.IGHM	col_ccp3_tum_PCsort_1_1_1_top101.clonotypes.IGHM	101	101	0	0	17519	2143	0	0	1.0000000000000002	0.9999999999999997	0.0	0.0	0.0	0.0	0.0	0.0	0.0	0.5520805988584139	0.3314251408907912	0.7303299698064433	0.35628596935510076	0.0	NaN	.	.
col_ccp3_tum_bulk_1_2_1_top101.clonotypes.IGHM	col_ccp3_tum_PCsort_1_2_1_top101.clonotypes.IGHM	101	101	43	43	17519	24669	15542	22093	1.0000000000000002	1.0	0.8871510930989213	0.8955774453767887	0.7108558646750103	0.7174364595924042	0.004215273	0.8913543120559622	0.8170905866472742	0.2988408430645786	0.17024707379702336	0.3524158339270803	0.04118731299291787	0.2704402516	0.7730587227842196	.	.
col_ccp3_tum_bulk_1_2_1_top101.clonotypes.IGHM	col_ccp3_tum_PCsort_1_3_1_top101.clonotypes.IGHM	101	101	10	10	17519	3032	5482	335	1.0000000000000002	0.9999999999999996	0.3129174039614133	0.1104881266490765	0.2231473538379397	0.2727272727272728	9.80296E-4	0.18593993051410143	0.13600224806066727	0.5789931260617769	0.3010138562870904	0.6692171670214151	0.19457013255812114	0.0520833333	0.21989324957920905	.	.
col_ccp3_tum_bulk_1_3_1_top101.clonotypes.IGHM	col_ccp3_tum_PCsort_1_1_1_top101.clonotypes.IGHM	101	101	1	1	3610	2143	233	19	0.9999999999999998	0.9999999999999997	0.06454293628808865	0.008866075594960336	0.0	0.0	9.80296E-5	0.023921591758302847	0.023921591758302847	0.2544159769448464	0.151263344653625	0.5965116164304867	0.09996725313177937	0.0049751244	0.2696460430348572	.	.
col_ccp3_tum_bulk_1_3_1_top101.clonotypes.IGHM	col_ccp3_tum_PCsort_1_2_1_top101.clonotypes.IGHM	101	101	3	3	3610	24669	84	2601	0.9999999999999998	1.0	0.023268698060941832	0.1054359722728931	-0.1795320889335107	0.5	2.940888E-4	0.04953138200756955	0.04412262756090892	0.4665286732339561	0.33039477629640057	0.6396864338515552	0.26134718781663646	0.0150753769	0.2678742765469403	.	.
col_ccp3_tum_bulk_1_3_1_top101.clonotypes.IGHM	col_ccp3_tum_PCsort_1_3_1_top101.clonotypes.IGHM	101	101	24	24	3610	3032	1623	1369	0.9999999999999998	0.9999999999999996	0.449584487534626	0.45151715039577833	0.46056582706758004	0.5895538768556419	0.0023527105	0.45054978268087165	0.39470655012546685	0.18871879898827373	0.11778670129558609	0.3714454661233332	0.06008209376870821	0.1348314607	0.5795317986940096	.	.
col_ccp3_tum_PCsort_1_1_1_top101.clonotypes.IGHM	col_ccp3_tum_PCsort_1_2_1_top101.clonotypes.IGHM	101	101	0	0	2143	24669	0	0	0.9999999999999997	1.0	0.0	0.0	0.0	0.0	0.0	0.0	0.0	0.49589307002014177	0.3685428957240325	0.7454570163977036	0.32697334498581926	0.0	NaN	.	.
col_ccp3_tum_PCsort_1_1_1_top101.clonotypes.IGHM	col_ccp3_tum_PCsort_1_3_1_top101.clonotypes.IGHM	101	101	3	3	2143	3032	60	184	0.9999999999999997	0.9999999999999996	0.027998133457769483	0.06068601583113456	-0.5494583657820316	-0.5	2.940888E-4	0.041220082123407	0.0385307526999019	0.1918888378916095	0.12311512608155514	0.5891329715807634	0.09355726292375052	0.0150753769	0.5415622981442263	.	.
col_ccp3_tum_PCsort_1_2_1_top101.clonotypes.IGHM	col_ccp3_tum_PCsort_1_3_1_top101.clonotypes.IGHM	101	101	6	6	24669	3032	4762	206	1.0	0.9999999999999996	0.19303579391138678	0.0679419525065963	0.3333625922935314	0.08571428571428616	5.881776E-4	0.1145217391677255	0.1045710877607701	0.4213212492813215	0.2506994347452987	0.5595586326024209	0.1855005790156691	0.0306122449	0.471621304349535	.	.
