1_sample_id	2_sample_id	div1	div2	div12	div21	count1	count2	count12	count21	freq1	freq2	freq12	freq21	R	Rs	D	F	F2	vJSD	vjJSD	vj2JSD	sJSD	Jaccard	MorisitaHorn	1_metadata_blank	2_metadata_blank
col_ccp3_LN_bulk_1_1_1_top32.clonotypes.IGHA	col_ccp3_LN_bulk_2_1_1_top32.clonotypes.IGHA	32	32	7	7	250	203	109	82	1.0000000000000004	0.9999999999999994	0.43600000000000005	0.4039408866995074	0.9984249009413192	0.6944444444444443	0.0068359375	0.4196644214142834	0.4162978214724009	0.2903449777002665	0.16841837714717087	0.46202864005841343	0.12512722248560312	0.1228070175	0.9718359184306574	.	.
col_ccp3_LN_bulk_1_1_1_top32.clonotypes.IGHA	col_ccp3_LN_bulk_3_1_1_top32.clonotypes.IGHA	32	32	2	2	250	1088	83	48	1.0000000000000004	0.9999999999999998	0.332	0.044117647058823525	0.0	0.0	0.001953125	0.12102503387121778	0.10763994369827672	0.4494983248490092	0.2891940024517608	0.642902550691028	0.24365297751997722	0.0322580645	0.16466078703271703	.	.
col_ccp3_LN_bulk_1_1_1_top32.clonotypes.IGHA	col_ccp3_LN_PCsort_1_1_1_top32.clonotypes.IGHA	32	32	10	10	250	254	148	163	1.0000000000000004	0.9999999999999991	0.5920000000000001	0.6417322834645669	0.9706230644385826	0.5482892649071495	0.009765625	0.6163647554906296	0.6038857491031171	0.19021770053304118	0.10759903028368752	0.342068077010535	0.07785793075198455	0.1851851852	0.9517979655478873	.	.
col_ccp3_LN_bulk_1_1_1_top32.clonotypes.IGHA	col_ccp3_LN_PCsort_2_1_1_top32.clonotypes.IGHA	32	32	5	5	250	218	101	68	1.0000000000000004	0.9999999999999998	0.4040000000000001	0.3119266055045872	0.9984847645145958	0.5407380704358752	0.0048828125	0.3549906317409704	0.3533043748489292	0.3157537158873229	0.17612687308892158	0.43866117244961156	0.12438478101940564	0.0847457627	0.9430528163102118	.	.
col_ccp3_LN_bulk_1_1_1_top32.clonotypes.IGHA	col_ccp3_PBMC_bulk_1_1_1_top32.clonotypes.IGHA	32	32	2	2	250	1422	82	236	1.0000000000000004	1.0000000000000002	0.328	0.1659634317862166	0.0	0.0	0.001953125	0.2333152494499214	0.23097155541825964	0.29552311291359895	0.18157746968688418	0.5036562556823193	0.12193279579400061	0.0322580645	0.7651070591810563	.	.
col_ccp3_LN_bulk_1_1_1_top32.clonotypes.IGHA	col_ccp3_PBMC_bulk_1_1_2_top32.clonotypes.IGHA	32	32	2	2	250	1106	82	183	1.0000000000000004	1.0	0.328	0.1654611211573237	0.0	0.0	0.001953125	0.23296190190587424	0.22984438150047135	0.41856390133518767	0.24026895265216577	0.5531876270334933	0.11415117106710584	0.0322580645	0.75510096293215	.	.
col_ccp3_LN_bulk_1_1_1_top32.clonotypes.IGHA	col_ccp3_PBMC_PCsort_1_1_1_top32.clonotypes.IGHA	32	32	3	3	250	3601	88	1110	1.0000000000000004	1.0000000000000002	0.35200000000000004	0.30824770896973064	0.9760760209256376	1.0	0.0029296875	0.329398229438692	0.32157680557837004	0.2915980216914132	0.15098192853526932	0.4618319154245149	0.06507561366843145	0.0491803279	0.9453937474799662	.	.
col_ccp3_LN_bulk_1_1_1_top32.clonotypes.IGHA	col_ccp3_PBMC_PCsort_1_1_2_top32.clonotypes.IGHA	32	32	5	5	250	1480	102	479	1.0000000000000004	1.0	0.40800000000000003	0.3236486486486486	0.9858081843368405	0.051298917604258434	0.0048828125	0.36338498682340836	0.35602402702546326	0.32247230414921974	0.19945509119616364	0.4520288675041827	0.13063589137826032	0.0847457627	0.9133933076237047	.	.
col_ccp3_LN_bulk_1_1_1_top32.clonotypes.IGHA	col_ccp3_tum_bulk_1_1_1_top32.clonotypes.IGHA	32	32	1	1	250	5636	7	150	1.0000000000000004	1.0	0.028	0.026614620298083747	0.0	0.0	9.765625E-4	0.027298523189842064	0.027298523189842064	0.5501453764590151	0.2909967031429051	0.7887488413946451	0.18237040848193206	0.0158730159	0.9987139127322521	.	.
col_ccp3_LN_bulk_1_1_1_top32.clonotypes.IGHA	col_ccp3_tum_bulk_1_2_1_top32.clonotypes.IGHA	32	32	0	0	250	1024	0	0	1.0000000000000004	1.0	0.0	0.0	0.0	0.0	0.0	0.0	0.0	0.38175498083802145	0.22386104537151463	0.7522102039455465	0.1612780462588634	0.0	NaN	.	.
col_ccp3_LN_bulk_1_1_1_top32.clonotypes.IGHA	col_ccp3_tum_bulk_1_3_1_top32.clonotypes.IGHA	32	32	0	0	250	1538	0	0	1.0000000000000004	1.0000000000000002	0.0	0.0	0.0	0.0	0.0	0.0	0.0	0.3212484093989379	0.21953688696093507	0.737890369305954	0.1030591183200926	0.0	NaN	.	.
col_ccp3_LN_bulk_1_1_1_top32.clonotypes.IGHA	col_ccp3_tum_PCsort_1_1_1_top32.clonotypes.IGHA	32	32	1	1	250	865	7	29	1.0000000000000004	1.0000000000000002	0.028	0.03352601156069364	0.0	0.0	9.765625E-4	0.030638673660904805	0.030638673660904805	0.6131566745233797	0.34116669864801186	0.766457268279734	0.22418933054827114	0.0158730159	0.9839953309324883	.	.
col_ccp3_LN_bulk_1_1_1_top32.clonotypes.IGHA	col_ccp3_tum_PCsort_1_2_1_top32.clonotypes.IGHA	32	32	0	0	250	1649	0	0	1.0000000000000004	0.9999999999999993	0.0	0.0	0.0	0.0	0.0	0.0	0.0	0.6214840701224884	0.32813118745031383	0.7156352103882018	0.2309858771540075	0.0	NaN	.	.
col_ccp3_LN_bulk_1_1_1_top32.clonotypes.IGHA	col_ccp3_tum_PCsort_1_3_1_top32.clonotypes.IGHA	32	32	0	0	250	1204	0	0	1.0000000000000004	0.9999999999999999	0.0	0.0	0.0	0.0	0.0	0.0	0.0	0.5865747118870881	0.4087948927774684	0.8318572618072247	0.094670864386641	0.0	NaN	.	.
col_ccp3_LN_bulk_2_1_1_top32.clonotypes.IGHA	col_ccp3_LN_bulk_3_1_1_top32.clonotypes.IGHA	32	32	4	4	203	1088	69	90	0.9999999999999994	0.9999999999999998	0.33990147783251234	0.08272058823529412	0.6758515907451729	0.6324555320336759	0.00390625	0.16768079850821085	0.15134587667851424	0.30368514671905744	0.18434118897770266	0.42311591902513807	0.25235196441487007	0.0666666667	0.24212503777547523	.	.
col_ccp3_LN_bulk_2_1_1_top32.clonotypes.IGHA	col_ccp3_LN_PCsort_1_1_1_top32.clonotypes.IGHA	32	32	7	7	203	254	83	142	0.9999999999999994	0.9999999999999991	0.4088669950738916	0.5590551181102362	0.9955029014788647	0.2572478777137631	0.0068359375	0.478099556810516	0.4699123107326372	0.3815181607687399	0.20111759510277116	0.4820955281458361	0.1536558783218956	0.1228070175	0.8845396628401556	.	.
col_ccp3_LN_bulk_2_1_1_top32.clonotypes.IGHA	col_ccp3_LN_PCsort_2_1_1_top32.clonotypes.IGHA	32	32	6	6	203	218	78	86	0.9999999999999994	0.9999999999999998	0.3842364532019705	0.39449541284403666	0.983946592915415	0.1739313106957348	0.005859375	0.38933214385103077	0.3842020548834856	0.3423455492902122	0.18108224485600447	0.4876328438219205	0.17359411418201748	0.1034482759	0.9837837012485682	.	.
col_ccp3_LN_bulk_2_1_1_top32.clonotypes.IGHA	col_ccp3_PBMC_bulk_1_1_1_top32.clonotypes.IGHA	32	32	2	2	203	1422	54	258	0.9999999999999994	1.0000000000000002	0.2660098522167488	0.18143459915611815	0.0	0.0	0.001953125	0.2196893054031626	0.2157383177415679	0.3778495376325171	0.24145038374568178	0.63629363114758	0.12894917812197748	0.0322580645	0.8731769968553925	.	.
col_ccp3_LN_bulk_2_1_1_top32.clonotypes.IGHA	col_ccp3_PBMC_bulk_1_1_2_top32.clonotypes.IGHA	32	32	2	2	203	1106	54	184	0.9999999999999994	1.0	0.2660098522167488	0.16636528028933092	0.0	0.0	0.001953125	0.2103682571676699	0.2089184735192297	0.34761170358292653	0.22141617229698365	0.6178357048047228	0.11198939338048006	0.0322580645	0.8666084341677462	.	.
col_ccp3_LN_bulk_2_1_1_top32.clonotypes.IGHA	col_ccp3_PBMC_PCsort_1_1_1_top32.clonotypes.IGHA	32	32	4	4	203	3601	67	1190	0.9999999999999994	1.0000000000000002	0.33004926108374383	0.3304637600666481	0.9820120977334549	1.0	0.00390625	0.330256445546416	0.32674811800358594	0.36596516129371387	0.20293058163948224	0.5884547261002155	0.13336527236870976	0.0666666667	0.9884911031187413	.	.
col_ccp3_LN_bulk_2_1_1_top32.clonotypes.IGHA	col_ccp3_PBMC_PCsort_1_1_2_top32.clonotypes.IGHA	32	32	4	4	203	1480	67	449	0.9999999999999994	1.0	0.3300492610837439	0.3033783783783784	0.9863356811848852	0.39999999999999997	0.00390625	0.31643294647139425	0.3123461766602503	0.35789083274021166	0.2089047030308881	0.5424599060976124	0.09671530594749425	0.0666666667	0.9765279629358184	.	.
col_ccp3_LN_bulk_2_1_1_top32.clonotypes.IGHA	col_ccp3_tum_bulk_1_1_1_top32.clonotypes.IGHA	32	32	0	0	203	5636	0	0	0.9999999999999994	1.0	0.0	0.0	0.0	0.0	0.0	0.0	0.0	0.6193090345279291	0.3340029924930017	0.8627309260899038	0.35294694505067575	0.0	NaN	.	.
col_ccp3_LN_bulk_2_1_1_top32.clonotypes.IGHA	col_ccp3_tum_bulk_1_2_1_top32.clonotypes.IGHA	32	32	0	0	203	1024	0	0	0.9999999999999994	1.0	0.0	0.0	0.0	0.0	0.0	0.0	0.0	0.5493743353997007	0.2977254500965693	0.8232120382256074	0.18361884939379142	0.0	NaN	.	.
col_ccp3_LN_bulk_2_1_1_top32.clonotypes.IGHA	col_ccp3_tum_bulk_1_3_1_top32.clonotypes.IGHA	32	32	0	0	203	1538	0	0	0.9999999999999994	1.0000000000000002	0.0	0.0	0.0	0.0	0.0	0.0	0.0	0.36613662484986476	0.20333771542800275	0.6579025503344395	0.22192747386984307	0.0	NaN	.	.
col_ccp3_LN_bulk_2_1_1_top32.clonotypes.IGHA	col_ccp3_tum_PCsort_1_1_1_top32.clonotypes.IGHA	32	32	0	0	203	865	0	0	0.9999999999999994	1.0000000000000002	0.0	0.0	0.0	0.0	0.0	0.0	0.0	0.5754501362438226	0.3183156193179862	0.8104519419934453	0.34892624301999126	0.0	NaN	.	.
col_ccp3_LN_bulk_2_1_1_top32.clonotypes.IGHA	col_ccp3_tum_PCsort_1_2_1_top32.clonotypes.IGHA	32	32	0	0	203	1649	0	0	0.9999999999999994	0.9999999999999993	0.0	0.0	0.0	0.0	0.0	0.0	0.0	0.5123480947690228	0.27222256830234615	0.7028356331247366	0.12069977857763856	0.0	NaN	.	.
col_ccp3_LN_bulk_2_1_1_top32.clonotypes.IGHA	col_ccp3_tum_PCsort_1_3_1_top32.clonotypes.IGHA	32	32	0	0	203	1204	0	0	0.9999999999999994	0.9999999999999999	0.0	0.0	0.0	0.0	0.0	0.0	0.0	0.6190326109971944	0.37564953106215787	0.8317359971389638	0.15255980570217872	0.0	NaN	.	.
col_ccp3_LN_bulk_3_1_1_top32.clonotypes.IGHA	col_ccp3_LN_PCsort_1_1_1_top32.clonotypes.IGHA	32	32	2	2	1088	254	49	107	0.9999999999999998	0.9999999999999991	0.04503676470588235	0.421259842519685	0.0	0.0	0.001953125	0.13773953828729102	0.11625554949076213	0.5390931165313472	0.31326630809457773	0.6701034775104914	0.30190278426766776	0.0322580645	0.12321098126171148	.	.
col_ccp3_LN_bulk_3_1_1_top32.clonotypes.IGHA	col_ccp3_LN_PCsort_2_1_1_top32.clonotypes.IGHA	32	32	2	2	1088	218	43	54	0.9999999999999998	0.9999999999999998	0.03952205882352941	0.24770642201834864	0.0	0.0	0.001953125	0.09894376070260912	0.09403800979478531	0.40550199109917767	0.26314520203986974	0.6410524428910666	0.21777805494974303	0.0322580645	0.23442445201725762	.	.
col_ccp3_LN_bulk_3_1_1_top32.clonotypes.IGHA	col_ccp3_PBMC_bulk_1_1_1_top32.clonotypes.IGHA	32	32	2	2	1088	1422	159	235	0.9999999999999998	1.0000000000000002	0.14613970588235295	0.16526019690576652	0.0	0.0	0.001953125	0.15540616644737254	0.10970039262045905	0.5916923974851025	0.35938960600997427	0.7499293679141957	0.20377513711037226	0.0322580645	0.3304140146345986	.	.
col_ccp3_LN_bulk_3_1_1_top32.clonotypes.IGHA	col_ccp3_PBMC_bulk_1_1_2_top32.clonotypes.IGHA	32	32	2	2	1088	1106	159	187	0.9999999999999998	1.0	0.14613970588235295	0.16907775768535263	0.0	0.0	0.001953125	0.15719088325785682	0.11671872682663162	0.5108558918248257	0.3207845699148596	0.7206253577021059	0.20247518277085771	0.0322580645	0.3762172439954478	.	.
col_ccp3_LN_bulk_3_1_1_top32.clonotypes.IGHA	col_ccp3_PBMC_PCsort_1_1_1_top32.clonotypes.IGHA	32	32	2	2	1088	3601	159	997	0.9999999999999998	1.0000000000000002	0.14613970588235295	0.2768675367953346	0.0	0.0	0.001953125	0.2011500444833203	0.15081881903396022	0.4596398478665028	0.27295006458403986	0.609198099784829	0.21561567592536773	0.0322580645	0.3225977714134603	.	.
col_ccp3_LN_bulk_3_1_1_top32.clonotypes.IGHA	col_ccp3_PBMC_PCsort_1_1_2_top32.clonotypes.IGHA	32	32	2	2	1088	1480	159	415	0.9999999999999998	1.0	0.14613970588235295	0.2804054054054054	0.0	0.0	0.001953125	0.2024311326692806	0.1674062727233862	0.3633122680721287	0.21163829948676183	0.558162471450385	0.1163009659545911	0.0322580645	0.4562551549847015	.	.
col_ccp3_LN_bulk_3_1_1_top32.clonotypes.IGHA	col_ccp3_tum_bulk_1_1_1_top32.clonotypes.IGHA	32	32	0	0	1088	5636	0	0	0.9999999999999998	1.0	0.0	0.0	0.0	0.0	0.0	0.0	0.0	0.6812052509424333	0.41239815791485707	0.8598622462666288	0.33413739851175805	0.0	NaN	.	.
col_ccp3_LN_bulk_3_1_1_top32.clonotypes.IGHA	col_ccp3_tum_bulk_1_2_1_top32.clonotypes.IGHA	32	32	0	0	1088	1024	0	0	0.9999999999999998	1.0	0.0	0.0	0.0	0.0	0.0	0.0	0.0	0.5230317903885846	0.31635817069278727	0.7762361374367054	0.15683518329920304	0.0	NaN	.	.
col_ccp3_LN_bulk_3_1_1_top32.clonotypes.IGHA	col_ccp3_tum_bulk_1_3_1_top32.clonotypes.IGHA	32	32	0	0	1088	1538	0	0	0.9999999999999998	1.0000000000000002	0.0	0.0	0.0	0.0	0.0	0.0	0.0	0.5138273566497927	0.2819935682572109	0.7475316632270326	0.32474842944197324	0.0	NaN	.	.
col_ccp3_LN_bulk_3_1_1_top32.clonotypes.IGHA	col_ccp3_tum_PCsort_1_1_1_top32.clonotypes.IGHA	32	32	0	0	1088	865	0	0	0.9999999999999998	1.0000000000000002	0.0	0.0	0.0	0.0	0.0	0.0	0.0	0.6373319781637925	0.40944515444181934	0.7767657891069011	0.30521589622948475	0.0	NaN	.	.
col_ccp3_LN_bulk_3_1_1_top32.clonotypes.IGHA	col_ccp3_tum_PCsort_1_2_1_top32.clonotypes.IGHA	32	32	0	0	1088	1649	0	0	0.9999999999999998	0.9999999999999993	0.0	0.0	0.0	0.0	0.0	0.0	0.0	0.5847798199404547	0.3577333665702863	0.7281935951846938	0.20762519281946162	0.0	NaN	.	.
col_ccp3_LN_bulk_3_1_1_top32.clonotypes.IGHA	col_ccp3_tum_PCsort_1_3_1_top32.clonotypes.IGHA	32	32	0	0	1088	1204	0	0	0.9999999999999998	0.9999999999999999	0.0	0.0	0.0	0.0	0.0	0.0	0.0	0.6548880480037991	0.3624776543651056	0.8112285351172122	0.22502893857809736	0.0	NaN	.	.
col_ccp3_LN_PCsort_1_1_1_top32.clonotypes.IGHA	col_ccp3_LN_PCsort_2_1_1_top32.clonotypes.IGHA	32	32	5	5	254	218	131	68	0.9999999999999991	0.9999999999999998	0.515748031496063	0.3119266055045872	0.9955311238097275	0.4325904563487001	0.0048828125	0.4010929228498551	0.39622491376510743	0.36108429896477734	0.18766249180213307	0.4824551779999415	0.1359752030024395	0.0847457627	0.8351311795950239	.	.
col_ccp3_LN_PCsort_1_1_1_top32.clonotypes.IGHA	col_ccp3_PBMC_bulk_1_1_1_top32.clonotypes.IGHA	32	32	2	2	254	1422	109	236	0.9999999999999991	1.0000000000000002	0.42913385826771655	0.1659634317862166	0.0	0.0	0.001953125	0.26687174412771786	0.2639262876737087	0.43048233515443707	0.2539759119441994	0.6673446739535205	0.22139554514475288	0.0322580645	0.6305119767390956	.	.
col_ccp3_LN_PCsort_1_1_1_top32.clonotypes.IGHA	col_ccp3_PBMC_bulk_1_1_2_top32.clonotypes.IGHA	32	32	2	2	254	1106	109	183	0.9999999999999991	1.0	0.42913385826771655	0.1654611211573237	0.0	0.0	0.001953125	0.26646757648078767	0.2625978708028696	0.48759833853139073	0.27263554685120467	0.6209738827840608	0.22998103920818533	0.0322580645	0.6208065471460898	.	.
col_ccp3_LN_PCsort_1_1_1_top32.clonotypes.IGHA	col_ccp3_PBMC_PCsort_1_1_1_top32.clonotypes.IGHA	32	32	3	3	254	3601	116	1110	0.9999999999999991	1.0000000000000002	0.4566929133858268	0.30824770896973064	0.9706439534052006	0.8660254037844386	0.0029296875	0.3751993393569513	0.3632133306480989	0.37420252830031847	0.20245514341349624	0.5716813529320248	0.0782658614788182	0.0491803279	0.8493369815983193	.	.
col_ccp3_LN_PCsort_1_1_1_top32.clonotypes.IGHA	col_ccp3_PBMC_PCsort_1_1_2_top32.clonotypes.IGHA	32	32	4	4	254	1480	128	449	0.9999999999999991	1.0	0.5039370078740157	0.3033783783783784	0.9832749670918759	0.39999999999999997	0.00390625	0.3910033148883408	0.3807587389971622	0.3108083519074292	0.1772950413203363	0.4570373820082778	0.17573374816914858	0.0666666667	0.7991191663851227	.	.
col_ccp3_LN_PCsort_1_1_1_top32.clonotypes.IGHA	col_ccp3_tum_bulk_1_1_1_top32.clonotypes.IGHA	32	32	0	0	254	5636	0	0	0.9999999999999991	1.0	0.0	0.0	0.0	0.0	0.0	0.0	0.0	0.7873577717360598	0.39962383364226184	0.9531839350586709	0.3496573409445855	0.0	NaN	.	.
col_ccp3_LN_PCsort_1_1_1_top32.clonotypes.IGHA	col_ccp3_tum_bulk_1_2_1_top32.clonotypes.IGHA	32	32	0	0	254	1024	0	0	0.9999999999999991	1.0	0.0	0.0	0.0	0.0	0.0	0.0	0.0	0.5695108044000572	0.32130926304609186	0.9164719436376683	0.23781008333558135	0.0	NaN	.	.
col_ccp3_LN_PCsort_1_1_1_top32.clonotypes.IGHA	col_ccp3_tum_bulk_1_3_1_top32.clonotypes.IGHA	32	32	0	0	254	1538	0	0	0.9999999999999991	1.0000000000000002	0.0	0.0	0.0	0.0	0.0	0.0	0.0	0.46308421746282463	0.26194309867323246	0.7855447943378219	0.15468162631595245	0.0	NaN	.	.
col_ccp3_LN_PCsort_1_1_1_top32.clonotypes.IGHA	col_ccp3_tum_PCsort_1_1_1_top32.clonotypes.IGHA	32	32	0	0	254	865	0	0	0.9999999999999991	1.0000000000000002	0.0	0.0	0.0	0.0	0.0	0.0	0.0	0.732411572897775	0.3822944992552978	0.9003375954869587	0.40051792566033884	0.0	NaN	.	.
col_ccp3_LN_PCsort_1_1_1_top32.clonotypes.IGHA	col_ccp3_tum_PCsort_1_2_1_top32.clonotypes.IGHA	32	32	0	0	254	1649	0	0	0.9999999999999991	0.9999999999999993	0.0	0.0	0.0	0.0	0.0	0.0	0.0	0.6037545293384095	0.30543310953346037	0.7764050231344015	0.2803109602690684	0.0	NaN	.	.
col_ccp3_LN_PCsort_1_1_1_top32.clonotypes.IGHA	col_ccp3_tum_PCsort_1_3_1_top32.clonotypes.IGHA	32	32	0	0	254	1204	0	0	0.9999999999999991	0.9999999999999999	0.0	0.0	0.0	0.0	0.0	0.0	0.0	0.5634082953623176	0.35599144119471965	0.7639138390775811	0.09310138932107297	0.0	NaN	.	.
col_ccp3_LN_PCsort_2_1_1_top32.clonotypes.IGHA	col_ccp3_PBMC_bulk_1_1_1_top32.clonotypes.IGHA	32	32	3	3	218	1422	57	281	0.9999999999999998	1.0000000000000002	0.26146788990825687	0.19760900140646975	0.9983738851428456	1.0	0.0029296875	0.22730686004744205	0.22521370361609666	0.34139239776333874	0.23265000942605427	0.5994228790036069	0.19262093062371974	0.0491803279	0.9198052697393021	.	.
col_ccp3_LN_PCsort_2_1_1_top32.clonotypes.IGHA	col_ccp3_PBMC_bulk_1_1_2_top32.clonotypes.IGHA	32	32	3	3	218	1106	57	238	0.9999999999999998	1.0	0.26146788990825687	0.21518987341772153	0.9815439899634699	1.0	0.0029296875	0.2372029555721356	0.23133389065124377	0.4031532404983721	0.24755748345107972	0.6356071989809239	0.22106087169623595	0.0491803279	0.9053430511457033	.	.
col_ccp3_LN_PCsort_2_1_1_top32.clonotypes.IGHA	col_ccp3_PBMC_PCsort_1_1_1_top32.clonotypes.IGHA	32	32	3	3	218	3601	59	1389	0.9999999999999998	1.0000000000000002	0.27064220183486243	0.3857261871702305	0.988918288621838	0.5	0.0029296875	0.32310027019660237	0.3130994116599325	0.27244841944714476	0.15698878483691786	0.5894133060021777	0.16420267026845328	0.0491803279	0.947938690312718	.	.
col_ccp3_LN_PCsort_2_1_1_top32.clonotypes.IGHA	col_ccp3_PBMC_PCsort_1_1_2_top32.clonotypes.IGHA	32	32	4	4	218	1480	63	430	0.9999999999999998	1.0	0.28899082568807344	0.2905405405405405	0.9973441223772077	1.0	0.00390625	0.28976464709600097	0.2887466821046518	0.20998382427672746	0.14084897391783768	0.5040812563701167	0.18497562359421646	0.0666666667	0.9949974008234661	.	.
col_ccp3_LN_PCsort_2_1_1_top32.clonotypes.IGHA	col_ccp3_tum_bulk_1_1_1_top32.clonotypes.IGHA	32	32	0	0	218	5636	0	0	0.9999999999999998	1.0	0.0	0.0	0.0	0.0	0.0	0.0	0.0	0.5883517299790233	0.3038716286210416	0.7709191011078014	0.3225708340432512	0.0	NaN	.	.
col_ccp3_LN_PCsort_2_1_1_top32.clonotypes.IGHA	col_ccp3_tum_bulk_1_2_1_top32.clonotypes.IGHA	32	32	0	0	218	1024	0	0	0.9999999999999998	1.0	0.0	0.0	0.0	0.0	0.0	0.0	0.0	0.44935941520516515	0.2687776282869849	0.7890880115509709	0.16825747294244803	0.0	NaN	.	.
col_ccp3_LN_PCsort_2_1_1_top32.clonotypes.IGHA	col_ccp3_tum_bulk_1_3_1_top32.clonotypes.IGHA	32	32	1	1	218	1538	4	50	0.9999999999999998	1.0000000000000002	0.01834862385321101	0.032509752925877766	0.0	0.0	9.765625E-4	0.024423538400439794	0.024423538400439794	0.4126755769140183	0.2501964401323913	0.7946825053436367	0.2718082550122301	0.0158730159	0.8560965099929334	.	.
col_ccp3_LN_PCsort_2_1_1_top32.clonotypes.IGHA	col_ccp3_tum_PCsort_1_1_1_top32.clonotypes.IGHA	32	32	0	0	218	865	0	0	0.9999999999999998	1.0000000000000002	0.0	0.0	0.0	0.0	0.0	0.0	0.0	0.6694213364320276	0.34685997435531646	0.8189310422069185	0.3384628712807572	0.0	NaN	.	.
col_ccp3_LN_PCsort_2_1_1_top32.clonotypes.IGHA	col_ccp3_tum_PCsort_1_2_1_top32.clonotypes.IGHA	32	32	0	0	218	1649	0	0	0.9999999999999998	0.9999999999999993	0.0	0.0	0.0	0.0	0.0	0.0	0.0	0.47202877435724505	0.24311626112709675	0.6328380364676668	0.1898805147327909	0.0	NaN	.	.
col_ccp3_LN_PCsort_2_1_1_top32.clonotypes.IGHA	col_ccp3_tum_PCsort_1_3_1_top32.clonotypes.IGHA	32	32	3	3	218	1204	18	158	0.9999999999999998	0.9999999999999999	0.08256880733944955	0.13122923588039867	0.42939937049222093	0.0	0.0029296875	0.10409342676034744	0.1018110200595539	0.4665264955087325	0.30967600055316247	0.7936560093760906	0.10580835443868994	0.0491803279	0.8493978942793164	.	.
col_ccp3_PBMC_bulk_1_1_1_top32.clonotypes.IGHA	col_ccp3_PBMC_bulk_1_1_2_top32.clonotypes.IGHA	32	32	13	13	1422	1106	812	664	1.0000000000000002	1.0	0.5710267229254571	0.6003616636528027	0.7570684532002425	0.4159795398778509	0.0126953125	0.5855105066228407	0.5626197343481067	0.20172666312256204	0.10818695465141254	0.3050435176640046	0.07025783937240068	0.2549019608	0.8850526361461987	.	.
col_ccp3_PBMC_bulk_1_1_1_top32.clonotypes.IGHA	col_ccp3_PBMC_PCsort_1_1_1_top32.clonotypes.IGHA	32	32	10	10	1422	3601	700	2032	1.0000000000000002	1.0000000000000002	0.4922644163150492	0.5642876978617051	0.5621148169794196	0.3100318272768331	0.009765625	0.5270472030299137	0.4770804413794365	0.2910067202635494	0.18056028511152983	0.44316998053046935	0.11582625864267884	0.1851851852	0.7574179264953077	.	.
col_ccp3_PBMC_bulk_1_1_1_top32.clonotypes.IGHA	col_ccp3_PBMC_PCsort_1_1_2_top32.clonotypes.IGHA	32	32	10	10	1422	1480	713	809	1.0000000000000002	1.0	0.5014064697609002	0.5466216216216216	0.4966901883562306	-0.0668696098048076	0.009765625	0.5235261384040685	0.4671771120971073	0.3656528383060629	0.2041371646128211	0.481831653896241	0.06759240725226193	0.1851851852	0.7478517283589464	.	.
col_ccp3_PBMC_bulk_1_1_1_top32.clonotypes.IGHA	col_ccp3_tum_bulk_1_1_1_top32.clonotypes.IGHA	32	32	0	0	1422	5636	0	0	1.0000000000000002	1.0	0.0	0.0	0.0	0.0	0.0	0.0	0.0	0.47561968097252066	0.2764430860862313	0.7051659863259825	0.238160731757928	0.0	NaN	.	.
col_ccp3_PBMC_bulk_1_1_1_top32.clonotypes.IGHA	col_ccp3_tum_bulk_1_2_1_top32.clonotypes.IGHA	32	32	1	1	1422	1024	73	53	1.0000000000000002	1.0	0.051336146272855133	0.0517578125	0.0	0.0	9.765625E-4	0.05154654821870239	0.05154654821870239	0.4874549251478236	0.27053662974476955	0.669813725143757	0.10972408258929348	0.0158730159	0.9999665424655972	.	.
col_ccp3_PBMC_bulk_1_1_1_top32.clonotypes.IGHA	col_ccp3_tum_bulk_1_3_1_top32.clonotypes.IGHA	32	32	2	2	1422	1538	56	86	1.0000000000000002	1.0000000000000002	0.039381153305203934	0.055916775032509754	0.0	0.0	0.001953125	0.046926187676902396	0.04641867099342997	0.40243545363130667	0.2458151892108996	0.6602705451417674	0.17241826783036435	0.0322580645	0.8934810357564773	.	.
col_ccp3_PBMC_bulk_1_1_1_top32.clonotypes.IGHA	col_ccp3_tum_PCsort_1_1_1_top32.clonotypes.IGHA	32	32	0	0	1422	865	0	0	1.0000000000000002	1.0000000000000002	0.0	0.0	0.0	0.0	0.0	0.0	0.0	0.5368403589061448	0.33206480231781266	0.6859592350360106	0.23098927483886095	0.0	NaN	.	.
col_ccp3_PBMC_bulk_1_1_1_top32.clonotypes.IGHA	col_ccp3_tum_PCsort_1_2_1_top32.clonotypes.IGHA	32	32	1	1	1422	1649	30	50	1.0000000000000002	0.9999999999999993	0.02109704641350211	0.030321406913280776	0.0	0.0	9.765625E-4	0.025292135713936223	0.025292135713936223	0.5811971446358284	0.3345366867013338	0.7513308357333658	0.16994748895111503	0.0158730159	0.9376397910725889	.	.
col_ccp3_PBMC_bulk_1_1_1_top32.clonotypes.IGHA	col_ccp3_tum_PCsort_1_3_1_top32.clonotypes.IGHA	32	32	0	0	1422	1204	0	0	1.0000000000000002	0.9999999999999999	0.0	0.0	0.0	0.0	0.0	0.0	0.0	0.6259041352935555	0.4209618000634407	0.9768085770750953	0.19992757949228238	0.0	NaN	.	.
col_ccp3_PBMC_bulk_1_1_2_top32.clonotypes.IGHA	col_ccp3_PBMC_PCsort_1_1_1_top32.clonotypes.IGHA	32	32	11	11	1106	3601	615	2111	1.0	1.0000000000000002	0.5560578661844484	0.5862260483199111	0.7684652616739537	0.2369026647406668	0.0107421875	0.5709427340202441	0.5383486299271978	0.2961817544436332	0.17830778009058568	0.42092026093200574	0.10969640311992652	0.2075471698	0.8455860336221723	.	.
col_ccp3_PBMC_bulk_1_1_2_top32.clonotypes.IGHA	col_ccp3_PBMC_PCsort_1_1_2_top32.clonotypes.IGHA	32	32	8	8	1106	1480	531	658	1.0	1.0	0.4801084990958409	0.4445945945945946	0.72059335794163	0.14285714285714318	0.0078125	0.4620104365887579	0.4303421769686392	0.3754771315972006	0.19849700490405256	0.50079967677338	0.056467668090980125	0.1428571429	0.8507197176508483	.	.
col_ccp3_PBMC_bulk_1_1_2_top32.clonotypes.IGHA	col_ccp3_tum_bulk_1_1_1_top32.clonotypes.IGHA	32	32	1	1	1106	5636	31	103	1.0	1.0	0.02802893309222423	0.018275372604684172	0.0	0.0	9.765625E-4	0.022632701914976044	0.022632701914976044	0.5178146735588687	0.28253413936346955	0.7628812226012877	0.27454241715910266	0.0158730159	0.9150312039070634	.	.
col_ccp3_PBMC_bulk_1_1_2_top32.clonotypes.IGHA	col_ccp3_tum_bulk_1_2_1_top32.clonotypes.IGHA	32	32	1	1	1106	1024	39	53	1.0	1.0	0.0352622061482821	0.0517578125	0.0	0.0	9.765625E-4	0.04272112655536055	0.04272112655536055	0.5146930507196679	0.2960728793726856	0.7544171630565911	0.14429907597989466	0.0158730159	0.9306260556919181	.	.
col_ccp3_PBMC_bulk_1_1_2_top32.clonotypes.IGHA	col_ccp3_tum_bulk_1_3_1_top32.clonotypes.IGHA	32	32	1	1	1106	1538	96	32	1.0	1.0000000000000002	0.0867992766726944	0.02080624187256177	0.0	0.0	9.765625E-4	0.042496667455407464	0.042496667455407464	0.29716983480220693	0.1947656767803649	0.6232394317885512	0.24541744556958908	0.0158730159	0.45336099947797276	.	.
col_ccp3_PBMC_bulk_1_1_2_top32.clonotypes.IGHA	col_ccp3_tum_PCsort_1_1_1_top32.clonotypes.IGHA	32	32	0	0	1106	865	0	0	1.0	1.0000000000000002	0.0	0.0	0.0	0.0	0.0	0.0	0.0	0.5350924803443594	0.3149742593131032	0.6938842957423207	0.24859909854106105	0.0	NaN	.	.
col_ccp3_PBMC_bulk_1_1_2_top32.clonotypes.IGHA	col_ccp3_tum_PCsort_1_2_1_top32.clonotypes.IGHA	32	32	0	0	1106	1649	0	0	1.0	0.9999999999999993	0.0	0.0	0.0	0.0	0.0	0.0	0.0	0.5814023162224685	0.32387591362766144	0.7858676357987602	0.22140338084713157	0.0	NaN	.	.
col_ccp3_PBMC_bulk_1_1_2_top32.clonotypes.IGHA	col_ccp3_tum_PCsort_1_3_1_top32.clonotypes.IGHA	32	32	0	0	1106	1204	0	0	1.0	0.9999999999999999	0.0	0.0	0.0	0.0	0.0	0.0	0.0	0.6492757994913867	0.41157730296344713	0.9369158701848368	0.18816639196614554	0.0	NaN	.	.
col_ccp3_PBMC_PCsort_1_1_1_top32.clonotypes.IGHA	col_ccp3_PBMC_PCsort_1_1_2_top32.clonotypes.IGHA	32	32	11	11	3601	1480	2297	765	1.0000000000000002	1.0	0.6378783671202443	0.516891891891892	0.9153657260439678	0.5056960728118077	0.0107421875	0.57420741546735	0.5580815852263178	0.22592133969364367	0.14058031101013674	0.32257505242390816	0.0700790489714808	0.2075471698	0.9423657693949516	.	.
col_ccp3_PBMC_PCsort_1_1_1_top32.clonotypes.IGHA	col_ccp3_tum_bulk_1_1_1_top32.clonotypes.IGHA	32	32	1	1	3601	5636	43	103	1.0000000000000002	1.0	0.011941127464593169	0.018275372604684172	0.0	0.0	9.765625E-4	0.014772560838780383	0.014772560838780383	0.5114500418785761	0.2798812476905048	0.7122880604701398	0.27231676753641604	0.0158730159	0.915811236423563	.	.
col_ccp3_PBMC_PCsort_1_1_1_top32.clonotypes.IGHA	col_ccp3_tum_bulk_1_2_1_top32.clonotypes.IGHA	32	32	2	2	3601	1024	233	83	1.0000000000000002	1.0	0.06470424881977228	0.0810546875	0.0	0.0	0.001953125	0.072419490940001	0.07079616659893054	0.41612154871414087	0.24131949870345462	0.7099866988403033	0.1048256070112135	0.0322580645	0.9503439210064007	.	.
col_ccp3_PBMC_PCsort_1_1_1_top32.clonotypes.IGHA	col_ccp3_tum_bulk_1_3_1_top32.clonotypes.IGHA	32	32	2	2	3601	1538	170	97	1.0000000000000002	1.0000000000000002	0.04720910858094973	0.06306892067620286	0.0	0.0	0.001953125	0.054565809114189505	0.049237170899138316	0.3974894555165208	0.2519727850673072	0.6558026887999575	0.1280678650467951	0.0322580645	0.6754112987382387	.	.
col_ccp3_PBMC_PCsort_1_1_1_top32.clonotypes.IGHA	col_ccp3_tum_PCsort_1_1_1_top32.clonotypes.IGHA	32	32	0	0	3601	865	0	0	1.0000000000000002	1.0000000000000002	0.0	0.0	0.0	0.0	0.0	0.0	0.0	0.44952199850216434	0.2719594467273446	0.6759985920988693	0.2974073511391623	0.0	NaN	.	.
col_ccp3_PBMC_PCsort_1_1_1_top32.clonotypes.IGHA	col_ccp3_tum_PCsort_1_2_1_top32.clonotypes.IGHA	32	32	2	2	3601	1649	87	117	1.0000000000000002	0.9999999999999993	0.02415995556789781	0.07095209217707701	0.0	0.0	0.001953125	0.04140289113633938	0.041189134584966106	0.6167258951618776	0.3352974665768536	0.7603240179711644	0.26789238231021323	0.0322580645	0.5937309395827018	.	.
col_ccp3_PBMC_PCsort_1_1_1_top32.clonotypes.IGHA	col_ccp3_tum_PCsort_1_3_1_top32.clonotypes.IGHA	32	32	1	1	3601	1204	41	109	1.0000000000000002	0.9999999999999999	0.011385726187170231	0.09053156146179402	0.0	0.0	9.765625E-4	0.03210556914463532	0.03210556914463532	0.5104980722043228	0.343135329692767	0.8732432818612706	0.08253382781312706	0.0158730159	0.24761405075434284	.	.
col_ccp3_PBMC_PCsort_1_1_2_top32.clonotypes.IGHA	col_ccp3_tum_bulk_1_1_1_top32.clonotypes.IGHA	32	32	1	1	1480	5636	28	180	1.0	1.0	0.01891891891891892	0.0319375443577005	0.0	0.0	9.765625E-4	0.024580964427229297	0.024580964427229297	0.5779132899617508	0.31530712872992817	0.8054115905926897	0.32747465743715615	0.0158730159	0.8770007665848524	.	.
col_ccp3_PBMC_PCsort_1_1_2_top32.clonotypes.IGHA	col_ccp3_tum_bulk_1_2_1_top32.clonotypes.IGHA	32	32	1	1	1480	1024	21	53	1.0	1.0	0.01418918918918919	0.0517578125	0.0	0.0	9.765625E-4	0.027099841209517837	0.027099841209517837	0.5223739259509431	0.29997824854981286	0.8577841861149026	0.10904889897085256	0.0158730159	0.5099648019406179	.	.
col_ccp3_PBMC_PCsort_1_1_2_top32.clonotypes.IGHA	col_ccp3_tum_bulk_1_3_1_top32.clonotypes.IGHA	32	32	1	1	1480	1538	55	32	1.0	1.0000000000000002	0.037162162162162164	0.02080624187256177	0.0	0.0	9.765625E-4	0.027806562794658908	0.027806562794658908	0.4337460007607165	0.24097146893800744	0.7336083690526674	0.2294300660630103	0.0158730159	0.8525209248341349	.	.
col_ccp3_PBMC_PCsort_1_1_2_top32.clonotypes.IGHA	col_ccp3_tum_PCsort_1_1_1_top32.clonotypes.IGHA	32	32	1	1	1480	865	28	44	1.0	1.0000000000000002	0.01891891891891892	0.05086705202312139	0.0	0.0	9.765625E-4	0.03102176063459107	0.03102176063459107	0.557423762548393	0.3246078244675185	0.8031110380630012	0.2988871215303305	0.0158730159	0.6534632708479916	.	.
col_ccp3_PBMC_PCsort_1_1_2_top32.clonotypes.IGHA	col_ccp3_tum_PCsort_1_2_1_top32.clonotypes.IGHA	32	32	1	1	1480	1649	26	50	1.0	0.9999999999999993	0.01756756756756757	0.030321406913280776	0.0	0.0	9.765625E-4	0.023079717604268263	0.023079717604268263	0.5708571421108677	0.31701115861038803	0.7598648559729517	0.1926575705198769	0.0158730159	0.8675411471381758	.	.
col_ccp3_PBMC_PCsort_1_1_2_top32.clonotypes.IGHA	col_ccp3_tum_PCsort_1_3_1_top32.clonotypes.IGHA	32	32	0	0	1480	1204	0	0	1.0	0.9999999999999999	0.0	0.0	0.0	0.0	0.0	0.0	0.0	0.44813252404131615	0.26426398966902837	0.7577081347577028	0.1526251948717871	0.0	NaN	.	.
col_ccp3_tum_bulk_1_1_1_top32.clonotypes.IGHA	col_ccp3_tum_bulk_1_2_1_top32.clonotypes.IGHA	32	32	1	1	5636	1024	171	49	1.0	1.0	0.030340667139815473	0.0478515625	0.0	0.0	9.765625E-4	0.038103127561035934	0.038103127561035934	0.3675099613284217	0.2286646193133804	0.6726341721620728	0.25170981485252686	0.0158730159	0.9044859449818017	.	.
col_ccp3_tum_bulk_1_1_1_top32.clonotypes.IGHA	col_ccp3_tum_bulk_1_3_1_top32.clonotypes.IGHA	32	32	0	0	5636	1538	0	0	1.0	1.0000000000000002	0.0	0.0	0.0	0.0	0.0	0.0	0.0	0.4881605646968095	0.289173526153872	0.7499548020709977	0.15925089552505176	0.0	NaN	.	.
col_ccp3_tum_bulk_1_1_1_top32.clonotypes.IGHA	col_ccp3_tum_PCsort_1_1_1_top32.clonotypes.IGHA	32	32	14	14	5636	865	3143	511	1.0	1.0000000000000002	0.5576650106458481	0.5907514450867052	0.9036029103030027	0.5478551169972944	0.013671875	0.5739698693427449	0.5607290235032913	0.24906010197554024	0.13163100814881554	0.35521855101803096	0.046116813306287745	0.28	0.9220038543878767	.	.
col_ccp3_tum_bulk_1_1_1_top32.clonotypes.IGHA	col_ccp3_tum_PCsort_1_2_1_top32.clonotypes.IGHA	32	32	1	1	5636	1649	107	51	1.0	0.9999999999999993	0.018985095812633072	0.030927835051546393	0.0	0.0	9.765625E-4	0.024231547860814006	0.024231547860814006	0.6018224958798684	0.30369563082372136	0.6904689370181513	0.34566908964232607	0.0158730159	0.8916986879494054	.	.
col_ccp3_tum_bulk_1_1_1_top32.clonotypes.IGHA	col_ccp3_tum_PCsort_1_3_1_top32.clonotypes.IGHA	32	32	0	0	5636	1204	0	0	1.0	0.9999999999999999	0.0	0.0	0.0	0.0	0.0	0.0	0.0	0.6186685602152192	0.3966550167863461	0.8672898655230131	0.36176315467981557	0.0	NaN	.	.
col_ccp3_tum_bulk_1_2_1_top32.clonotypes.IGHA	col_ccp3_tum_bulk_1_3_1_top32.clonotypes.IGHA	32	32	5	5	1024	1538	158	367	1.0	1.0000000000000002	0.154296875	0.23862158647594278	-0.3576819034030194	-0.15789473684210514	0.0048828125	0.1918816434700835	0.1776614569836102	0.35563326280729285	0.20484853563621905	0.5908382446057548	0.20874764406875168	0.0847457627	0.5975233913496972	.	.
col_ccp3_tum_bulk_1_2_1_top32.clonotypes.IGHA	col_ccp3_tum_PCsort_1_1_1_top32.clonotypes.IGHA	32	32	1	1	1024	865	49	20	1.0	1.0000000000000002	0.0478515625	0.023121387283236993	0.0	0.0	9.765625E-4	0.033262509055549616	0.033262509055549616	0.511063757406022	0.3124796980010574	0.7463060890853133	0.23841595787629918	0.0158730159	0.7834627049989257	.	.
col_ccp3_tum_bulk_1_2_1_top32.clonotypes.IGHA	col_ccp3_tum_PCsort_1_2_1_top32.clonotypes.IGHA	32	32	2	2	1024	1649	57	129	1.0	0.9999999999999993	0.0556640625	0.0782292298362644	0.0	0.0	0.001953125	0.06598906529821957	0.06598747467882346	0.5671211033072424	0.3224029188356383	0.7126468295760803	0.16461796686387348	0.0322580645	0.9448686642067049	.	.
col_ccp3_tum_bulk_1_2_1_top32.clonotypes.IGHA	col_ccp3_tum_PCsort_1_3_1_top32.clonotypes.IGHA	32	32	2	2	1024	1204	58	211	1.0	0.9999999999999999	0.056640625	0.17524916943521596	0.0	0.0	0.001953125	0.09963042952603149	0.09963040821431533	0.5880764408502903	0.3998669566706439	0.8338484120970623	0.12529587628350639	0.0322580645	0.5852855680785426	.	.
col_ccp3_tum_bulk_1_3_1_top32.clonotypes.IGHA	col_ccp3_tum_PCsort_1_1_1_top32.clonotypes.IGHA	32	32	0	0	1538	865	0	0	1.0000000000000002	1.0000000000000002	0.0	0.0	0.0	0.0	0.0	0.0	0.0	0.5693675217612095	0.33557428018754987	0.7490537252389744	0.2453020273771013	0.0	NaN	.	.
col_ccp3_tum_bulk_1_3_1_top32.clonotypes.IGHA	col_ccp3_tum_PCsort_1_2_1_top32.clonotypes.IGHA	32	32	2	2	1538	1649	101	129	1.0000000000000002	0.9999999999999993	0.06566970091027308	0.0782292298362644	0.0	0.0	0.001953125	0.07167489187845695	0.0711046218048505	0.5193977974913658	0.2956031748059013	0.739167405963381	0.2995836883319923	0.0322580645	0.9622002897152646	.	.
col_ccp3_tum_bulk_1_3_1_top32.clonotypes.IGHA	col_ccp3_tum_PCsort_1_3_1_top32.clonotypes.IGHA	32	32	3	3	1538	1204	284	235	1.0000000000000002	0.9999999999999999	0.1846553966189857	0.1951827242524917	0.6074467065548763	0.5	0.0029296875	0.18984610441096222	0.1837122068559736	0.5790628675246426	0.34052175664747447	0.7939494039101814	0.18288486855046995	0.0491803279	0.8874074650014943	.	.
col_ccp3_tum_PCsort_1_1_1_top32.clonotypes.IGHA	col_ccp3_tum_PCsort_1_2_1_top32.clonotypes.IGHA	32	32	0	0	865	1649	0	0	1.0000000000000002	0.9999999999999993	0.0	0.0	0.0	0.0	0.0	0.0	0.0	0.6211810843485531	0.3165432942569897	0.7034445458951231	0.3530287277848255	0.0	NaN	.	.
col_ccp3_tum_PCsort_1_1_1_top32.clonotypes.IGHA	col_ccp3_tum_PCsort_1_3_1_top32.clonotypes.IGHA	32	32	0	0	865	1204	0	0	1.0000000000000002	0.9999999999999999	0.0	0.0	0.0	0.0	0.0	0.0	0.0	0.633534713581055	0.40908904680715563	0.8791583955621762	0.39859822051347454	0.0	NaN	.	.
col_ccp3_tum_PCsort_1_2_1_top32.clonotypes.IGHA	col_ccp3_tum_PCsort_1_3_1_top32.clonotypes.IGHA	32	32	2	2	1649	1204	113	141	0.9999999999999993	0.9999999999999999	0.06852637962401456	0.117109634551495	0.0	0.0	0.001953125	0.08958291843261951	0.08787839448085255	0.6513242353764308	0.414884362376941	0.8042204450222328	0.23478730740902876	0.0322580645	0.7800944293972125	.	.
