1_sample_id	2_sample_id	div1	div2	div12	div21	count1	count2	count12	count21	freq1	freq2	freq12	freq21	R	Rs	D	F	F2	vJSD	vjJSD	vj2JSD	sJSD	Jaccard	MorisitaHorn	1_metadata_blank	2_metadata_blank
col_ccp5_PBMC_bulk_1_1_1_top95.clonotypes.IGH	col_ccp5_PBMC_bulk_1_1_2_top95.clonotypes.IGH	95	95	17	17	5909	6208	1260	1561	0.9999999999999996	1.0000000000000004	0.21323404975461155	0.25144974226804123	0.5966473800859967	0.4033149931198364	0.0018836565	0.2315548463184646	0.225729770207523	0.18993593357682476	0.09649433091216492	0.30170011973461164	0.06378100965518316	0.098265896	0.8935578069346095	.	.
col_ccp5_PBMC_bulk_1_1_1_top95.clonotypes.IGH	col_ccp5_tum_bulk_1_2_1_top95.clonotypes.IGH	95	95	0	0	5909	4335	0	0	0.9999999999999996	1.0000000000000002	0.0	0.0	0.0	0.0	0.0	0.0	0.0	0.29680110072127247	0.1623703394693843	0.46773381320130086	0.12857477724540078	0.0	NaN	.	.
col_ccp5_PBMC_bulk_1_1_1_top95.clonotypes.IGH	col_ccp5_tum_bulk_1_2_2_top95.clonotypes.IGH	95	95	1	1	5909	3013	62	11	0.9999999999999996	0.9999999999999996	0.01049246911490946	0.0036508463325589115	0.0	0.0	1.108033E-4	0.006189215813627349	0.006189215813627349	0.3038202177639117	0.16733358851638905	0.5089968761495965	0.12845952360922128	0.0052910053	0.6207455870474683	.	.
col_ccp5_PBMC_bulk_1_1_1_top95.clonotypes.IGH	col_ccp5_tum_bulk_1_4_1_top95.clonotypes.IGH	95	95	1	1	5909	5715	94	59	0.9999999999999996	0.9999999999999994	0.01590793704518531	0.010323709536307962	0.0	0.0	1.108033E-4	0.01281518323616039	0.01281518323616039	0.1481410724482876	0.09250522762608826	0.3695676895166601	0.07671318090676843	0.0052910053	0.9132925368568867	.	.
col_ccp5_PBMC_bulk_1_1_1_top95.clonotypes.IGH	col_ccp5_tum_bulk_1_4_2_top95.clonotypes.IGH	95	95	0	0	5909	3719	0	0	0.9999999999999996	1.0000000000000007	0.0	0.0	0.0	0.0	0.0	0.0	0.0	0.2074015439134166	0.12115618064623768	0.42897895177082346	0.09081359972779438	0.0	NaN	.	.
col_ccp5_PBMC_bulk_1_1_1_top95.clonotypes.IGH	col_ccp5_tum_bulk_1_5_1_top95.clonotypes.IGH	95	95	0	0	5909	1013	0	0	0.9999999999999996	1.0000000000000002	0.0	0.0	0.0	0.0	0.0	0.0	0.0	0.3663371490794287	0.20763096682942253	0.5151790751917139	0.18025801312101838	0.0	NaN	.	.
col_ccp5_PBMC_bulk_1_1_1_top95.clonotypes.IGH	col_ccp5_tum_bulk_1_5_2_top95.clonotypes.IGH	95	95	0	0	5909	1444	0	0	0.9999999999999996	1.0000000000000002	0.0	0.0	0.0	0.0	0.0	0.0	0.0	0.3629377772094132	0.20789377392491917	0.535805347727799	0.21725317073174158	0.0	NaN	.	.
col_ccp5_PBMC_bulk_1_1_2_top95.clonotypes.IGH	col_ccp5_tum_bulk_1_2_1_top95.clonotypes.IGH	95	95	0	0	6208	4335	0	0	1.0000000000000004	1.0000000000000002	0.0	0.0	0.0	0.0	0.0	0.0	0.0	0.33784316596814296	0.1814995614290765	0.5795480481415363	0.13374423395072896	0.0	NaN	.	.
col_ccp5_PBMC_bulk_1_1_2_top95.clonotypes.IGH	col_ccp5_tum_bulk_1_2_2_top95.clonotypes.IGH	95	95	1	1	6208	3013	76	11	1.0000000000000004	0.9999999999999996	0.012242268041237113	0.0036508463325589115	0.0	0.0	1.108033E-4	0.006685404952622816	0.006685404952622816	0.33162910074107116	0.1814642952035515	0.6075661610068684	0.11003875958835796	0.0052910053	0.5477223634701043	.	.
col_ccp5_PBMC_bulk_1_1_2_top95.clonotypes.IGH	col_ccp5_tum_bulk_1_4_1_top95.clonotypes.IGH	95	95	1	1	6208	5715	61	99	1.0000000000000004	0.9999999999999994	0.009826030927835051	0.01732283464566929	0.0	0.0	1.108033E-4	0.013046635926020124	0.013046635926020124	0.16441997830332358	0.10448973801694085	0.3879753363262739	0.07174991889041647	0.0052910053	0.8583015512959832	.	.
col_ccp5_PBMC_bulk_1_1_2_top95.clonotypes.IGH	col_ccp5_tum_bulk_1_4_2_top95.clonotypes.IGH	95	95	1	1	6208	3719	61	35	1.0000000000000004	1.0000000000000007	0.009826030927835051	0.009411132024737832	0.0	0.0	1.108033E-4	0.009616344125550668	0.009616344125550668	0.16459754563350407	0.10478519814166116	0.39629614883371483	0.07581589911628484	0.0052910053	0.9990701121957287	.	.
col_ccp5_PBMC_bulk_1_1_2_top95.clonotypes.IGH	col_ccp5_tum_bulk_1_5_1_top95.clonotypes.IGH	95	95	2	2	6208	1013	102	4	1.0000000000000004	1.0000000000000002	0.016430412371134018	0.003948667324777887	0.0	0.0	2.216066E-4	0.008054702506146535	0.008054315363199466	0.3955802238374746	0.22680038048284654	0.5730672217075091	0.17231811210115022	0.0106382979	0.45424313138610833	.	.
col_ccp5_PBMC_bulk_1_1_2_top95.clonotypes.IGH	col_ccp5_tum_bulk_1_5_2_top95.clonotypes.IGH	95	95	1	1	6208	1444	61	7	1.0000000000000004	1.0000000000000002	0.009826030927835051	0.004847645429362881	0.0	0.0	1.108033E-4	0.006901674718218607	0.006901674718218607	0.41839235219207266	0.23688542074544136	0.6280835027753682	0.20008640129132432	0.0052910053	0.7935509485741126	.	.
col_ccp5_tum_bulk_1_2_1_top95.clonotypes.IGH	col_ccp5_tum_bulk_1_2_2_top95.clonotypes.IGH	95	95	47	47	4335	3013	3254	2180	1.0000000000000002	0.9999999999999996	0.7506343713956171	0.7235313640889478	0.7063851101701939	0.6060263990703699	0.0052077562	0.7369582828545457	0.6949721208485805	0.05577595218921584	0.03347496185509136	0.14933514684003882	0.030870267584335205	0.3286713287	0.854665472092979	.	.
col_ccp5_tum_bulk_1_2_1_top95.clonotypes.IGH	col_ccp5_tum_bulk_1_4_1_top95.clonotypes.IGH	95	95	1	1	4335	5715	8	58	1.0000000000000002	0.9999999999999994	0.001845444059976932	0.010148731408573928	0.0	0.0	1.108033E-4	0.00432769177440516	0.00432769177440516	0.23498650463461462	0.1395071056407098	0.46823193879254343	0.12447078267726308	0.0052910053	0.35203931131606414	.	.
col_ccp5_tum_bulk_1_2_1_top95.clonotypes.IGH	col_ccp5_tum_bulk_1_4_2_top95.clonotypes.IGH	95	95	0	0	4335	3719	0	0	1.0000000000000002	1.0000000000000007	0.0	0.0	0.0	0.0	0.0	0.0	0.0	0.2112550018909986	0.13519984432414195	0.4811060083581544	0.14551198428117193	0.0	NaN	.	.
col_ccp5_tum_bulk_1_2_1_top95.clonotypes.IGH	col_ccp5_tum_bulk_1_5_1_top95.clonotypes.IGH	95	95	0	0	4335	1013	0	0	1.0000000000000002	1.0000000000000002	0.0	0.0	0.0	0.0	0.0	0.0	0.0	0.3595550818805577	0.21077122548405325	0.6296051231815606	0.20317341091804067	0.0	NaN	.	.
col_ccp5_tum_bulk_1_2_1_top95.clonotypes.IGH	col_ccp5_tum_bulk_1_5_2_top95.clonotypes.IGH	95	95	3	3	4335	1444	159	16	1.0000000000000002	1.0000000000000002	0.03667820069204152	0.0110803324099723	0.4688381538784676	0.0	3.3241E-4	0.020159530149968678	0.01752508063016912	0.2766259589790583	0.16565229963048322	0.5294962313593873	0.25682277499682804	0.0160427807	0.29085724154596876	.	.
col_ccp5_tum_bulk_1_2_2_top95.clonotypes.IGH	col_ccp5_tum_bulk_1_4_1_top95.clonotypes.IGH	95	95	0	0	3013	5715	0	0	0.9999999999999996	0.9999999999999994	0.0	0.0	0.0	0.0	0.0	0.0	0.0	0.22986696042453733	0.1461084302426707	0.48505901467001095	0.12238130665273	0.0	NaN	.	.
col_ccp5_tum_bulk_1_2_2_top95.clonotypes.IGH	col_ccp5_tum_bulk_1_4_2_top95.clonotypes.IGH	95	95	0	0	3013	3719	0	0	0.9999999999999996	1.0000000000000007	0.0	0.0	0.0	0.0	0.0	0.0	0.0	0.21622793952033692	0.14691554480177946	0.457716956686643	0.125624015163743	0.0	NaN	.	.
col_ccp5_tum_bulk_1_2_2_top95.clonotypes.IGH	col_ccp5_tum_bulk_1_5_1_top95.clonotypes.IGH	95	95	2	2	3013	1013	42	115	0.9999999999999996	1.0000000000000002	0.013939595087952207	0.11352418558736427	0.0	0.0	2.216066E-4	0.039780412011156924	0.024667977647954732	0.3491226768775756	0.21262353865228223	0.629855465949041	0.13184278172496736	0.0106382979	0.06099053842143787	.	.
col_ccp5_tum_bulk_1_2_2_top95.clonotypes.IGH	col_ccp5_tum_bulk_1_5_2_top95.clonotypes.IGH	95	95	3	3	3013	1444	91	220	0.9999999999999996	1.0000000000000002	0.03020245602389645	0.1523545706371191	-0.9193706865425546	-1.0	3.3241E-4	0.06783422601981402	0.036199909216204515	0.2880181076980467	0.1821131140167963	0.5409464004141272	0.17523971224525953	0.0160427807	0.052313348043418424	.	.
col_ccp5_tum_bulk_1_4_1_top95.clonotypes.IGH	col_ccp5_tum_bulk_1_4_2_top95.clonotypes.IGH	95	95	23	23	5715	3719	2073	1222	0.9999999999999994	1.0000000000000007	0.36272965879265096	0.32858295240656094	0.7772356936447057	0.11543234020809175	0.0025484765	0.3452343873537422	0.33202239159971614	0.09198659810704082	0.047867535859327945	0.2814210684442636	0.033396387627641494	0.1377245509	0.9021017010032283	.	.
col_ccp5_tum_bulk_1_4_1_top95.clonotypes.IGH	col_ccp5_tum_bulk_1_5_1_top95.clonotypes.IGH	95	95	0	0	5715	1013	0	0	0.9999999999999994	1.0000000000000002	0.0	0.0	0.0	0.0	0.0	0.0	0.0	0.38950729508642096	0.22089785261405312	0.5597795130038776	0.1556729287602722	0.0	NaN	.	.
col_ccp5_tum_bulk_1_4_1_top95.clonotypes.IGH	col_ccp5_tum_bulk_1_5_2_top95.clonotypes.IGH	95	95	2	2	5715	1444	145	13	0.9999999999999994	1.0000000000000002	0.025371828521434818	0.009002770083102494	0.0	0.0	2.216066E-4	0.015113462170078038	0.014946913550928014	0.3775781619448744	0.21922473408221715	0.5846668686448603	0.18475572449040983	0.0106382979	0.5789466328359766	.	.
col_ccp5_tum_bulk_1_4_2_top95.clonotypes.IGH	col_ccp5_tum_bulk_1_5_1_top95.clonotypes.IGH	95	95	2	2	3719	1013	51	28	1.0000000000000007	1.0000000000000002	0.013713363807475128	0.02764067127344521	0.0	0.0	2.216066E-4	0.019469118651227666	0.018859604206065465	0.3758896359518925	0.21020087868970924	0.5363150171334033	0.1515682983984387	0.0106382979	0.6760782166629385	.	.
col_ccp5_tum_bulk_1_4_2_top95.clonotypes.IGH	col_ccp5_tum_bulk_1_5_2_top95.clonotypes.IGH	95	95	3	3	3719	1444	89	34	1.0000000000000007	1.0000000000000002	0.023931164291476202	0.023545706371191133	-0.9226129063148778	-1.0	3.3241E-4	0.023737652949013997	0.022654305498884524	0.35477962466245094	0.20531772334152032	0.5334564014618337	0.17125491091282458	0.0160427807	0.8292522897753271	.	.
col_ccp5_tum_bulk_1_5_1_top95.clonotypes.IGH	col_ccp5_tum_bulk_1_5_2_top95.clonotypes.IGH	95	95	33	33	1013	1444	754	957	1.0000000000000002	1.0000000000000002	0.7443237907206317	0.6627423822714682	0.9266415345924356	0.6168853795603528	0.0036565097	0.7023495726798168	0.6694919895690754	0.10529605371264529	0.05618122247281572	0.17972197675155013	0.03978136148297752	0.2101910828	0.9392135953502311	.	.
