1_sample_id	2_sample_id	div1	div2	div12	div21	count1	count2	count12	count21	freq1	freq2	freq12	freq21	R	Rs	D	F	F2	vJSD	vjJSD	vj2JSD	sJSD	Jaccard	MorisitaHorn	1_metadata_blank	2_metadata_blank
col_ccp6_LN_bulk_1_1_1_top58.clonotypes.IGHA	col_ccp6_LN_bulk_1_1_2_top58.clonotypes.IGHA	58	58	38	38	551	1228	432	947	0.9999999999999994	1.0000000000000002	0.7840290381125226	0.7711726384364823	0.7703424144192186	0.6600297132408666	0.0112960761	0.7775742677918627	0.7635438964723575	0.07752366147307715	0.05553266527382808	0.1538088110715617	0.028401779264040965	0.4871794872	0.9436977179312704	.	.
col_ccp6_LN_bulk_1_1_1_top58.clonotypes.IGHA	col_ccp6_LN_bulk_2_1_1_top58.clonotypes.IGHA	58	58	30	30	551	465	338	316	0.9999999999999994	0.9999999999999997	0.6134301270417422	0.6795698924731183	0.46798929508209414	0.4955533323246873	0.0089179548	0.6456536575235425	0.6221497048343784	0.11258558923180882	0.06234436191567729	0.20124475103430275	0.06647361355153665	0.3488372093	0.8614464145020317	.	.
col_ccp6_LN_bulk_1_1_1_top58.clonotypes.IGHA	col_ccp6_LN_bulk_2_1_2_top58.clonotypes.IGHA	58	58	27	27	551	1003	310	657	0.9999999999999994	1.0000000000000004	0.5626134301270417	0.6550348953140578	0.1809289716933977	0.3596610607653647	0.0080261593	0.6070678951365734	0.5758845995846179	0.1565172644659432	0.08776506133677334	0.28046840534339307	0.07422243479939443	0.3033707865	0.8016063541334167	.	.
col_ccp6_LN_bulk_1_1_1_top58.clonotypes.IGHA	col_ccp6_LN_bulk_3_1_1_top58.clonotypes.IGHA	58	58	14	14	551	331	158	151	0.9999999999999994	1.0000000000000007	0.2867513611615245	0.4561933534743202	0.5409569887553927	0.5097704601260495	0.0041617122	0.36168227086989185	0.3457532121229204	0.1881590901532221	0.10008541670411689	0.3221322417007734	0.1375897851453137	0.137254902	0.7490421145815143	.	.
col_ccp6_LN_bulk_1_1_1_top58.clonotypes.IGHA	col_ccp6_LN_bulk_3_1_2_top58.clonotypes.IGHA	58	58	10	10	551	215	141	81	0.9999999999999994	0.9999999999999984	0.2558983666061706	0.37674418604651166	0.27020684966561603	0.48931722894504914	0.0029726516	0.3104967340209452	0.28702339138706945	0.19202917510934958	0.10460407879790873	0.3614567488138205	0.17641871146781613	0.0943396226	0.6160665618148551	.	.
col_ccp6_LN_bulk_1_1_1_top58.clonotypes.IGHA	col_ccp6_PBMC_bulk_1_1_1_top58.clonotypes.IGHA	58	58	4	4	551	1317	44	64	0.9999999999999994	0.9999999999999997	0.07985480943738657	0.04859529233105543	0.8947924869885988	0.31622776601683794	0.0011890606	0.062294203652109754	0.061608472248039926	0.3200854934953864	0.17967091242965366	0.5261355773063515	0.1547958425515109	0.0357142857	0.8437531029175465	.	.
col_ccp6_LN_bulk_1_1_1_top58.clonotypes.IGHA	col_ccp6_PBMC_bulk_1_1_2_top58.clonotypes.IGHA	58	58	2	2	551	638	48	17	0.9999999999999994	1.0000000000000002	0.08711433756805807	0.02664576802507837	0.0	0.0	5.945303E-4	0.048179128577599296	0.046370654579204286	0.37497383763148795	0.2051580208652857	0.5888411626872266	0.11598903042331496	0.0175438596	0.5157622722540967	.	.
col_ccp6_LN_bulk_1_1_1_top58.clonotypes.IGHA	col_ccp6_PBMC_bulk_2_1_2_top58.clonotypes.IGHA	58	24	0	0	551	75	0	0	0.9999999999999994	0.9999999999999998	0.0	0.0	0.0	0.0	0.0	0.0	0.0	0.4676603696676804	0.2532004361514844	0.6803428006507778	0.21632210371394364	0.0	NaN	.	.
col_ccp6_LN_bulk_1_1_1_top58.clonotypes.IGHA	col_ccp6_tum_bulk_1_1_1_top58.clonotypes.IGHA	58	58	5	5	551	344	63	41	0.9999999999999994	1.0000000000000007	0.11433756805807624	0.1191860465116279	-0.7697458560042477	-0.9	0.0014863258	0.11673663822723479	0.10487393331394415	0.19492211256400213	0.1271944440104899	0.39462091872885335	0.10835421422054874	0.045045045	0.6836793359040572	.	.
col_ccp6_LN_bulk_1_1_1_top58.clonotypes.IGHA	col_ccp6_tum_bulk_1_1_2_top58.clonotypes.IGHA	58	58	6	6	551	291	69	27	0.9999999999999994	0.9999999999999986	0.1252268602540835	0.09278350515463918	-0.38456153011382693	-0.14712247158412503	0.001783591	0.10779140519486717	0.09817888973598518	0.20225897337042953	0.13859804068270287	0.41899923418323903	0.0941002352440536	0.0545454545	0.6772769154066738	.	.
col_ccp6_LN_bulk_1_1_1_top58.clonotypes.IGHA	col_ccp6_tum_bulk_1_3_1_top58.clonotypes.IGHA	58	58	1	1	551	2663	6	18	0.9999999999999994	0.9999999999999992	0.010889292196007259	0.006759294029290274	0.0	0.0	2.972652E-4	0.00857927314658235	0.00857927314658235	0.30051417667272906	0.23817497853178546	0.6171285131671767	0.08102576409317813	0.0086956522	0.8961622267476577	.	.
col_ccp6_LN_bulk_1_1_1_top58.clonotypes.IGHA	col_ccp6_tum_bulk_1_3_2_top58.clonotypes.IGHA	58	58	2	2	551	1724	11	29	0.9999999999999994	1.0000000000000004	0.019963702359346643	0.016821345707656612	0.0	0.0	5.945303E-4	0.018325292330310307	0.018317968754040397	0.27192923888183995	0.20354577515146524	0.5620028493574922	0.10373949614941601	0.0175438596	0.9833621322435637	.	.
col_ccp6_LN_bulk_1_1_2_top58.clonotypes.IGHA	col_ccp6_LN_bulk_2_1_1_top58.clonotypes.IGHA	58	58	28	28	1228	465	747	300	1.0000000000000002	0.9999999999999997	0.6083061889250816	0.6451612903225806	0.2789442013724818	0.4572787149120381	0.0083234245	0.6264627728429816	0.5979990311664657	0.10910298416156548	0.07006549750688855	0.25813773875040236	0.053060758713757844	0.3181818182	0.8241296596113651	.	.
col_ccp6_LN_bulk_1_1_2_top58.clonotypes.IGHA	col_ccp6_LN_bulk_2_1_2_top58.clonotypes.IGHA	58	58	26	26	1228	1003	698	638	1.0000000000000002	1.0000000000000004	0.5684039087947884	0.6360917248255235	0.11954998370175998	0.275436858074695	0.0077288942	0.6012961190152872	0.567872229673161	0.18023152137137927	0.10298040320379563	0.3235146146352498	0.04919291874503323	0.2888888889	0.7908398247682288	.	.
col_ccp6_LN_bulk_1_1_2_top58.clonotypes.IGHA	col_ccp6_LN_bulk_3_1_1_top58.clonotypes.IGHA	58	58	14	14	1228	331	369	151	1.0000000000000002	1.0000000000000007	0.3004885993485342	0.4561933534743202	0.6472766442855982	0.6728250958155124	0.0041617122	0.3702443812100452	0.3573218385075212	0.2374581998818557	0.1291131469515877	0.37884429704341926	0.1394309967719408	0.137254902	0.8016809031845028	.	.
col_ccp6_LN_bulk_1_1_2_top58.clonotypes.IGHA	col_ccp6_LN_bulk_3_1_2_top58.clonotypes.IGHA	58	58	11	11	1228	215	358	86	1.0000000000000002	0.9999999999999984	0.2915309446254072	0.39999999999999997	0.33705015459195414	0.44804770540602856	0.0032699168	0.3414855455947775	0.31693183414746035	0.21265349543440848	0.11333866175166696	0.38786096459249647	0.17959683428010248	0.1047619048	0.6621074611006582	.	.
col_ccp6_LN_bulk_1_1_2_top58.clonotypes.IGHA	col_ccp6_PBMC_bulk_1_1_1_top58.clonotypes.IGHA	58	58	3	3	1228	1317	84	50	1.0000000000000002	0.9999999999999997	0.06840390879478828	0.037965072133637055	0.9959012792792448	1.0	8.917955E-4	0.05096037020682706	0.05080383031920692	0.30827373320445656	0.19223471417163454	0.5117039018508919	0.22734071173674683	0.0265486726	0.8195533652435362	.	.
col_ccp6_LN_bulk_1_1_2_top58.clonotypes.IGHA	col_ccp6_PBMC_bulk_1_1_2_top58.clonotypes.IGHA	58	58	3	3	1228	638	126	23	1.0000000000000002	1.0000000000000002	0.10260586319218241	0.03605015673981191	0.1594433810786122	-0.5	8.917955E-4	0.06081905499514008	0.05812218312648458	0.3904852716899714	0.22587909748896162	0.5661949031527744	0.18681457031549026	0.0265486726	0.5315799552587455	.	.
col_ccp6_LN_bulk_1_1_2_top58.clonotypes.IGHA	col_ccp6_PBMC_bulk_2_1_2_top58.clonotypes.IGHA	58	24	0	0	1228	75	0	0	1.0000000000000002	0.9999999999999998	0.0	0.0	0.0	0.0	0.0	0.0	0.0	0.47442418680618964	0.2515468115911822	0.712326134612627	0.20999829850962415	0.0	NaN	.	.
col_ccp6_LN_bulk_1_1_2_top58.clonotypes.IGHA	col_ccp6_tum_bulk_1_1_1_top58.clonotypes.IGHA	58	58	4	4	1228	344	119	25	1.0000000000000002	1.0000000000000007	0.09690553745928339	0.07267441860465115	-0.7867335718100098	-0.8	0.0011890606	0.08391992370363943	0.0732996965417144	0.2475124147163714	0.14204740764698645	0.4449406748748858	0.13133189172081222	0.0357142857	0.6092587477109199	.	.
col_ccp6_LN_bulk_1_1_2_top58.clonotypes.IGHA	col_ccp6_tum_bulk_1_1_2_top58.clonotypes.IGHA	58	58	4	4	1228	291	119	15	1.0000000000000002	0.9999999999999986	0.09690553745928339	0.05154639175257732	-0.6616108838758189	-0.6324555320336759	0.0011890606	0.07067623926660414	0.06290000223786633	0.24742309680749033	0.14618955666765432	0.5120783053289409	0.10456575232208071	0.0357142857	0.5361327870196251	.	.
col_ccp6_LN_bulk_1_1_2_top58.clonotypes.IGHA	col_ccp6_tum_bulk_1_3_1_top58.clonotypes.IGHA	58	58	0	0	1228	2663	0	0	1.0000000000000002	0.9999999999999992	0.0	0.0	0.0	0.0	0.0	0.0	0.0	0.2995851742058119	0.21230141875780667	0.6487752048478539	0.08164572392699358	0.0	NaN	.	.
col_ccp6_LN_bulk_1_1_2_top58.clonotypes.IGHA	col_ccp6_tum_bulk_1_3_2_top58.clonotypes.IGHA	58	58	0	0	1228	1724	0	0	1.0000000000000002	1.0000000000000004	0.0	0.0	0.0	0.0	0.0	0.0	0.0	0.24991745285087538	0.16869883591267817	0.6182738555125769	0.11094932585364328	0.0	NaN	.	.
col_ccp6_LN_bulk_2_1_1_top58.clonotypes.IGHA	col_ccp6_LN_bulk_2_1_2_top58.clonotypes.IGHA	58	58	29	29	465	1003	308	674	0.9999999999999997	1.0000000000000004	0.6623655913978493	0.6719840478564308	0.7202228356020057	0.6455866569373266	0.0086206897	0.6671574861068004	0.652295060417593	0.12556153918543442	0.06393484571729485	0.1739346208197513	0.041516533734384034	0.3333333333	0.9263423673900082	.	.
col_ccp6_LN_bulk_2_1_1_top58.clonotypes.IGHA	col_ccp6_LN_bulk_3_1_1_top58.clonotypes.IGHA	58	58	8	8	465	331	54	60	0.9999999999999997	1.0000000000000007	0.11612903225806454	0.1812688821752266	0.1778001778002668	0.29448406953292416	0.0023781213	0.14508817962022333	0.14131822638599986	0.274445761290448	0.15177305086415951	0.46829381110133184	0.1770096104961571	0.0740740741	0.7899127119583065	.	.
col_ccp6_LN_bulk_2_1_1_top58.clonotypes.IGHA	col_ccp6_LN_bulk_3_1_2_top58.clonotypes.IGHA	58	58	9	9	465	215	67	37	0.9999999999999997	0.9999999999999984	0.14408602150537636	0.17209302325581396	-0.09231347728401601	0.2869673713722606	0.0026753864	0.15746808898872955	0.14753411864454893	0.27992567385394457	0.15534672060867638	0.5024414993991436	0.20611461428314967	0.0841121495	0.7182266089082371	.	.
col_ccp6_LN_bulk_2_1_1_top58.clonotypes.IGHA	col_ccp6_PBMC_bulk_1_1_1_top58.clonotypes.IGHA	58	58	3	3	465	1317	49	54	0.9999999999999997	0.9999999999999997	0.1053763440860215	0.04100227790432802	0.9979487157886733	0.8660254037844386	8.917955E-4	0.06573180466682127	0.06564062964250206	0.2613463011915911	0.1736241316610331	0.4675815199634558	0.24341163020850884	0.0265486726	0.6542560338921307	.	.
col_ccp6_LN_bulk_2_1_1_top58.clonotypes.IGHA	col_ccp6_PBMC_bulk_1_1_2_top58.clonotypes.IGHA	58	58	2	2	465	638	36	17	0.9999999999999997	1.0000000000000002	0.07741935483870968	0.02664576802507837	0.0	0.0	5.945303E-4	0.04541913880385104	0.04536327087327255	0.30785293311998513	0.1933926322046498	0.47807110825241345	0.20975103530034128	0.0175438596	0.5977989238511595	.	.
col_ccp6_LN_bulk_2_1_1_top58.clonotypes.IGHA	col_ccp6_PBMC_bulk_2_1_2_top58.clonotypes.IGHA	58	24	0	0	465	75	0	0	0.9999999999999997	0.9999999999999998	0.0	0.0	0.0	0.0	0.0	0.0	0.0	0.44038536173065956	0.2536008527026331	0.6598303055222947	0.26380086632585925	0.0	NaN	.	.
col_ccp6_LN_bulk_2_1_1_top58.clonotypes.IGHA	col_ccp6_tum_bulk_1_1_1_top58.clonotypes.IGHA	58	58	5	5	465	344	50	35	0.9999999999999997	1.0000000000000007	0.10752688172043011	0.10174418604651163	-0.1530931089239482	-0.09999999999999983	0.0014863258	0.10459557858133722	0.0956197257497841	0.23080306986109625	0.1611833587972692	0.41934590307547065	0.11902980138185414	0.045045045	0.7263172629452597	.	.
col_ccp6_LN_bulk_2_1_1_top58.clonotypes.IGHA	col_ccp6_tum_bulk_1_1_2_top58.clonotypes.IGHA	58	58	6	6	465	291	55	27	0.9999999999999997	0.9999999999999986	0.11827956989247312	0.09278350515463918	-0.2791096858400733	-0.16419739435729644	0.001783591	0.10475873750101604	0.09528188110500464	0.25048172213491415	0.17947147824359375	0.4613977503670586	0.10480063031135152	0.0545454545	0.6897053801119956	.	.
col_ccp6_LN_bulk_2_1_1_top58.clonotypes.IGHA	col_ccp6_tum_bulk_1_3_1_top58.clonotypes.IGHA	58	58	0	0	465	2663	0	0	0.9999999999999997	0.9999999999999992	0.0	0.0	0.0	0.0	0.0	0.0	0.0	0.22848775196239698	0.193515643523781	0.49949879682886145	0.11428828083044998	0.0	NaN	.	.
col_ccp6_LN_bulk_2_1_1_top58.clonotypes.IGHA	col_ccp6_tum_bulk_1_3_2_top58.clonotypes.IGHA	58	58	0	0	465	1724	0	0	0.9999999999999997	1.0000000000000004	0.0	0.0	0.0	0.0	0.0	0.0	0.0	0.2110545197208183	0.16870925108949814	0.4902448239612368	0.14255304839888833	0.0	NaN	.	.
col_ccp6_LN_bulk_2_1_2_top58.clonotypes.IGHA	col_ccp6_LN_bulk_3_1_1_top58.clonotypes.IGHA	58	58	6	6	1003	331	96	46	1.0000000000000004	1.0000000000000007	0.09571286141575275	0.13897280966767375	0.7205287479668708	0.8116794499134278	0.001783591	0.11533206523894315	0.11258632694665402	0.32262908126486317	0.1773113527516001	0.4898924476296564	0.1383550419207774	0.0545454545	0.8291590749107316	.	.
col_ccp6_LN_bulk_2_1_2_top58.clonotypes.IGHA	col_ccp6_LN_bulk_3_1_2_top58.clonotypes.IGHA	58	58	4	4	1003	215	100	22	1.0000000000000004	0.9999999999999984	0.09970089730807577	0.10232558139534884	-0.46952197570324317	-0.2000000000000001	0.0011890606	0.10100471416071045	0.09082787430006897	0.3205846111987462	0.1766218742328215	0.5250206624790865	0.16583931878516683	0.0357142857	0.6663742411722992	.	.
col_ccp6_LN_bulk_2_1_2_top58.clonotypes.IGHA	col_ccp6_PBMC_bulk_1_1_1_top58.clonotypes.IGHA	58	58	4	4	1003	1317	111	88	1.0000000000000004	0.9999999999999997	0.1106679960119641	0.06681852695520121	-0.22681530682240228	-0.4	0.0011890606	0.08599228148272102	0.08103913568396201	0.3289965670351371	0.20998951170189717	0.521617849477683	0.24827747646474718	0.0357142857	0.7065972340196229	.	.
col_ccp6_LN_bulk_2_1_2_top58.clonotypes.IGHA	col_ccp6_PBMC_bulk_1_1_2_top58.clonotypes.IGHA	58	58	5	5	1003	638	93	62	1.0000000000000004	1.0000000000000002	0.09272183449651047	0.09717868338557994	0.07459323062606588	0.15389675281277299	0.0014863258	0.09492410546044948	0.08744964277957776	0.3298691128161593	0.20598140967394116	0.48773693430314263	0.1796964426473606	0.045045045	0.7000161125925782	.	.
col_ccp6_LN_bulk_2_1_2_top58.clonotypes.IGHA	col_ccp6_PBMC_bulk_2_1_2_top58.clonotypes.IGHA	58	24	0	0	1003	75	0	0	1.0000000000000004	0.9999999999999998	0.0	0.0	0.0	0.0	0.0	0.0	0.0	0.34651063004955146	0.20571535887624437	0.5945612141173826	0.19094164859694843	0.0	NaN	.	.
col_ccp6_LN_bulk_2_1_2_top58.clonotypes.IGHA	col_ccp6_tum_bulk_1_1_1_top58.clonotypes.IGHA	58	58	5	5	1003	344	120	41	1.0000000000000004	1.0000000000000007	0.11964107676969093	0.1191860465116279	-0.7501883517142326	-0.8	0.0014863258	0.11941334490153782	0.10403649752322973	0.27740174306534143	0.18305510635396946	0.49235800763570603	0.12290818024780432	0.045045045	0.6172859450777067	.	.
col_ccp6_LN_bulk_2_1_2_top58.clonotypes.IGHA	col_ccp6_tum_bulk_1_1_2_top58.clonotypes.IGHA	58	58	6	6	1003	291	129	27	1.0000000000000004	0.9999999999999986	0.12861415752741776	0.09278350515463918	-0.41043980292511556	-0.20597146021777477	0.001783591	0.10923951825188878	0.09683014761912358	0.26147614627982835	0.18182592434668965	0.5282168124240578	0.11471757440776599	0.0545454545	0.596015902534273	.	.
col_ccp6_LN_bulk_2_1_2_top58.clonotypes.IGHA	col_ccp6_tum_bulk_1_3_1_top58.clonotypes.IGHA	58	58	2	2	1003	2663	23	126	1.0000000000000004	0.9999999999999992	0.022931206380857428	0.047315058205031915	0.0	0.0	5.945303E-4	0.032939207103721675	0.030080206989460137	0.24258125835281663	0.19026440347086157	0.49042425058988426	0.1287479268821885	0.0175438596	0.5335727327822658	.	.
col_ccp6_LN_bulk_2_1_2_top58.clonotypes.IGHA	col_ccp6_tum_bulk_1_3_2_top58.clonotypes.IGHA	58	58	1	1	1003	1724	10	51	1.0000000000000004	1.0000000000000004	0.009970089730807577	0.029582366589327145	0.0	0.0	2.972652E-4	0.017173783780670925	0.017173783780670925	0.23278909676825288	0.17079622395853558	0.5190096446259759	0.13642585313073385	0.0086956522	0.6053013197166112	.	.
col_ccp6_LN_bulk_3_1_1_top58.clonotypes.IGHA	col_ccp6_LN_bulk_3_1_2_top58.clonotypes.IGHA	58	58	21	21	331	215	194	127	1.0000000000000007	0.9999999999999984	0.5861027190332327	0.5906976744186045	0.865115007007861	0.7065267809503283	0.0062425684	0.5883957113230444	0.5765873207281544	0.102186061324053	0.05815828750143704	0.1581382163454061	0.05485396066171222	0.2210526316	0.9332414688692161	.	.
col_ccp6_LN_bulk_3_1_1_top58.clonotypes.IGHA	col_ccp6_PBMC_bulk_1_1_1_top58.clonotypes.IGHA	58	58	1	1	331	1317	4	10	1.0000000000000007	0.9999999999999997	0.012084592145015106	0.007593014426727411	0.0	0.0	2.972652E-4	0.00957906480290307	0.00957906480290307	0.37561526583887794	0.20717076286557784	0.5006739168035191	0.3165732925424225	0.0086956522	0.9009566103312593	.	.
col_ccp6_LN_bulk_3_1_1_top58.clonotypes.IGHA	col_ccp6_PBMC_bulk_1_1_2_top58.clonotypes.IGHA	58	58	2	2	331	638	12	10	1.0000000000000007	1.0000000000000002	0.03625377643504532	0.01567398119122257	0.0	0.0	5.945303E-4	0.023837806315885873	0.02302555276259083	0.415957736438964	0.22036775810416423	0.5503455920375884	0.22075573067137988	0.0175438596	0.6017608753417375	.	.
col_ccp6_LN_bulk_3_1_1_top58.clonotypes.IGHA	col_ccp6_PBMC_bulk_2_1_2_top58.clonotypes.IGHA	58	24	0	0	331	75	0	0	1.0000000000000007	0.9999999999999998	0.0	0.0	0.0	0.0	0.0	0.0	0.0	0.5288979693228987	0.2797350977377567	0.7062790009618783	0.19251048273626192	0.0	NaN	.	.
col_ccp6_LN_bulk_3_1_1_top58.clonotypes.IGHA	col_ccp6_tum_bulk_1_1_1_top58.clonotypes.IGHA	58	58	3	3	331	344	21	19	1.0000000000000007	1.0000000000000007	0.0634441087613293	0.055232558139534885	-0.4347082116705526	-0.5	8.917955E-4	0.05919611833364664	0.05288040316713831	0.25952181529738216	0.1503584733876681	0.4515180183087052	0.16224006485646456	0.0265486726	0.6350053197860778	.	.
col_ccp6_LN_bulk_3_1_1_top58.clonotypes.IGHA	col_ccp6_tum_bulk_1_1_2_top58.clonotypes.IGHA	58	58	3	3	331	291	21	17	1.0000000000000007	0.9999999999999986	0.0634441087613293	0.058419243986254296	-0.9966158955401239	-0.8660254037844386	8.917955E-4	0.0608798560216641	0.05269692225625213	0.25800809610184733	0.15496283828315754	0.46407924643325643	0.14576921057428996	0.0265486726	0.5759476262329845	.	.
col_ccp6_LN_bulk_3_1_1_top58.clonotypes.IGHA	col_ccp6_tum_bulk_1_3_1_top58.clonotypes.IGHA	58	58	0	0	331	2663	0	0	1.0000000000000007	0.9999999999999992	0.0	0.0	0.0	0.0	0.0	0.0	0.0	0.32812324302046664	0.25573383145799733	0.5704042253398206	0.13916499781219588	0.0	NaN	.	.
col_ccp6_LN_bulk_3_1_1_top58.clonotypes.IGHA	col_ccp6_tum_bulk_1_3_2_top58.clonotypes.IGHA	58	58	0	0	331	1724	0	0	1.0000000000000007	1.0000000000000004	0.0	0.0	0.0	0.0	0.0	0.0	0.0	0.31715343535210627	0.2270646684901045	0.5240849267527589	0.1592002331153626	0.0	NaN	.	.
col_ccp6_LN_bulk_3_1_2_top58.clonotypes.IGHA	col_ccp6_PBMC_bulk_1_1_1_top58.clonotypes.IGHA	58	58	0	0	215	1317	0	0	0.9999999999999984	0.9999999999999997	0.0	0.0	0.0	0.0	0.0	0.0	0.0	0.41455664084435073	0.23147149985689297	0.5301715040551467	0.38050800188496947	0.0	NaN	.	.
col_ccp6_LN_bulk_3_1_2_top58.clonotypes.IGHA	col_ccp6_PBMC_bulk_1_1_2_top58.clonotypes.IGHA	58	58	2	2	215	638	7	10	0.9999999999999984	1.0000000000000002	0.03255813953488372	0.01567398119122257	0.0	0.0	5.945303E-4	0.022590167478152245	0.022038487975841473	0.43000473155495816	0.2317545276292289	0.5537009360021595	0.27313094237979274	0.0175438596	0.6802367832413755	.	.
col_ccp6_LN_bulk_3_1_2_top58.clonotypes.IGHA	col_ccp6_PBMC_bulk_2_1_2_top58.clonotypes.IGHA	58	24	0	0	215	75	0	0	0.9999999999999984	0.9999999999999998	0.0	0.0	0.0	0.0	0.0	0.0	0.0	0.4905620642337028	0.25265229964622277	0.756604110223517	0.20277436282316066	0.0	NaN	.	.
col_ccp6_LN_bulk_3_1_2_top58.clonotypes.IGHA	col_ccp6_tum_bulk_1_1_1_top58.clonotypes.IGHA	58	58	2	2	215	344	13	7	0.9999999999999984	1.0000000000000007	0.06046511627906977	0.020348837209302327	0.0	0.0	5.945303E-4	0.03507698402092641	0.034623993162155704	0.3278243157318053	0.1821247254520544	0.5057939889717421	0.16451039853258684	0.0175438596	0.540974212034384	.	.
col_ccp6_LN_bulk_3_1_2_top58.clonotypes.IGHA	col_ccp6_tum_bulk_1_1_2_top58.clonotypes.IGHA	58	58	2	2	215	291	13	5	0.9999999999999984	0.9999999999999986	0.06046511627906977	0.01718213058419244	0.0	0.0	5.945303E-4	0.03223227456595884	0.030962154449746176	0.27867441650964725	0.16224405048553905	0.5050961693083228	0.1741142587416084	0.0175438596	0.41389140938937324	.	.
col_ccp6_LN_bulk_3_1_2_top58.clonotypes.IGHA	col_ccp6_tum_bulk_1_3_1_top58.clonotypes.IGHA	58	58	1	1	215	2663	4	21	0.9999999999999984	0.9999999999999992	0.018604651162790697	0.007885843034171986	0.0	0.0	2.972652E-4	0.01211252899997737	0.01211252899997737	0.38428387492112076	0.27781878216459943	0.6162543632877943	0.15390841500762387	0.0086956522	0.7186202732456489	.	.
col_ccp6_LN_bulk_3_1_2_top58.clonotypes.IGHA	col_ccp6_tum_bulk_1_3_2_top58.clonotypes.IGHA	58	58	1	1	215	1724	2	15	0.9999999999999984	1.0000000000000004	0.009302325581395349	0.008700696055684454	0.0	0.0	2.972652E-4	0.008996483062549448	0.008996483062549448	0.32930040932377963	0.22807371342161292	0.568848377022843	0.17613442096126247	0.0086956522	0.9977689323891266	.	.
col_ccp6_PBMC_bulk_1_1_1_top58.clonotypes.IGHA	col_ccp6_PBMC_bulk_1_1_2_top58.clonotypes.IGHA	58	58	26	26	1317	638	1043	469	0.9999999999999997	1.0000000000000002	0.791951404707669	0.7351097178683386	0.9353620117842715	0.7043471741188602	0.0077288942	0.7630014244286107	0.7472424676605959	0.07545083858291265	0.04082700530325613	0.11195300890802443	0.030973874983107313	0.2888888889	0.9346865639989946	.	.
col_ccp6_PBMC_bulk_1_1_1_top58.clonotypes.IGHA	col_ccp6_PBMC_bulk_2_1_2_top58.clonotypes.IGHA	58	24	1	1	1317	75	18	11	0.9999999999999997	0.9999999999999998	0.01366742596810934	0.14666666666666667	0.0	0.0	7.183908E-4	0.04477226606567995	0.04477226606567995	0.5016162733844438	0.2637127964391902	0.6211204460307497	0.2639990286453497	0.012345679	0.18476948623828482	.	.
col_ccp6_PBMC_bulk_1_1_1_top58.clonotypes.IGHA	col_ccp6_tum_bulk_1_1_1_top58.clonotypes.IGHA	58	58	1	1	1317	344	18	3	0.9999999999999997	1.0000000000000007	0.01366742596810934	0.00872093023255814	0.0	0.0	2.972652E-4	0.010917539481336211	0.010917539481336211	0.27100624291096487	0.15078201335634395	0.37220659554191476	0.12040085224493935	0.0086956522	0.9069144903275205	.	.
col_ccp6_PBMC_bulk_1_1_1_top58.clonotypes.IGHA	col_ccp6_tum_bulk_1_1_2_top58.clonotypes.IGHA	58	58	1	1	1317	291	7	2	0.9999999999999997	0.9999999999999986	0.005315110098709187	0.006872852233676976	0.0	0.0	2.972652E-4	0.006044002507788402	0.006044002507788402	0.28022919994459194	0.1576483090217266	0.4299725316737721	0.13663404708421112	0.0086956522	0.9678543742516793	.	.
col_ccp6_PBMC_bulk_1_1_1_top58.clonotypes.IGHA	col_ccp6_tum_bulk_1_3_1_top58.clonotypes.IGHA	58	58	1	1	1317	2663	18	38	0.9999999999999997	0.9999999999999992	0.01366742596810934	0.01426962072850169	0.0	0.0	2.972652E-4	0.013965277831099361	0.013965277831099361	0.18911413067484203	0.17951384266151865	0.48558224890123797	0.18299959061235735	0.0086956522	0.9990711593555572	.	.
col_ccp6_PBMC_bulk_1_1_1_top58.clonotypes.IGHA	col_ccp6_tum_bulk_1_3_2_top58.clonotypes.IGHA	58	58	1	1	1317	1724	18	23	0.9999999999999997	1.0000000000000004	0.01366742596810934	0.01334106728538283	0.0	0.0	2.972652E-4	0.01350326069727365	0.01350326069727365	0.21659670794728209	0.1718141161310974	0.4510563007849933	0.14533847986210907	0.0086956522	0.9997080179065823	.	.
col_ccp6_PBMC_bulk_1_1_2_top58.clonotypes.IGHA	col_ccp6_PBMC_bulk_2_1_2_top58.clonotypes.IGHA	58	24	2	2	638	75	10	14	1.0000000000000002	0.9999999999999998	0.01567398119122257	0.18666666666666668	0.0	0.0	0.0014367816	0.05409075542420855	0.05297521928470829	0.49751494310019273	0.2585314909925905	0.6219426069851316	0.19552481345818562	0.025	0.1402903536333296	.	.
col_ccp6_PBMC_bulk_1_1_2_top58.clonotypes.IGHA	col_ccp6_tum_bulk_1_1_1_top58.clonotypes.IGHA	58	58	1	1	638	344	6	3	1.0000000000000002	1.0000000000000007	0.009404388714733543	0.00872093023255814	0.0	0.0	2.972652E-4	0.009056214322830944	0.009056214322830944	0.3009723531600618	0.1657092587348652	0.42283699579553174	0.08205869492359985	0.0086956522	0.9971603429397039	.	.
col_ccp6_PBMC_bulk_1_1_2_top58.clonotypes.IGHA	col_ccp6_tum_bulk_1_1_2_top58.clonotypes.IGHA	58	58	0	0	638	291	0	0	1.0000000000000002	0.9999999999999986	0.0	0.0	0.0	0.0	0.0	0.0	0.0	0.2936252829554127	0.16331965533256854	0.4480732056034225	0.09352897455302747	0.0	NaN	.	.
col_ccp6_PBMC_bulk_1_1_2_top58.clonotypes.IGHA	col_ccp6_tum_bulk_1_3_1_top58.clonotypes.IGHA	58	58	2	2	638	2663	23	59	1.0000000000000002	0.9999999999999992	0.03605015673981191	0.022155463762673674	0.0	0.0	5.945303E-4	0.02826142143077041	0.026080011870303253	0.17709325254235295	0.18450738193984453	0.5617270035679958	0.1428471235780225	0.0175438596	0.6470698172856018	.	.
col_ccp6_PBMC_bulk_1_1_2_top58.clonotypes.IGHA	col_ccp6_tum_bulk_1_3_2_top58.clonotypes.IGHA	58	58	1	1	638	1724	6	23	1.0000000000000002	1.0000000000000004	0.009404388714733543	0.01334106728538283	0.0	0.0	2.972652E-4	0.011201097384683126	0.011201097384683126	0.2015706274429926	0.17300308792961688	0.5434545842918593	0.10434398423233751	0.0086956522	0.9418322420876754	.	.
col_ccp6_PBMC_bulk_2_1_2_top58.clonotypes.IGHA	col_ccp6_tum_bulk_1_1_1_top58.clonotypes.IGHA	24	58	1	1	75	344	11	3	0.9999999999999998	1.0000000000000007	0.14666666666666667	0.00872093023255814	0.0	0.0	7.183908E-4	0.03576408488192953	0.03576408488192953	0.4079352108111256	0.20903593898786932	0.5878804576888685	0.12452017892295612	0.012345679	0.11850279773914922	.	.
col_ccp6_PBMC_bulk_2_1_2_top58.clonotypes.IGHA	col_ccp6_tum_bulk_1_1_2_top58.clonotypes.IGHA	24	58	0	0	75	291	0	0	0.9999999999999998	0.9999999999999986	0.0	0.0	0.0	0.0	0.0	0.0	0.0	0.36628471575343835	0.1893765909528274	0.622271162208792	0.15435057139365133	0.0	NaN	.	.
col_ccp6_PBMC_bulk_2_1_2_top58.clonotypes.IGHA	col_ccp6_tum_bulk_1_3_1_top58.clonotypes.IGHA	24	58	2	2	75	2663	14	710	0.9999999999999998	0.9999999999999992	0.18666666666666668	0.26661659782200525	0.0	0.0	0.0014367816	0.22308839412538023	0.1462162792575246	0.40195890513415133	0.2679726869264862	0.5310774309652858	0.1697052508233874	0.025	0.28017552036620097	.	.
col_ccp6_PBMC_bulk_2_1_2_top58.clonotypes.IGHA	col_ccp6_tum_bulk_1_3_2_top58.clonotypes.IGHA	24	58	2	2	75	1724	14	439	0.9999999999999998	1.0000000000000004	0.18666666666666668	0.25464037122969835	0.0	0.0	0.0014367816	0.21802034147347435	0.14247893834856923	0.3814292563012018	0.23686743990412276	0.5138380211251972	0.12501180199301362	0.025	0.28482464471150853	.	.
col_ccp6_tum_bulk_1_1_1_top58.clonotypes.IGHA	col_ccp6_tum_bulk_1_1_2_top58.clonotypes.IGHA	58	58	42	42	344	291	288	251	1.0000000000000007	0.9999999999999986	0.8372093023255819	0.8625429553264602	0.6697672737714702	0.6102746365050816	0.0124851367	0.8497817283601191	0.822165267556431	0.055830291862045134	0.029251181925082508	0.1366316370016156	0.0264890207302095	0.5675675676	0.8618064353367668	.	.
col_ccp6_tum_bulk_1_1_1_top58.clonotypes.IGHA	col_ccp6_tum_bulk_1_3_1_top58.clonotypes.IGHA	58	58	1	1	344	2663	3	38	1.0000000000000007	0.9999999999999992	0.00872093023255814	0.01426962072850169	0.0	0.0	2.972652E-4	0.011155463541168009	0.011155463541168009	0.18748379915909985	0.1504370095549907	0.49172524070214385	0.07316877084598092	0.0086956522	0.8899158698755425	.	.
col_ccp6_tum_bulk_1_1_1_top58.clonotypes.IGHA	col_ccp6_tum_bulk_1_3_2_top58.clonotypes.IGHA	58	58	1	1	344	1724	3	23	1.0000000000000007	1.0000000000000004	0.00872093023255814	0.01334106728538283	0.0	0.0	2.972652E-4	0.010786404267580901	0.010786404267580901	0.18310679091459883	0.12811672789720446	0.47123683482531403	0.05201950979495026	0.0086956522	0.9159747457753682	.	.
col_ccp6_tum_bulk_1_1_2_top58.clonotypes.IGHA	col_ccp6_tum_bulk_1_3_1_top58.clonotypes.IGHA	58	58	0	0	291	2663	0	0	0.9999999999999986	0.9999999999999992	0.0	0.0	0.0	0.0	0.0	0.0	0.0	0.19668120781480342	0.15362508676528855	0.5028670408791559	0.049726597605607964	0.0	NaN	.	.
col_ccp6_tum_bulk_1_1_2_top58.clonotypes.IGHA	col_ccp6_tum_bulk_1_3_2_top58.clonotypes.IGHA	58	58	0	0	291	1724	0	0	0.9999999999999986	1.0000000000000004	0.0	0.0	0.0	0.0	0.0	0.0	0.0	0.1869493538577264	0.129427438115337	0.49064874942289494	0.04332871914734044	0.0	NaN	.	.
col_ccp6_tum_bulk_1_3_1_top58.clonotypes.IGHA	col_ccp6_tum_bulk_1_3_2_top58.clonotypes.IGHA	58	58	41	41	2663	1724	2322	1477	0.9999999999999992	1.0000000000000004	0.8719489297784454	0.8567285382830625	0.9922267616850748	0.7858112881165675	0.0121878716	0.8643052308453121	0.8588393376739459	0.0474275279494774	0.02619126834107948	0.08452056413459112	0.01647067935458554	0.5466666667	0.9933140250732729	.	.
