1_sample_id	2_sample_id	div1	div2	div12	div21	count1	count2	count12	count21	freq1	freq2	freq12	freq21	R	Rs	D	F	F2	vJSD	vjJSD	vj2JSD	sJSD	Jaccard	MorisitaHorn	1_metadata_blank	2_metadata_blank
col_ccp6_LN_bulk_1_1_1_top47.clonotypes.IGH	col_ccp6_LN_bulk_1_1_2_top47.clonotypes.IGH	47	47	41	41	4716	9712	4411	9111	1.0	0.9999999999999999	0.9353265479219677	0.9381177924217463	0.9650419118288224	0.9208244796312736	0.0185604346	0.936721130502568	0.9335707100832948	0.01927231167179842	0.010543771961049877	0.037256954010965286	0.010355495390887308	0.7735849057	0.9859915339071603	.	.
col_ccp6_LN_bulk_1_1_1_top47.clonotypes.IGH	col_ccp6_LN_bulk_2_1_1_top47.clonotypes.IGH	47	47	31	31	4716	3710	3742	3001	1.0	0.9999999999999999	0.7934690415606446	0.8088948787061994	0.6836372977507484	0.6847464496942143	0.0140334993	0.8011448334292133	0.7811527947845281	0.07528701794752943	0.045048198964597316	0.1300838325120325	0.04812407550153398	0.4920634921	0.8969368444543182	.	.
col_ccp6_LN_bulk_1_1_1_top47.clonotypes.IGH	col_ccp6_LN_bulk_2_1_2_top47.clonotypes.IGH	47	47	23	23	4716	5967	3046	3922	1.0	0.9999999999999999	0.6458863443596267	0.6572817161052454	0.615360881305965	0.6529906080079091	0.0104119511	0.6515591184456242	0.6321257058094794	0.07781268779178155	0.05289008034591622	0.20714287752676086	0.04196558116913534	0.323943662	0.8703475812537378	.	.
col_ccp6_LN_bulk_1_1_1_top47.clonotypes.IGH	col_ccp6_LN_bulk_3_1_1_top47.clonotypes.IGH	47	47	13	13	4716	2651	1122	1273	1.0	0.9999999999999998	0.2379134860050891	0.48019615239532254	0.29697582877880985	0.093535164139724	0.0058850158	0.3380016872481589	0.3246256372331192	0.1804903233898274	0.11926871832112129	0.29349676364537	0.1574742962898287	0.1604938272	0.6488983207017818	.	.
col_ccp6_LN_bulk_1_1_1_top47.clonotypes.IGH	col_ccp6_LN_bulk_3_1_2_top47.clonotypes.IGH	47	47	15	15	4716	1063	1257	542	1.0	0.9999999999999993	0.26653944020356235	0.5098777046095956	0.2899629731091538	0.11785714285714313	0.0067904029	0.3686495869506962	0.3509031850247991	0.15472422796288052	0.09901636612567508	0.28131154982228646	0.17369938292734746	0.1898734177	0.6388910413233998	.	.
col_ccp6_LN_bulk_1_1_1_top47.clonotypes.IGH	col_ccp6_PBMC_bulk_1_1_1_top47.clonotypes.IGH	47	47	2	2	4716	1627	192	45	1.0	1.0000000000000002	0.04071246819338423	0.027658266748617086	0.0	0.0	9.053871E-4	0.03355646443365585	0.033494441200490145	0.355171089497888	0.18476601726982417	0.4815129711319176	0.2335238339859895	0.0217391304	0.9305530116455871	.	.
col_ccp6_LN_bulk_1_1_1_top47.clonotypes.IGH	col_ccp6_PBMC_bulk_1_1_2_top47.clonotypes.IGH	47	47	1	1	4716	851	108	21	1.0	0.9999999999999998	0.022900763358778626	0.024676850763807285	0.0	0.0	4.526935E-4	0.023772225806218614	0.023772225806218614	0.3370204174635036	0.1784991707777304	0.5059947963363691	0.22989791891961137	0.0107526882	0.9972167734762856	.	.
col_ccp6_LN_bulk_1_1_1_top47.clonotypes.IGH	col_ccp6_PBMC_bulk_2_1_1_top47.clonotypes.IGH	47	47	0	0	4716	169	0	0	1.0	0.9999999999999988	0.0	0.0	0.0	0.0	0.0	0.0	0.0	0.5755039039797236	0.29610789588885345	0.7902311952916523	0.12988217766997182	0.0	NaN	.	.
col_ccp6_LN_bulk_1_1_1_top47.clonotypes.IGH	col_ccp6_tum_bulk_1_1_1_top47.clonotypes.IGH	47	47	1	1	4716	1215	112	19	1.0	0.9999999999999993	0.02374893977947413	0.015637860082304528	0.0	0.0	4.526935E-4	0.019271289458012212	0.019271289458012212	0.345079668493357	0.1887275368959934	0.5138118031707234	0.18779171808025721	0.0107526882	0.9186330807091223	.	.
col_ccp6_LN_bulk_1_1_1_top47.clonotypes.IGH	col_ccp6_tum_bulk_1_1_2_top47.clonotypes.IGH	47	47	1	1	4716	1181	112	29	1.0	1.0	0.02374893977947413	0.024555461473327687	0.0	0.0	4.526935E-4	0.024148833839075054	0.024148833839075054	0.3033915504506218	0.16497276762054675	0.465653573558201	0.19190736219794235	0.0107526882	0.9994425991312009	.	.
col_ccp6_LN_bulk_1_1_1_top47.clonotypes.IGH	col_ccp6_tum_bulk_1_2_1_top47.clonotypes.IGH	47	47	1	1	4716	900	112	49	1.0	1.0	0.02374893977947413	0.05444444444444444	0.0	0.0	4.526935E-4	0.035958279052786105	0.035958279052786105	0.3439672675664181	0.2215721392029333	0.5331946542757161	0.1960444218272447	0.0107526882	0.7329484088645195	.	.
col_ccp6_LN_bulk_1_1_1_top47.clonotypes.IGH	col_ccp6_tum_bulk_1_2_2_top47.clonotypes.IGH	47	47	1	1	4716	679	112	21	1.0	1.0	0.02374893977947413	0.030927835051546393	0.0	0.0	4.526935E-4	0.027101721202696417	0.027101721202696417	0.35896381717946024	0.22716456594661855	0.581550893397632	0.2067493851720636	0.0107526882	0.9661064940583121	.	.
col_ccp6_LN_bulk_1_1_1_top47.clonotypes.IGH	col_ccp6_tum_bulk_1_3_1_top47.clonotypes.IGH	47	47	0	0	4716	3000	0	0	1.0	1.0000000000000002	0.0	0.0	0.0	0.0	0.0	0.0	0.0	0.39293620065226076	0.27797353204437053	0.5773823413731292	0.09261612628334961	0.0	NaN	.	.
col_ccp6_LN_bulk_1_1_1_top47.clonotypes.IGH	col_ccp6_tum_bulk_1_3_2_top47.clonotypes.IGH	47	47	0	0	4716	1868	0	0	1.0	0.9999999999999997	0.0	0.0	0.0	0.0	0.0	0.0	0.0	0.42407288791034886	0.2993122114394724	0.5922486790280288	0.08644060091678533	0.0	NaN	.	.
col_ccp6_LN_bulk_1_1_2_top47.clonotypes.IGH	col_ccp6_LN_bulk_2_1_1_top47.clonotypes.IGH	47	47	28	28	9712	3710	7297	2851	0.9999999999999999	0.9999999999999999	0.7513385502471168	0.7684636118598382	0.6683686776735731	0.6431308155446086	0.0126754187	0.7598528384183572	0.7412513782672705	0.0882252152485716	0.04869646850176853	0.1583118436296386	0.04852460868192058	0.4242424242	0.9085732122447518	.	.
col_ccp6_LN_bulk_1_1_2_top47.clonotypes.IGH	col_ccp6_LN_bulk_2_1_2_top47.clonotypes.IGH	47	47	23	23	9712	5967	6073	3937	0.9999999999999999	0.9999999999999999	0.6253088962108732	0.6597955421484832	0.6353866634099659	0.6788537549407115	0.0104119511	0.6423208093980163	0.6273657532637805	0.08234688764006028	0.05071208152728527	0.22438073259155777	0.036473657826090806	0.323943662	0.9033853038066153	.	.
col_ccp6_LN_bulk_1_1_2_top47.clonotypes.IGH	col_ccp6_LN_bulk_3_1_1_top47.clonotypes.IGH	47	47	11	11	9712	2651	2040	1144	0.9999999999999999	0.9999999999999998	0.2100494233937397	0.43153526970954353	0.14991826680935144	-0.00455582047577998	0.0049796288	0.3010709792998182	0.2889432529163942	0.16804860278670525	0.11376525083654078	0.28873155465466427	0.15717886163261127	0.1325301205	0.6287507904841945	.	.
col_ccp6_LN_bulk_1_1_2_top47.clonotypes.IGH	col_ccp6_LN_bulk_3_1_2_top47.clonotypes.IGH	47	47	12	12	9712	1063	2211	470	0.9999999999999999	0.9999999999999993	0.22765650741350904	0.44214487300094074	0.10487286102889595	-0.02797202797202728	0.0054323223	0.31726512187472433	0.3000672916178768	0.15960554256535378	0.10363529909224746	0.28708866288296137	0.16766210619393812	0.1463414634	0.611964913149444	.	.
col_ccp6_LN_bulk_1_1_2_top47.clonotypes.IGH	col_ccp6_PBMC_bulk_1_1_1_top47.clonotypes.IGH	47	47	2	2	9712	1627	409	45	0.9999999999999999	1.0000000000000002	0.042112850082372325	0.027658266748617086	0.0	0.0	9.053871E-4	0.034128704064508145	0.0339223424575081	0.381148834922207	0.20230624349895512	0.5168254779115511	0.22929253584421141	0.0217391304	0.9069364047048794	.	.
col_ccp6_LN_bulk_1_1_2_top47.clonotypes.IGH	col_ccp6_PBMC_bulk_1_1_2_top47.clonotypes.IGH	47	47	1	1	9712	851	210	21	0.9999999999999999	0.9999999999999998	0.021622734761120265	0.024676850763807285	0.0	0.0	4.526935E-4	0.02309937225998908	0.02309937225998908	0.36820755078805584	0.19947213654248183	0.5403183717944982	0.22682248602936206	0.0107526882	0.9913351467902913	.	.
col_ccp6_LN_bulk_1_1_2_top47.clonotypes.IGH	col_ccp6_PBMC_bulk_2_1_1_top47.clonotypes.IGH	47	47	0	0	9712	169	0	0	0.9999999999999999	0.9999999999999988	0.0	0.0	0.0	0.0	0.0	0.0	0.0	0.5715257483412867	0.2943834439785182	0.7514443240238738	0.13015156118579915	0.0	NaN	.	.
col_ccp6_LN_bulk_1_1_2_top47.clonotypes.IGH	col_ccp6_tum_bulk_1_1_1_top47.clonotypes.IGH	47	47	1	1	9712	1215	273	19	0.9999999999999999	0.9999999999999993	0.028109555189456344	0.015637860082304528	0.0	0.0	4.526935E-4	0.020966003220178504	0.020966003220178504	0.34202501434531335	0.18488661797765862	0.5340713215572271	0.17789892645754993	0.0107526882	0.8496716748119414	.	.
col_ccp6_LN_bulk_1_1_2_top47.clonotypes.IGH	col_ccp6_tum_bulk_1_1_2_top47.clonotypes.IGH	47	47	1	1	9712	1181	273	29	0.9999999999999999	1.0	0.028109555189456344	0.024555461473327687	0.0	0.0	4.526935E-4	0.026272477985280977	0.026272477985280977	0.3102339598304456	0.1661837158902565	0.49032286442136497	0.18719467973767864	0.0107526882	0.990932868480872	.	.
col_ccp6_LN_bulk_1_1_2_top47.clonotypes.IGH	col_ccp6_tum_bulk_1_2_1_top47.clonotypes.IGH	47	47	1	1	9712	900	273	49	0.9999999999999999	1.0	0.028109555189456344	0.05444444444444444	0.0	0.0	4.526935E-4	0.0391204437074837	0.0391204437074837	0.3310128829857811	0.21296994522076346	0.5173190902256937	0.18234808851898446	0.0107526882	0.8152736465178115	.	.
col_ccp6_LN_bulk_1_1_2_top47.clonotypes.IGH	col_ccp6_tum_bulk_1_2_2_top47.clonotypes.IGH	47	47	1	1	9712	679	273	21	0.9999999999999999	1.0	0.028109555189456344	0.030927835051546393	0.0	0.0	4.526935E-4	0.029485041737664978	0.029485041737664978	0.3375734418715003	0.2142824832638413	0.5789702236638092	0.1893902502263278	0.0107526882	0.9954526815790301	.	.
col_ccp6_LN_bulk_1_1_2_top47.clonotypes.IGH	col_ccp6_tum_bulk_1_3_1_top47.clonotypes.IGH	47	47	0	0	9712	3000	0	0	0.9999999999999999	1.0000000000000002	0.0	0.0	0.0	0.0	0.0	0.0	0.0	0.40747621787686006	0.27444548047386025	0.5803696292759809	0.09710533618860749	0.0	NaN	.	.
col_ccp6_LN_bulk_1_1_2_top47.clonotypes.IGH	col_ccp6_tum_bulk_1_3_2_top47.clonotypes.IGH	47	47	0	0	9712	1868	0	0	0.9999999999999999	0.9999999999999997	0.0	0.0	0.0	0.0	0.0	0.0	0.0	0.4340998292878282	0.2943419170504654	0.5977424506375388	0.08316268943952698	0.0	NaN	.	.
col_ccp6_LN_bulk_2_1_1_top47.clonotypes.IGH	col_ccp6_LN_bulk_2_1_2_top47.clonotypes.IGH	47	47	32	32	3710	5967	2859	4795	0.9999999999999999	0.9999999999999999	0.7706199460916441	0.8035863918216859	0.8380585071855923	0.7923161695671311	0.0144861928	0.7869305572575044	0.775416738271193	0.07257772897190017	0.04235977686724906	0.12872990265809955	0.06771855625837303	0.5161290323	0.9469143243147589	.	.
col_ccp6_LN_bulk_2_1_1_top47.clonotypes.IGH	col_ccp6_LN_bulk_3_1_1_top47.clonotypes.IGH	47	47	6	6	3710	2651	560	418	0.9999999999999999	0.9999999999999998	0.1509433962264151	0.15767634854771784	0.6785957136120376	0.9276336570439174	0.0027161612	0.15427314592751554	0.15130200429474505	0.22779881097068078	0.14015824341352795	0.38457695725084906	0.1498177388301005	0.0681818182	0.9010282969794493	.	.
col_ccp6_LN_bulk_2_1_1_top47.clonotypes.IGH	col_ccp6_LN_bulk_3_1_2_top47.clonotypes.IGH	47	47	7	7	3710	1063	675	178	0.9999999999999999	0.9999999999999993	0.18194070080862532	0.16745061147695203	0.44293181900975853	0.49999999999999994	0.0031688547	0.17454535686448233	0.16852186369197403	0.18356063840387382	0.11218924691396624	0.3528633206119628	0.17336531115991088	0.0804597701	0.8603599702808691	.	.
col_ccp6_LN_bulk_2_1_1_top47.clonotypes.IGH	col_ccp6_PBMC_bulk_1_1_1_top47.clonotypes.IGH	47	47	1	1	3710	1627	178	17	0.9999999999999999	1.0000000000000002	0.04797843665768194	0.010448678549477565	0.0	0.0	4.526935E-4	0.022389981284998643	0.022389981284998643	0.33083965417231836	0.1891620839287195	0.4600196194598856	0.2582599698849493	0.0107526882	0.41583523431386377	.	.
col_ccp6_LN_bulk_2_1_1_top47.clonotypes.IGH	col_ccp6_PBMC_bulk_1_1_2_top47.clonotypes.IGH	47	47	0	0	3710	851	0	0	0.9999999999999999	0.9999999999999998	0.0	0.0	0.0	0.0	0.0	0.0	0.0	0.27745799947682226	0.17179386063854818	0.4940308441595037	0.2773225447998807	0.0	NaN	.	.
col_ccp6_LN_bulk_2_1_1_top47.clonotypes.IGH	col_ccp6_PBMC_bulk_2_1_1_top47.clonotypes.IGH	47	47	0	0	3710	169	0	0	0.9999999999999999	0.9999999999999988	0.0	0.0	0.0	0.0	0.0	0.0	0.0	0.6618989015239233	0.3472768422524485	0.7830655123334093	0.14056174153069714	0.0	NaN	.	.
col_ccp6_LN_bulk_2_1_1_top47.clonotypes.IGH	col_ccp6_tum_bulk_1_1_1_top47.clonotypes.IGH	47	47	1	1	3710	1215	105	19	0.9999999999999999	0.9999999999999993	0.02830188679245283	0.015637860082304528	0.0	0.0	4.526935E-4	0.021037607889814847	0.021037607889814847	0.31349971410139427	0.16647185880732748	0.44887517139656996	0.11648768391587336	0.0107526882	0.846607824914698	.	.
col_ccp6_LN_bulk_2_1_1_top47.clonotypes.IGH	col_ccp6_tum_bulk_1_1_2_top47.clonotypes.IGH	47	47	1	1	3710	1181	105	29	0.9999999999999999	1.0	0.02830188679245283	0.024555461473327687	0.0	0.0	4.526935E-4	0.0263622057262771	0.0263622057262771	0.27893293257922513	0.1488373624893021	0.41526761884590024	0.11921877588010367	0.0107526882	0.9900028292464548	.	.
col_ccp6_LN_bulk_2_1_1_top47.clonotypes.IGH	col_ccp6_tum_bulk_1_2_1_top47.clonotypes.IGH	47	47	1	1	3710	900	105	49	0.9999999999999999	1.0	0.02830188679245283	0.05444444444444444	0.0	0.0	4.526935E-4	0.0392540507864431	0.0392540507864431	0.38822996873491006	0.23622466554030927	0.5257691206101128	0.1467505182407472	0.0107526882	0.8184865743292009	.	.
col_ccp6_LN_bulk_2_1_1_top47.clonotypes.IGH	col_ccp6_tum_bulk_1_2_2_top47.clonotypes.IGH	47	47	1	1	3710	679	105	21	0.9999999999999999	1.0	0.02830188679245283	0.030927835051546393	0.0	0.0	4.526935E-4	0.02958574126778845	0.02958574126778845	0.3981288294516647	0.2369864972739163	0.5621293513270668	0.13767636732135827	0.0107526882	0.9960765318479051	.	.
col_ccp6_LN_bulk_2_1_1_top47.clonotypes.IGH	col_ccp6_tum_bulk_1_3_1_top47.clonotypes.IGH	47	47	2	2	3710	3000	88	98	0.9999999999999999	1.0000000000000002	0.023719676549865232	0.03266666666666666	0.0	0.0	9.053871E-4	0.02783599768816626	0.027808660887246275	0.36136622154104553	0.2297883196532583	0.503627230258743	0.10471107248807142	0.0217391304	0.9477797537375842	.	.
col_ccp6_LN_bulk_2_1_1_top47.clonotypes.IGH	col_ccp6_tum_bulk_1_3_2_top47.clonotypes.IGH	47	47	2	2	3710	1868	88	72	0.9999999999999999	0.9999999999999997	0.023719676549865232	0.03854389721627409	0.0	0.0	9.053871E-4	0.030236547007574662	0.029848137126768495	0.3700363154876507	0.24189331824469018	0.49845747360652215	0.08730111085479193	0.0217391304	0.8384153827482828	.	.
col_ccp6_LN_bulk_2_1_2_top47.clonotypes.IGH	col_ccp6_LN_bulk_3_1_1_top47.clonotypes.IGH	47	47	3	3	5967	2651	593	299	0.9999999999999999	0.9999999999999998	0.09937992290933467	0.11278762731044889	0.9944016000785169	1.0	0.0013580806	0.10587174177862184	0.10432406731867575	0.18693032802328963	0.11150014158221164	0.39552079664456957	0.1955228978750909	0.032967033	0.9255634078919391	.	.
col_ccp6_LN_bulk_2_1_2_top47.clonotypes.IGH	col_ccp6_LN_bulk_3_1_2_top47.clonotypes.IGH	47	47	4	4	5967	1063	672	124	0.9999999999999999	0.9999999999999993	0.1126194067370538	0.11665098777046096	0.8026931401968593	1.0	0.0018107741	0.1146174726557894	0.11233015762097476	0.14908984331291075	0.0950228599588053	0.3580421697129528	0.19935059468148028	0.0444444444	0.9147336810602845	.	.
col_ccp6_LN_bulk_2_1_2_top47.clonotypes.IGH	col_ccp6_PBMC_bulk_1_1_1_top47.clonotypes.IGH	47	47	2	2	5967	1627	418	33	0.9999999999999999	1.0000000000000002	0.07005195240489359	0.020282728948985862	0.0	0.0	9.053871E-4	0.03769409453715151	0.03686527326910657	0.34237340375839487	0.20690025966592446	0.5141940755368871	0.23975182746754983	0.0217391304	0.46071653464634543	.	.
col_ccp6_LN_bulk_2_1_2_top47.clonotypes.IGH	col_ccp6_PBMC_bulk_1_1_2_top47.clonotypes.IGH	47	47	0	0	5967	851	0	0	0.9999999999999999	0.9999999999999998	0.0	0.0	0.0	0.0	0.0	0.0	0.0	0.28713668236579415	0.18427366307757745	0.520758808102099	0.2323983766699718	0.0	NaN	.	.
col_ccp6_LN_bulk_2_1_2_top47.clonotypes.IGH	col_ccp6_PBMC_bulk_2_1_1_top47.clonotypes.IGH	47	47	0	0	5967	169	0	0	0.9999999999999999	0.9999999999999988	0.0	0.0	0.0	0.0	0.0	0.0	0.0	0.6038394887543043	0.320460157283667	0.767290870940256	0.11112587133282617	0.0	NaN	.	.
col_ccp6_LN_bulk_2_1_2_top47.clonotypes.IGH	col_ccp6_tum_bulk_1_1_1_top47.clonotypes.IGH	47	47	1	1	5967	1215	176	19	0.9999999999999999	0.9999999999999993	0.029495558907323614	0.015637860082304528	0.0	0.0	4.526935E-4	0.021476671605304618	0.021476671605304618	0.31467165176906836	0.17738576275250523	0.43173820275126473	0.16399611171548836	0.0107526882	0.8276980409206546	.	.
col_ccp6_LN_bulk_2_1_2_top47.clonotypes.IGH	col_ccp6_tum_bulk_1_1_2_top47.clonotypes.IGH	47	47	1	1	5967	1181	176	29	0.9999999999999999	1.0	0.029495558907323614	0.024555461473327687	0.0	0.0	4.526935E-4	0.02691239603571284	0.02691239603571284	0.2806895532638265	0.15779779013021217	0.42471328685144133	0.18205622971408578	0.0107526882	0.9834316040687227	.	.
col_ccp6_LN_bulk_2_1_2_top47.clonotypes.IGH	col_ccp6_tum_bulk_1_2_1_top47.clonotypes.IGH	47	47	2	2	5967	900	263	66	0.9999999999999999	1.0	0.0440757499581029	0.07333333333333333	0.0	0.0	9.053871E-4	0.056852631105290215	0.056668588069955936	0.35282047472110223	0.2069476931924558	0.580205997108757	0.17082905398126538	0.0217391304	0.8544332056430902	.	.
col_ccp6_LN_bulk_2_1_2_top47.clonotypes.IGH	col_ccp6_tum_bulk_1_2_2_top47.clonotypes.IGH	47	47	2	2	5967	679	263	40	0.9999999999999999	1.0	0.0440757499581029	0.05891016200294551	0.0	0.0	9.053871E-4	0.05095595716335	0.05040191285394564	0.35405332938337314	0.20672538395777934	0.5664092696005685	0.15979519133116307	0.0217391304	0.9356266904354513	.	.
col_ccp6_LN_bulk_2_1_2_top47.clonotypes.IGH	col_ccp6_tum_bulk_1_3_1_top47.clonotypes.IGH	47	47	3	3	5967	3000	299	130	0.9999999999999999	1.0000000000000002	0.05010893246187363	0.043333333333333335	0.9883711582383381	1.0	0.0013580806	0.04659814452687851	0.046593312741080785	0.35424957134774343	0.23436143155618006	0.5245615146472903	0.09473016163340321	0.032967033	0.9888405567298081	.	.
col_ccp6_LN_bulk_2_1_2_top47.clonotypes.IGH	col_ccp6_tum_bulk_1_3_2_top47.clonotypes.IGH	47	47	2	2	5967	1868	226	72	0.9999999999999999	0.9999999999999997	0.03787497905144964	0.03854389721627409	0.0	0.0	9.053871E-4	0.03820797429369436	0.038017935766338884	0.38134156769478095	0.2611744426511175	0.5257563527680545	0.09208950425524866	0.0217391304	0.9805813943504496	.	.
col_ccp6_LN_bulk_3_1_1_top47.clonotypes.IGH	col_ccp6_LN_bulk_3_1_2_top47.clonotypes.IGH	47	47	34	34	2651	1063	2253	885	0.9999999999999998	0.9999999999999993	0.8498679743493022	0.8325493885230479	0.9628916017816619	0.8071869012054886	0.0153915799	0.8411641114371398	0.8370742850528404	0.05599635630998953	0.030948615150830108	0.10459748100657995	0.02293775646945115	0.5666666667	0.9872847150860704	.	.
col_ccp6_LN_bulk_3_1_1_top47.clonotypes.IGH	col_ccp6_PBMC_bulk_1_1_1_top47.clonotypes.IGH	47	47	1	1	2651	1627	261	28	0.9999999999999998	1.0000000000000002	0.0984534138061109	0.017209588199139522	0.0	0.0	4.526935E-4	0.04116239434730014	0.04116239434730014	0.4085838123184771	0.24416402809164556	0.5111038760827765	0.2240071368616155	0.0107526882	0.3392334002269574	.	.
col_ccp6_LN_bulk_3_1_1_top47.clonotypes.IGH	col_ccp6_PBMC_bulk_1_1_2_top47.clonotypes.IGH	47	47	1	1	2651	851	261	21	0.9999999999999998	0.9999999999999998	0.0984534138061109	0.024676850763807285	0.0	0.0	4.526935E-4	0.04929016331562275	0.04929016331562275	0.3951194405063537	0.24587036714174745	0.5655737596880335	0.20546065250213427	0.0107526882	0.4716589192586317	.	.
col_ccp6_LN_bulk_3_1_1_top47.clonotypes.IGH	col_ccp6_PBMC_bulk_2_1_1_top47.clonotypes.IGH	47	47	0	0	2651	169	0	0	0.9999999999999998	0.9999999999999988	0.0	0.0	0.0	0.0	0.0	0.0	0.0	0.43803551048180395	0.24338610321762746	0.7248677357876401	0.21967426894011066	0.0	NaN	.	.
col_ccp6_LN_bulk_3_1_1_top47.clonotypes.IGH	col_ccp6_tum_bulk_1_1_1_top47.clonotypes.IGH	47	47	1	1	2651	1215	56	19	0.9999999999999998	0.9999999999999993	0.021124104111655977	0.015637860082304528	0.0	0.0	4.526935E-4	0.018175141937880706	0.018175141937880706	0.37770281251661625	0.23134228000950827	0.5512314109239865	0.1705823797860757	0.0107526882	0.9564270969067479	.	.
col_ccp6_LN_bulk_3_1_1_top47.clonotypes.IGH	col_ccp6_tum_bulk_1_1_2_top47.clonotypes.IGH	47	47	1	1	2651	1181	56	29	0.9999999999999998	1.0	0.021124104111655977	0.024555461473327687	0.0	0.0	4.526935E-4	0.02277525246122052	0.02277525246122052	0.33230356321065124	0.20601567123118394	0.520316747025622	0.1587668691261696	0.0107526882	0.9887778968782209	.	.
col_ccp6_LN_bulk_3_1_1_top47.clonotypes.IGH	col_ccp6_tum_bulk_1_2_1_top47.clonotypes.IGH	47	47	1	1	2651	900	56	49	0.9999999999999998	1.0	0.021124104111655977	0.05444444444444444	0.0	0.0	4.526935E-4	0.03391297852954993	0.03391297852954993	0.26868834817891624	0.154695445226234	0.6396707252355074	0.15587678441152575	0.0107526882	0.6744555354606279	.	.
col_ccp6_LN_bulk_3_1_1_top47.clonotypes.IGH	col_ccp6_tum_bulk_1_2_2_top47.clonotypes.IGH	47	47	1	1	2651	679	56	21	0.9999999999999998	1.0	0.021124104111655977	0.030927835051546393	0.0	0.0	4.526935E-4	0.025560180116286132	0.025560180116286132	0.2555438277404267	0.14780121687140832	0.653495644467829	0.20237107968342838	0.0107526882	0.931482772810926	.	.
col_ccp6_LN_bulk_3_1_1_top47.clonotypes.IGH	col_ccp6_tum_bulk_1_3_1_top47.clonotypes.IGH	47	47	0	0	2651	3000	0	0	0.9999999999999998	1.0000000000000002	0.0	0.0	0.0	0.0	0.0	0.0	0.0	0.37502686925701173	0.2747185701117047	0.5760994461033818	0.18090980827031408	0.0	NaN	.	.
col_ccp6_LN_bulk_3_1_1_top47.clonotypes.IGH	col_ccp6_tum_bulk_1_3_2_top47.clonotypes.IGH	47	47	0	0	2651	1868	0	0	0.9999999999999998	0.9999999999999997	0.0	0.0	0.0	0.0	0.0	0.0	0.0	0.4369063890383797	0.320001808962604	0.5991621406665383	0.16733831639429764	0.0	NaN	.	.
col_ccp6_LN_bulk_3_1_2_top47.clonotypes.IGH	col_ccp6_PBMC_bulk_1_1_1_top47.clonotypes.IGH	47	47	1	1	1063	1627	102	28	0.9999999999999993	1.0000000000000002	0.09595484477892756	0.017209588199139522	0.0	0.0	4.526935E-4	0.040636724331049326	0.040636724331049326	0.3579149563491712	0.2065167125161579	0.4630113665405836	0.23105732951344818	0.0107526882	0.3475231206592843	.	.
col_ccp6_LN_bulk_3_1_2_top47.clonotypes.IGH	col_ccp6_PBMC_bulk_1_1_2_top47.clonotypes.IGH	47	47	1	1	1063	851	102	21	0.9999999999999993	0.9999999999999998	0.09595484477892756	0.024676850763807285	0.0	0.0	4.526935E-4	0.048660696508310355	0.048660696508310355	0.32246987622358997	0.20026996177260878	0.48618297261924825	0.20930315147413506	0.0107526882	0.4824360302697039	.	.
col_ccp6_LN_bulk_3_1_2_top47.clonotypes.IGH	col_ccp6_PBMC_bulk_2_1_1_top47.clonotypes.IGH	47	47	0	0	1063	169	0	0	0.9999999999999993	0.9999999999999988	0.0	0.0	0.0	0.0	0.0	0.0	0.0	0.4550944814023105	0.24664847546194021	0.6738913736193475	0.23696878232039498	0.0	NaN	.	.
col_ccp6_LN_bulk_3_1_2_top47.clonotypes.IGH	col_ccp6_tum_bulk_1_1_1_top47.clonotypes.IGH	47	47	1	1	1063	1215	19	19	0.9999999999999993	0.9999999999999993	0.017873941674506115	0.015637860082304528	0.0	0.0	4.526935E-4	0.016718558521152428	0.016718558521152428	0.3557696205747292	0.21155191042492352	0.524237594760932	0.18738057269449312	0.0107526882	0.9911349653939807	.	.
col_ccp6_LN_bulk_3_1_2_top47.clonotypes.IGH	col_ccp6_tum_bulk_1_1_2_top47.clonotypes.IGH	47	47	1	1	1063	1181	19	29	0.9999999999999993	1.0	0.017873941674506115	0.024555461473327687	0.0	0.0	4.526935E-4	0.02095000921634263	0.02095000921634263	0.31350642573225934	0.1891638944733288	0.49859130306067495	0.18836638917331444	0.0107526882	0.9516041190039172	.	.
col_ccp6_LN_bulk_3_1_2_top47.clonotypes.IGH	col_ccp6_tum_bulk_1_2_1_top47.clonotypes.IGH	47	47	2	2	1063	900	30	60	0.9999999999999993	1.0	0.028222013170272814	0.06666666666666667	0.0	0.0	9.053871E-4	0.043375886673183456	0.04244131502900819	0.29096018945769603	0.17131200832899496	0.5881779031175006	0.20289371794170677	0.0217391304	0.6212257485993424	.	.
col_ccp6_LN_bulk_3_1_2_top47.clonotypes.IGH	col_ccp6_tum_bulk_1_2_2_top47.clonotypes.IGH	47	47	1	1	1063	679	19	21	0.9999999999999993	1.0	0.017873941674506115	0.030927835051546393	0.0	0.0	4.526935E-4	0.02351174854897198	0.02351174854897198	0.25582619278037994	0.1512825286396216	0.6511271516892304	0.24695732342723833	0.0107526882	0.86645535983465	.	.
col_ccp6_LN_bulk_3_1_2_top47.clonotypes.IGH	col_ccp6_tum_bulk_1_3_1_top47.clonotypes.IGH	47	47	0	0	1063	3000	0	0	0.9999999999999993	1.0000000000000002	0.0	0.0	0.0	0.0	0.0	0.0	0.0	0.3137415763229642	0.238207720561659	0.5192356367016956	0.17976540002353283	0.0	NaN	.	.
col_ccp6_LN_bulk_3_1_2_top47.clonotypes.IGH	col_ccp6_tum_bulk_1_3_2_top47.clonotypes.IGH	47	47	0	0	1063	1868	0	0	0.9999999999999993	0.9999999999999997	0.0	0.0	0.0	0.0	0.0	0.0	0.0	0.36693012340138387	0.27502580153602335	0.5406727774480933	0.17427990774911822	0.0	NaN	.	.
col_ccp6_PBMC_bulk_1_1_1_top47.clonotypes.IGH	col_ccp6_PBMC_bulk_1_1_2_top47.clonotypes.IGH	47	47	26	26	1627	851	1282	687	1.0000000000000002	0.9999999999999998	0.7879532882606025	0.8072855464159812	0.8891461050661301	0.5469502547912061	0.0117700317	0.7975608446154623	0.7773998684882605	0.07804143504516324	0.04470538903878274	0.1404524427217896	0.027277007428363975	0.3823529412	0.9132353079883536	.	.
col_ccp6_PBMC_bulk_1_1_1_top47.clonotypes.IGH	col_ccp6_PBMC_bulk_2_1_1_top47.clonotypes.IGH	47	47	2	2	1627	169	48	4	1.0000000000000002	0.9999999999999988	0.029502151198524895	0.023668639053254437	0.0	0.0	9.053871E-4	0.026424908098466936	0.026373042854174387	0.5144636040971666	0.26675783898531935	0.6896220825389446	0.2909101218017478	0.0217391304	0.9670197142138166	.	.
col_ccp6_PBMC_bulk_1_1_1_top47.clonotypes.IGH	col_ccp6_tum_bulk_1_1_1_top47.clonotypes.IGH	47	47	0	0	1627	1215	0	0	1.0000000000000002	0.9999999999999993	0.0	0.0	0.0	0.0	0.0	0.0	0.0	0.28357485391137177	0.17159620050651486	0.41499204502198556	0.19936412392297911	0.0	NaN	.	.
col_ccp6_PBMC_bulk_1_1_1_top47.clonotypes.IGH	col_ccp6_tum_bulk_1_1_2_top47.clonotypes.IGH	47	47	0	0	1627	1181	0	0	1.0000000000000002	1.0	0.0	0.0	0.0	0.0	0.0	0.0	0.0	0.2534536292832947	0.1535054102662963	0.40312525376473746	0.1888635242494005	0.0	NaN	.	.
col_ccp6_PBMC_bulk_1_1_1_top47.clonotypes.IGH	col_ccp6_tum_bulk_1_2_1_top47.clonotypes.IGH	47	47	0	0	1627	900	0	0	1.0000000000000002	1.0	0.0	0.0	0.0	0.0	0.0	0.0	0.0	0.37917708048692744	0.2535049847356136	0.6579870198615968	0.2230565826898447	0.0	NaN	.	.
col_ccp6_PBMC_bulk_1_1_1_top47.clonotypes.IGH	col_ccp6_tum_bulk_1_2_2_top47.clonotypes.IGH	47	47	0	0	1627	679	0	0	1.0000000000000002	1.0	0.0	0.0	0.0	0.0	0.0	0.0	0.0	0.3653278096425225	0.2443744864536431	0.6639208985828586	0.24845464730333577	0.0	NaN	.	.
col_ccp6_PBMC_bulk_1_1_1_top47.clonotypes.IGH	col_ccp6_tum_bulk_1_3_1_top47.clonotypes.IGH	47	47	1	1	1627	3000	18	38	1.0000000000000002	1.0000000000000002	0.011063306699446834	0.012666666666666666	0.0	0.0	4.526935E-4	0.011837872198710088	0.011837872198710088	0.15849591982784228	0.18205095723702358	0.4980720751361463	0.2001586086146949	0.0107526882	0.9909109309803972	.	.
col_ccp6_PBMC_bulk_1_1_1_top47.clonotypes.IGH	col_ccp6_tum_bulk_1_3_2_top47.clonotypes.IGH	47	47	1	1	1627	1868	18	23	1.0000000000000002	0.9999999999999997	0.011063306699446834	0.012312633832976445	0.0	0.0	4.526935E-4	0.011671265757072112	0.011671265757072112	0.19513966419981132	0.20144239345497036	0.4946424977427193	0.1882505085901496	0.0107526882	0.9943035352248522	.	.
col_ccp6_PBMC_bulk_1_1_2_top47.clonotypes.IGH	col_ccp6_PBMC_bulk_2_1_1_top47.clonotypes.IGH	47	47	2	2	851	169	32	4	0.9999999999999998	0.9999999999999988	0.03760282021151586	0.023668639053254437	0.0	0.0	9.053871E-4	0.029832994803921205	0.029283670249425235	0.47075987160813315	0.253029419503736	0.6634652497055593	0.24721845559913067	0.0217391304	0.8191448386240128	.	.
col_ccp6_PBMC_bulk_1_1_2_top47.clonotypes.IGH	col_ccp6_tum_bulk_1_1_1_top47.clonotypes.IGH	47	47	0	0	851	1215	0	0	0.9999999999999998	0.9999999999999993	0.0	0.0	0.0	0.0	0.0	0.0	0.0	0.23632067888476843	0.15865245935130812	0.4127276607115609	0.24117473193188105	0.0	NaN	.	.
col_ccp6_PBMC_bulk_1_1_2_top47.clonotypes.IGH	col_ccp6_tum_bulk_1_1_2_top47.clonotypes.IGH	47	47	0	0	851	1181	0	0	0.9999999999999998	1.0	0.0	0.0	0.0	0.0	0.0	0.0	0.0	0.2204412260429482	0.14549550525274962	0.4371802127002978	0.23846803227820243	0.0	NaN	.	.
col_ccp6_PBMC_bulk_1_1_2_top47.clonotypes.IGH	col_ccp6_tum_bulk_1_2_1_top47.clonotypes.IGH	47	47	0	0	851	900	0	0	0.9999999999999998	1.0	0.0	0.0	0.0	0.0	0.0	0.0	0.0	0.3803394181452283	0.2642167626633975	0.6249062942985013	0.2668555108744925	0.0	NaN	.	.
col_ccp6_PBMC_bulk_1_1_2_top47.clonotypes.IGH	col_ccp6_tum_bulk_1_2_2_top47.clonotypes.IGH	47	47	0	0	851	679	0	0	0.9999999999999998	1.0	0.0	0.0	0.0	0.0	0.0	0.0	0.0	0.4006019268131576	0.27464125563300285	0.6588033267081097	0.2944890664590096	0.0	NaN	.	.
col_ccp6_PBMC_bulk_1_1_2_top47.clonotypes.IGH	col_ccp6_tum_bulk_1_3_1_top47.clonotypes.IGH	47	47	0	0	851	3000	0	0	0.9999999999999998	1.0000000000000002	0.0	0.0	0.0	0.0	0.0	0.0	0.0	0.1460862084390238	0.20398896538040526	0.5768084053273651	0.19984194229029525	0.0	NaN	.	.
col_ccp6_PBMC_bulk_1_1_2_top47.clonotypes.IGH	col_ccp6_tum_bulk_1_3_2_top47.clonotypes.IGH	47	47	0	0	851	1868	0	0	0.9999999999999998	0.9999999999999997	0.0	0.0	0.0	0.0	0.0	0.0	0.0	0.18231468662777378	0.22561732382572836	0.5735440312691281	0.19865705644079562	0.0	NaN	.	.
col_ccp6_PBMC_bulk_2_1_1_top47.clonotypes.IGH	col_ccp6_tum_bulk_1_1_1_top47.clonotypes.IGH	47	47	0	0	169	1215	0	0	0.9999999999999988	0.9999999999999993	0.0	0.0	0.0	0.0	0.0	0.0	0.0	0.42315632948644644	0.23796269745851367	0.694724555976467	0.24462064124132826	0.0	NaN	.	.
col_ccp6_PBMC_bulk_2_1_1_top47.clonotypes.IGH	col_ccp6_tum_bulk_1_1_2_top47.clonotypes.IGH	47	47	0	0	169	1181	0	0	0.9999999999999988	1.0	0.0	0.0	0.0	0.0	0.0	0.0	0.0	0.4171112917492634	0.23099562672724205	0.6876875646032733	0.2486207128770673	0.0	NaN	.	.
col_ccp6_PBMC_bulk_2_1_1_top47.clonotypes.IGH	col_ccp6_tum_bulk_1_2_1_top47.clonotypes.IGH	47	47	0	0	169	900	0	0	0.9999999999999988	1.0	0.0	0.0	0.0	0.0	0.0	0.0	0.0	0.34483250197406223	0.2129414538973252	0.7149130158421219	0.26955109469116295	0.0	NaN	.	.
col_ccp6_PBMC_bulk_2_1_1_top47.clonotypes.IGH	col_ccp6_tum_bulk_1_2_2_top47.clonotypes.IGH	47	47	0	0	169	679	0	0	0.9999999999999988	1.0	0.0	0.0	0.0	0.0	0.0	0.0	0.0	0.4401146287365879	0.25936680436871395	0.7750155258684213	0.2671693978534695	0.0	NaN	.	.
col_ccp6_PBMC_bulk_2_1_1_top47.clonotypes.IGH	col_ccp6_tum_bulk_1_3_1_top47.clonotypes.IGH	47	47	0	0	169	3000	0	0	0.9999999999999988	1.0000000000000002	0.0	0.0	0.0	0.0	0.0	0.0	0.0	0.38596806843668463	0.26558765089815123	0.6074315442704001	0.16984115786682147	0.0	NaN	.	.
col_ccp6_PBMC_bulk_2_1_1_top47.clonotypes.IGH	col_ccp6_tum_bulk_1_3_2_top47.clonotypes.IGH	47	47	0	0	169	1868	0	0	0.9999999999999988	0.9999999999999997	0.0	0.0	0.0	0.0	0.0	0.0	0.0	0.42439678413320625	0.2893266604847723	0.5982651901311068	0.1594062748621405	0.0	NaN	.	.
col_ccp6_tum_bulk_1_1_1_top47.clonotypes.IGH	col_ccp6_tum_bulk_1_1_2_top47.clonotypes.IGH	47	47	35	35	1215	1181	1045	1016	0.9999999999999993	1.0	0.8600823045267489	0.8602878916172735	0.9717319992567405	0.7311042443021872	0.0158442734	0.8601850919300117	0.8554481412676901	0.04982902851724493	0.02543149747267089	0.09303305805342148	0.012420780266805126	0.593220339	0.9869419575871238	.	.
col_ccp6_tum_bulk_1_1_1_top47.clonotypes.IGH	col_ccp6_tum_bulk_1_2_1_top47.clonotypes.IGH	47	47	6	6	1215	900	183	191	0.9999999999999993	1.0	0.1506172839506173	0.21222222222222223	-0.28645350456647334	-0.14285714285714296	0.0027161612	0.17878572287818578	0.16555626346622415	0.2641407244342296	0.1669914629493672	0.44405283221727815	0.15002353140432909	0.0681818182	0.7025278528169142	.	.
col_ccp6_tum_bulk_1_1_1_top47.clonotypes.IGH	col_ccp6_tum_bulk_1_2_2_top47.clonotypes.IGH	47	47	7	7	1215	679	198	129	0.9999999999999993	1.0	0.162962962962963	0.18998527245949925	0.024231317357848395	0.46428571428571425	0.0031688547	0.17595613919191855	0.16761896005483126	0.29210316947557163	0.1763039895056727	0.4873484146377019	0.13186574417809335	0.0804597701	0.7956778082896208	.	.
col_ccp6_tum_bulk_1_1_1_top47.clonotypes.IGH	col_ccp6_tum_bulk_1_3_1_top47.clonotypes.IGH	47	47	1	1	1215	3000	53	65	0.9999999999999993	1.0000000000000002	0.043621399176954734	0.021666666666666667	0.0	0.0	4.526935E-4	0.030742971806588346	0.030742971806588346	0.21236333619861542	0.1499062095432628	0.44430711578785376	0.23773193334639817	0.0107526882	0.7968148252189057	.	.
col_ccp6_tum_bulk_1_1_1_top47.clonotypes.IGH	col_ccp6_tum_bulk_1_3_2_top47.clonotypes.IGH	47	47	1	1	1215	1868	53	37	0.9999999999999993	0.9999999999999997	0.043621399176954734	0.01980728051391863	0.0	0.0	4.526935E-4	0.029394239059849153	0.029394239059849153	0.2324371657827025	0.16690876144770084	0.4570047327569917	0.21722726449509533	0.0107526882	0.7529089362952234	.	.
col_ccp6_tum_bulk_1_1_2_top47.clonotypes.IGH	col_ccp6_tum_bulk_1_2_1_top47.clonotypes.IGH	47	47	5	5	1181	900	171	146	1.0	1.0	0.14479254868755292	0.1622222222222222	0.03206312030090026	0.5	0.0022634676	0.15325980885187787	0.14357436316365688	0.20706920241925783	0.13602360449874074	0.43368395032120605	0.1357507985538124	0.0561797753	0.7561226278874931	.	.
col_ccp6_tum_bulk_1_1_2_top47.clonotypes.IGH	col_ccp6_tum_bulk_1_2_2_top47.clonotypes.IGH	47	47	6	6	1181	679	189	100	1.0	1.0	0.16003386960203217	0.14727540500736377	0.24127503643798215	0.42857142857142866	0.0027161612	0.15352215788131343	0.1463896873077683	0.23295742870784564	0.14535458258219133	0.46011919643547006	0.1175365998025593	0.0681818182	0.7890722283812697	.	.
col_ccp6_tum_bulk_1_1_2_top47.clonotypes.IGH	col_ccp6_tum_bulk_1_3_1_top47.clonotypes.IGH	47	47	1	1	1181	3000	53	65	1.0	1.0000000000000002	0.04487722269263336	0.021666666666666667	0.0	0.0	4.526935E-4	0.0311823640060701	0.0311823640060701	0.19629537684094972	0.1462281347937943	0.4148165121300199	0.2392624101232404	0.0107526882	0.7830684396628266	.	.
col_ccp6_tum_bulk_1_1_2_top47.clonotypes.IGH	col_ccp6_tum_bulk_1_3_2_top47.clonotypes.IGH	47	47	1	1	1181	1868	53	37	1.0	0.9999999999999997	0.04487722269263336	0.01980728051391863	0.0	0.0	4.526935E-4	0.029814354572228856	0.029814354572228856	0.22604956070898122	0.1687289814906331	0.44624310538228484	0.214731493143689	0.0107526882	0.7388090826823841	.	.
col_ccp6_tum_bulk_1_2_1_top47.clonotypes.IGH	col_ccp6_tum_bulk_1_2_2_top47.clonotypes.IGH	47	47	31	31	900	679	671	516	1.0	1.0	0.7455555555555555	0.7599410898379971	0.43756631773954824	0.397245111492953	0.0140334993	0.7527139572398417	0.7378957977170548	0.15082616205300683	0.07612003738763255	0.26884766224486345	0.01853866487615755	0.4920634921	0.9219094697542581	.	.
col_ccp6_tum_bulk_1_2_1_top47.clonotypes.IGH	col_ccp6_tum_bulk_1_3_1_top47.clonotypes.IGH	47	47	0	0	900	3000	0	0	1.0	1.0000000000000002	0.0	0.0	0.0	0.0	0.0	0.0	0.0	0.3152887612292231	0.22701699930420746	0.6560681503559259	0.2161319366063668	0.0	NaN	.	.
col_ccp6_tum_bulk_1_2_1_top47.clonotypes.IGH	col_ccp6_tum_bulk_1_3_2_top47.clonotypes.IGH	47	47	0	0	900	1868	0	0	1.0	0.9999999999999997	0.0	0.0	0.0	0.0	0.0	0.0	0.0	0.3791949803798966	0.27631615592351455	0.6728994973649154	0.20394460286979196	0.0	NaN	.	.
col_ccp6_tum_bulk_1_2_2_top47.clonotypes.IGH	col_ccp6_tum_bulk_1_3_1_top47.clonotypes.IGH	47	47	0	0	679	3000	0	0	1.0	1.0000000000000002	0.0	0.0	0.0	0.0	0.0	0.0	0.0	0.29960734378952747	0.21028903171719054	0.6568896523601714	0.2284459872375725	0.0	NaN	.	.
col_ccp6_tum_bulk_1_2_2_top47.clonotypes.IGH	col_ccp6_tum_bulk_1_3_2_top47.clonotypes.IGH	47	47	0	0	679	1868	0	0	1.0	0.9999999999999997	0.0	0.0	0.0	0.0	0.0	0.0	0.0	0.3486909360325093	0.2508425674452034	0.7008585755184367	0.21547032050340142	0.0	NaN	.	.
col_ccp6_tum_bulk_1_3_1_top47.clonotypes.IGH	col_ccp6_tum_bulk_1_3_2_top47.clonotypes.IGH	47	47	35	35	3000	1868	2639	1650	1.0000000000000002	0.9999999999999997	0.8796666666666666	0.8832976445396143	0.9899711929657719	0.8625017868324304	0.0158442734	0.8814802860227112	0.8768283842777211	0.03430565097548653	0.019959622468370696	0.05672547820275906	0.01257028799446241	0.593220339	0.993314267666552	.	.
