1_sample_id	2_sample_id	div1	div2	div12	div21	count1	count2	count12	count21	freq1	freq2	freq12	freq21	R	Rs	D	F	F2	vJSD	vjJSD	vj2JSD	sJSD	Jaccard	MorisitaHorn	1_metadata_blank	2_metadata_blank
col_ccp6_LN_bulk_1_1_1_top175.clonotypes.IGHG	col_ccp6_LN_bulk_1_1_2_top175.clonotypes.IGHG	175	175	133	133	8332	17363	7665	16061	0.9999999999999998	0.9999999999999978	0.9199471915506482	0.9250129585901049	0.974966698787464	0.8985181521059876	0.0043428571	0.9224765977535273	0.9181147326897892	0.011021375422204523	0.005834151071265719	0.028929814538755594	0.0022150656153643346	0.6129032258	0.9865130965186775	.	.
col_ccp6_LN_bulk_1_1_1_top175.clonotypes.IGHG	col_ccp6_LN_bulk_2_1_1_top175.clonotypes.IGHG	175	175	96	96	8332	6667	6302	5143	0.9999999999999998	1.0000000000000004	0.7563610177628423	0.7714114294285287	0.7653334587829805	0.6514945358841154	0.0031346939	0.7638491564939055	0.7417606739332626	0.04152116323592756	0.025089017197331042	0.09986351214594819	0.01821277332025095	0.3779527559	0.8814029839762587	.	.
col_ccp6_LN_bulk_1_1_1_top175.clonotypes.IGHG	col_ccp6_LN_bulk_2_1_2_top175.clonotypes.IGHG	175	175	89	89	8332	11149	6023	7906	0.9999999999999998	0.9999999999999998	0.7228756601056171	0.7091218943402998	0.6973088123730747	0.5128438771011936	0.0029061224	0.715965751601702	0.6874704917339667	0.039827301169225754	0.022412063271649955	0.11875779058149107	0.017400314252500174	0.3409961686	0.8417128168880754	.	.
col_ccp6_LN_bulk_1_1_1_top175.clonotypes.IGHG	col_ccp6_LN_bulk_3_1_1_top175.clonotypes.IGHG	175	175	67	67	8332	4632	3119	2691	0.9999999999999998	1.0000000000000004	0.37433989438310133	0.5809585492227978	0.4456213278415426	0.2844133245463848	0.0021877551	0.4663431804551471	0.4291728290737478	0.08703983829569467	0.05687775365402344	0.18634537518977592	0.08022585197553045	0.2367491166	0.6265188769490256	.	.
col_ccp6_LN_bulk_1_1_1_top175.clonotypes.IGHG	col_ccp6_LN_bulk_3_1_2_top175.clonotypes.IGHG	175	175	61	61	8332	1837	3172	1050	0.9999999999999998	0.9999999999999961	0.38070091214594337	0.5715841045182363	0.2129784829359054	0.18788793293013176	0.0019918367	0.46647892766792237	0.41704444639423505	0.08925010056157603	0.05689582145915479	0.1903416729453994	0.0724065532310888	0.2110726644	0.5573843839080651	.	.
col_ccp6_LN_bulk_1_1_1_top175.clonotypes.IGHG	col_ccp6_PBMC_bulk_1_1_1_top175.clonotypes.IGHG	175	175	7	7	8332	1131	481	59	0.9999999999999998	1.0000000000000004	0.05772923667786845	0.052166224580017684	0.6168677586980836	0.31810450514017585	2.285714E-4	0.054877284238295534	0.05175929182076947	0.21651176478581335	0.12250367644372875	0.3804132614072758	0.15210949587055933	0.0204081633	0.8097108859781129	.	.
col_ccp6_LN_bulk_1_1_1_top175.clonotypes.IGHG	col_ccp6_PBMC_bulk_1_1_2_top175.clonotypes.IGHG	175	175	7	7	8332	796	875	46	0.9999999999999998	0.9999999999999988	0.10501680268843015	0.05778894472361809	-0.18435656777209572	-0.1441499940312896	2.285714E-4	0.07790256867146807	0.06028912956942739	0.19351598337784867	0.10336578151782148	0.36016484576517405	0.12079761382813879	0.0204081633	0.29177108314476574	.	.
col_ccp6_LN_bulk_1_1_1_top175.clonotypes.IGHG	col_ccp6_tum_bulk_1_1_1_top175.clonotypes.IGHG	175	175	6	6	8332	2046	382	56	0.9999999999999998	0.9999999999999992	0.04584733557369179	0.027370478983382213	0.4484495882763058	0.20291986247835683	1.959184E-4	0.035424053053875734	0.03391523424224053	0.18802161131333078	0.10120174909520985	0.3637678287139819	0.14645449614125988	0.0174418605	0.786843982340457	.	.
col_ccp6_LN_bulk_1_1_1_top175.clonotypes.IGHG	col_ccp6_tum_bulk_1_1_2_top175.clonotypes.IGHG	175	175	8	8	8332	1940	465	70	0.9999999999999998	0.9999999999999987	0.0558089294287086	0.03608247422680412	0.641978465663245	0.42431256434776293	2.612245E-4	0.044874539081052496	0.04276227889434619	0.189735175197674	0.10237933847401767	0.3482585422386751	0.15087846998730184	0.0233918129	0.8285630830328267	.	.
col_ccp6_LN_bulk_1_1_1_top175.clonotypes.IGHG	col_ccp6_tum_bulk_1_2_1_top175.clonotypes.IGHG	175	175	7	7	8332	1455	383	98	0.9999999999999998	0.9999999999999987	0.04596735477676428	0.06735395189003436	0.44543400193120275	0.39641248358604586	2.285714E-4	0.055642456830610226	0.05043182613050993	0.23139648371159777	0.1345489826336939	0.4547440413001708	0.1366721157566717	0.0204081633	0.6534663291581074	.	.
col_ccp6_LN_bulk_1_1_1_top175.clonotypes.IGHG	col_ccp6_tum_bulk_1_2_2_top175.clonotypes.IGHG	175	175	9	9	8332	1142	542	83	0.9999999999999998	0.9999999999999993	0.06505040806529046	0.07267950963222417	0.022754982229226336	0.10504201680672276	2.938776E-4	0.06875923035899537	0.059698672489405434	0.18900966901713054	0.11146730037315469	0.43625190594285146	0.12981084251082967	0.0263929619	0.6297958204692281	.	.
col_ccp6_LN_bulk_1_1_1_top175.clonotypes.IGHG	col_ccp6_tum_bulk_1_3_1_top175.clonotypes.IGHG	175	175	12	12	8332	2085	855	210	0.9999999999999998	1.000000000000001	0.10261641862698032	0.10071942446043165	-0.2567634015135673	-0.2052631578947368	3.918367E-4	0.10166349700998965	0.08617090518937193	0.15141868360063662	0.09132571997339119	0.3430155331685978	0.07899964822054914	0.0355029586	0.554366619983799	.	.
col_ccp6_LN_bulk_1_1_1_top175.clonotypes.IGHG	col_ccp6_tum_bulk_1_3_2_top175.clonotypes.IGHG	175	175	11	11	8332	1382	706	149	0.9999999999999998	0.9999999999999986	0.08473355736917906	0.10781476121562952	-0.16267692803905812	0.35159817351598155	3.591837E-4	0.09557995739018137	0.08508411279108309	0.1426460021400812	0.0864043117595849	0.35440535281486785	0.09123443363080105	0.0324483776	0.5625427874390558	.	.
col_ccp6_LN_bulk_1_1_2_top175.clonotypes.IGHG	col_ccp6_LN_bulk_2_1_1_top175.clonotypes.IGHG	175	175	98	98	17363	6667	13243	5147	0.9999999999999978	1.0000000000000004	0.7627138167367391	0.7720113994300287	0.762589993177024	0.6041398433310563	0.0032	0.7673485264360311	0.7448060624116989	0.04798054269391552	0.027834017614978387	0.10191934132289492	0.025486221213749573	0.3888888889	0.8853492873403187	.	.
col_ccp6_LN_bulk_1_1_2_top175.clonotypes.IGHG	col_ccp6_LN_bulk_2_1_2_top175.clonotypes.IGHG	175	175	89	89	17363	11149	12367	7878	0.9999999999999978	0.9999999999999998	0.712261705926395	0.7066104583370707	0.689042115685967	0.5161100803369527	0.0029061224	0.7094304549993564	0.6811891494104626	0.05245254903050637	0.02813555822663689	0.11834833885676094	0.02170499068406021	0.3409961686	0.8464437541708696	.	.
col_ccp6_LN_bulk_1_1_2_top175.clonotypes.IGHG	col_ccp6_LN_bulk_3_1_1_top175.clonotypes.IGHG	175	175	58	58	17363	4632	6246	2476	0.9999999999999978	1.0000000000000004	0.3597304613258077	0.5345423143350605	0.37648701479935526	0.21042990029468808	0.0018938776	0.43851015191659615	0.4009994690589281	0.08769604189033949	0.05663740118809911	0.18880037001170152	0.08125912481412262	0.198630137	0.6190313911121293	.	.
col_ccp6_LN_bulk_1_1_2_top175.clonotypes.IGHG	col_ccp6_LN_bulk_3_1_2_top175.clonotypes.IGHG	175	175	52	52	17363	1837	6280	969	0.9999999999999978	0.9999999999999961	0.3616886482750677	0.5274904735982582	0.1628948455855313	0.07037892450663585	0.0016979592	0.43679207453172647	0.3882275078352636	0.09216178616707882	0.058480020686466	0.1885259674370672	0.07675895016982034	0.1744966443	0.5604833488965962	.	.
col_ccp6_LN_bulk_1_1_2_top175.clonotypes.IGHG	col_ccp6_PBMC_bulk_1_1_1_top175.clonotypes.IGHG	175	175	9	9	17363	1131	1049	103	0.9999999999999978	1.0000000000000004	0.060415826758048734	0.09106984969053936	-0.0354863230202502	-0.3490151776110868	2.938776E-4	0.07417587385252138	0.06396846002173025	0.22463117603813607	0.12876878934612218	0.3920669032733903	0.1599233028244557	0.0263929619	0.5356659231553843	.	.
col_ccp6_LN_bulk_1_1_2_top175.clonotypes.IGHG	col_ccp6_PBMC_bulk_1_1_2_top175.clonotypes.IGHG	175	175	10	10	17363	796	1778	73	0.9999999999999978	0.9999999999999988	0.1024016586995335	0.09170854271356782	-0.19961028326836647	-0.1963227130219495	3.26530612E-4	0.09690772358685536	0.07138424386983312	0.19982098315557442	0.10745081144428974	0.3684111699291001	0.12442137328126486	0.0294117647	0.2911685407008232	.	.
col_ccp6_LN_bulk_1_1_2_top175.clonotypes.IGHG	col_ccp6_tum_bulk_1_1_1_top175.clonotypes.IGHG	175	175	7	7	17363	2046	832	64	0.9999999999999978	0.9999999999999992	0.04791798652306629	0.03128054740957967	0.5940679001626027	0.20000000000000012	2.285714E-4	0.0387156408859052	0.03701650469861352	0.19582200565176192	0.10614942700859827	0.36560386033793174	0.15419098342722962	0.0204081633	0.793512405515811	.	.
col_ccp6_LN_bulk_1_1_2_top175.clonotypes.IGHG	col_ccp6_tum_bulk_1_1_2_top175.clonotypes.IGHG	175	175	7	7	17363	1940	919	65	0.9999999999999978	0.9999999999999987	0.05292864136381961	0.03350515463917526	0.7132006138371847	0.2364027144223249	2.285714E-4	0.04211154608579723	0.04018638512927871	0.1898683636607281	0.10422115300759796	0.35969231424254	0.1625208618287184	0.0204081633	0.8443602913578677	.	.
col_ccp6_LN_bulk_1_1_2_top175.clonotypes.IGHG	col_ccp6_tum_bulk_1_2_1_top175.clonotypes.IGHG	175	175	5	5	17363	1455	717	75	0.9999999999999978	0.9999999999999987	0.04129470713586361	0.05154639175257732	0.6321927297360673	0.39999999999999997	1.632653E-4	0.04613667902367027	0.04266862343237061	0.23134291828712014	0.1332014359576701	0.4382533528968781	0.14379148644414072	0.0144927536	0.7403268971982402	.	.
col_ccp6_LN_bulk_1_1_2_top175.clonotypes.IGHG	col_ccp6_tum_bulk_1_2_2_top175.clonotypes.IGHG	175	175	7	7	17363	1142	1002	56	0.9999999999999978	0.9999999999999993	0.057708921269365894	0.04903677758318739	0.3648123707090798	0.37839373433213475	2.285714E-4	0.053196424098350514	0.04878821703682675	0.19550166161559676	0.11416038122876954	0.43645490144471655	0.13605384084884029	0.0204081633	0.7708092657134006	.	.
col_ccp6_LN_bulk_1_1_2_top175.clonotypes.IGHG	col_ccp6_tum_bulk_1_3_1_top175.clonotypes.IGHG	175	175	16	16	17363	2085	2111	286	0.9999999999999978	1.000000000000001	0.12158037205552036	0.13717026378896882	-0.3110410663963695	-0.311717107483604	5.22449E-4	0.12914027917894827	0.10281200938920151	0.1611464391164802	0.09435240424268314	0.34185217587420824	0.07947198161058058	0.0479041916	0.43257634192731353	.	.
col_ccp6_LN_bulk_1_1_2_top175.clonotypes.IGHG	col_ccp6_tum_bulk_1_3_2_top175.clonotypes.IGHG	175	175	15	15	17363	1382	1615	199	0.9999999999999978	0.9999999999999986	0.09301388008984623	0.14399421128798842	-0.16755855980915962	-0.1263442889100703	4.897959E-4	0.11573011838917706	0.10154659470341801	0.1520234947014068	0.09071703993573632	0.3554408504724133	0.09131350104136413	0.0447761194	0.519571481902122	.	.
col_ccp6_LN_bulk_2_1_1_top175.clonotypes.IGHG	col_ccp6_LN_bulk_2_1_2_top175.clonotypes.IGHG	175	175	110	110	6667	11149	5401	9002	1.0000000000000004	0.9999999999999998	0.8101094945252738	0.80742667503812	0.8206762740689336	0.6843027799446689	0.0035918367	0.8087669723606138	0.7893011099768429	0.05356095968949334	0.02976135933780788	0.10999495754055086	0.023952968649674635	0.4583333333	0.9202507475111151	.	.
col_ccp6_LN_bulk_2_1_1_top175.clonotypes.IGHG	col_ccp6_LN_bulk_3_1_1_top175.clonotypes.IGHG	175	175	32	32	6667	4632	1873	858	1.0000000000000004	1.0000000000000004	0.2809359532023399	0.18523316062176168	0.5035115364393781	0.4130055134336953	0.001044898	0.22811982496915245	0.2142321884226604	0.12398293752677801	0.07944473647434364	0.27285649450941396	0.08989338355366068	0.1006289308	0.7568958170303783	.	.
col_ccp6_LN_bulk_2_1_1_top175.clonotypes.IGHG	col_ccp6_LN_bulk_3_1_2_top175.clonotypes.IGHG	175	175	31	31	6667	1837	1901	329	1.0000000000000004	0.9999999999999961	0.2851357432128393	0.17909635274904734	0.3802542802160621	0.4672541990411936	0.0010122449	0.2259795823693115	0.21004573063425863	0.11576494219643349	0.07380074319394543	0.26335373538452694	0.07826753252028086	0.0971786834	0.6806429479083129	.	.
col_ccp6_LN_bulk_2_1_1_top175.clonotypes.IGHG	col_ccp6_PBMC_bulk_1_1_1_top175.clonotypes.IGHG	175	175	10	10	6667	1131	466	61	1.0000000000000004	1.0000000000000004	0.06989650517474126	0.05393457117595049	-0.10004470573098587	-0.3889460425384177	3.26530612E-4	0.061399006777775114	0.05431040405253794	0.1631665389314756	0.10936295855547613	0.35512216357894355	0.11693794866288944	0.0294117647	0.5388204644565523	.	.
col_ccp6_LN_bulk_2_1_1_top175.clonotypes.IGHG	col_ccp6_PBMC_bulk_1_1_2_top175.clonotypes.IGHG	175	175	8	8	6667	796	366	44	1.0000000000000004	0.9999999999999988	0.05489725513724314	0.05527638190954774	-0.5265052008220983	-0.6504169191178062	2.612245E-4	0.05508649236203131	0.04632807775317456	0.12992622405689963	0.08363283671676544	0.33575759270571526	0.10253153946658553	0.0233918129	0.499266492526872	.	.
col_ccp6_LN_bulk_2_1_1_top175.clonotypes.IGHG	col_ccp6_tum_bulk_1_1_1_top175.clonotypes.IGHG	175	175	13	13	6667	2046	523	298	1.0000000000000004	0.9999999999999992	0.0784460776961152	0.1456500488758553	-0.29819799470725633	-0.4717245866585598	4.24489796E-4	0.10689094933883936	0.07899163606107233	0.14573686666204128	0.07934634159038349	0.28536576612720477	0.11310625033230225	0.0385756677	0.20828464956153683	.	.
col_ccp6_LN_bulk_2_1_1_top175.clonotypes.IGHG	col_ccp6_tum_bulk_1_1_2_top175.clonotypes.IGHG	175	175	11	11	6667	1940	460	297	1.0000000000000004	0.9999999999999987	0.06899655017249137	0.15309278350515465	-0.3116454889940362	-0.45309043114595626	3.591837E-4	0.10277584306713208	0.07508601679306601	0.14989646554803668	0.08408227909237398	0.28724180446747866	0.1146685814768795	0.0324483776	0.20249349070475098	.	.
col_ccp6_LN_bulk_2_1_1_top175.clonotypes.IGHG	col_ccp6_tum_bulk_1_2_1_top175.clonotypes.IGHG	175	175	7	7	6667	1455	409	95	1.0000000000000004	0.9999999999999987	0.061346932653367325	0.06529209621993126	0.5178717137383768	0.46428571428571425	2.285714E-4	0.06328878123017778	0.05833607459552919	0.23098291302100402	0.13133727886323468	0.3947927907256475	0.11134113399101994	0.0204081633	0.7411205965044996	.	.
col_ccp6_LN_bulk_2_1_1_top175.clonotypes.IGHG	col_ccp6_tum_bulk_1_2_2_top175.clonotypes.IGHG	175	175	8	8	6667	1142	546	65	1.0000000000000004	0.9999999999999993	0.08189590520473977	0.056917688266199654	0.32445918040765703	0.49697882430464685	2.612245E-4	0.06827390132928991	0.06302392371226193	0.20064197164741696	0.11404003148094646	0.37742950735070835	0.10331833099684473	0.0233918129	0.7335531865138083	.	.
col_ccp6_LN_bulk_2_1_1_top175.clonotypes.IGHG	col_ccp6_tum_bulk_1_3_1_top175.clonotypes.IGHG	175	175	22	22	6667	2085	1010	426	1.0000000000000004	1.000000000000001	0.1514924253787311	0.2043165467625899	-0.23328128630174208	-0.16586476401438677	7.183673E-4	0.17593296795675242	0.14632905642856922	0.12205963767125895	0.07464829724540778	0.2829733013900032	0.06486090778892324	0.0670731707	0.4508944851663053	.	.
col_ccp6_LN_bulk_2_1_1_top175.clonotypes.IGHG	col_ccp6_tum_bulk_1_3_2_top175.clonotypes.IGHG	175	175	21	21	6667	1382	896	283	1.0000000000000004	0.9999999999999986	0.1343932803359832	0.20477568740955138	-0.08635255877554968	0.03617995252330733	6.857143E-4	0.16589296658998387	0.14623171761044293	0.12526990488350195	0.07724881726484098	0.3086981347823967	0.07674073228148867	0.0638297872	0.5293737080919512	.	.
col_ccp6_LN_bulk_2_1_2_top175.clonotypes.IGHG	col_ccp6_LN_bulk_3_1_1_top175.clonotypes.IGHG	175	175	34	34	11149	4632	3075	1024	0.9999999999999998	1.0000000000000004	0.2758094896403265	0.2210708117443869	0.26719239865499655	0.07646345885506854	0.0011102041	0.24692798092073737	0.2198498402588246	0.11363901797844157	0.06452981337891792	0.26104205637089634	0.11520463682023636	0.1075949367	0.6615160869160969	.	.
col_ccp6_LN_bulk_2_1_2_top175.clonotypes.IGHG	col_ccp6_LN_bulk_3_1_2_top175.clonotypes.IGHG	175	175	29	29	11149	1837	2793	378	0.9999999999999998	0.9999999999999961	0.25051574132209165	0.20577027762656502	0.19185769455903592	0.13707331499677405	9.469388E-4	0.22704337392152968	0.19909208729840955	0.10690120089719274	0.06076719699677527	0.2893344914852416	0.10386310788468132	0.0903426791	0.625051090601669	.	.
col_ccp6_LN_bulk_2_1_2_top175.clonotypes.IGHG	col_ccp6_PBMC_bulk_1_1_1_top175.clonotypes.IGHG	175	175	7	7	11149	1131	688	38	0.9999999999999998	1.0000000000000004	0.06170957036505516	0.03359858532272325	-0.09456645114818013	-0.29939247542604785	2.285714E-4	0.04553410002557314	0.04092580225031342	0.22294959554655916	0.13178554208541168	0.4296128339677596	0.15307228606131038	0.0204081633	0.5262792133491224	.	.
col_ccp6_LN_bulk_2_1_2_top175.clonotypes.IGHG	col_ccp6_PBMC_bulk_1_1_2_top175.clonotypes.IGHG	175	175	5	5	11149	796	479	23	0.9999999999999998	0.9999999999999988	0.042963494483810205	0.028894472361809045	-0.5304778435726248	-0.6	1.632653E-4	0.0352336132681448	0.030609893101314095	0.19982309649135396	0.11276123160111476	0.38011250018857307	0.13464374513070126	0.0144927536	0.5016451597593947	.	.
col_ccp6_LN_bulk_2_1_2_top175.clonotypes.IGHG	col_ccp6_tum_bulk_1_1_1_top175.clonotypes.IGHG	175	175	10	10	11149	2046	749	204	0.9999999999999998	0.9999999999999992	0.06718091308637547	0.09970674486803517	-0.18978111596094482	-0.012308216692593363	3.26530612E-4	0.08184369347179343	0.061391643272990466	0.19195423160041242	0.10250166194797587	0.32443133688809245	0.14879455480201542	0.0294117647	0.2201857570062841	.	.
col_ccp6_LN_bulk_2_1_2_top175.clonotypes.IGHG	col_ccp6_tum_bulk_1_1_2_top175.clonotypes.IGHG	175	175	10	10	11149	1940	826	211	0.9999999999999998	0.9999999999999987	0.07408736209525518	0.10876288659793815	-0.18381101700412736	-0.29448406953292394	3.26530612E-4	0.08976611477560238	0.06481448160940145	0.19571897472298858	0.10635956111222787	0.32227135353841063	0.15051801838992704	0.0294117647	0.21959691058170686	.	.
col_ccp6_LN_bulk_2_1_2_top175.clonotypes.IGHG	col_ccp6_tum_bulk_1_2_1_top175.clonotypes.IGHG	175	175	10	10	11149	1455	870	114	0.9999999999999998	0.9999999999999987	0.07803390438604359	0.07835051546391752	0.49244374127484475	0.43769199144964643	3.26530612E-4	0.07819204967455815	0.07243306249111674	0.2492899700291685	0.1347483377273808	0.4321706655446245	0.12876650871847242	0.0294117647	0.7333197388714866	.	.
col_ccp6_LN_bulk_2_1_2_top175.clonotypes.IGHG	col_ccp6_tum_bulk_1_2_2_top175.clonotypes.IGHG	175	175	10	10	11149	1142	984	87	0.9999999999999998	0.9999999999999993	0.08825903668490448	0.07618213660245185	0.2861010583116492	0.4478864769720897	3.26530612E-4	0.08199854870136546	0.07554282098762638	0.2003186031329349	0.10893532294153234	0.403204806738617	0.11344204253769191	0.0294117647	0.7544129174785876	.	.
col_ccp6_LN_bulk_2_1_2_top175.clonotypes.IGHG	col_ccp6_tum_bulk_1_3_1_top175.clonotypes.IGHG	175	175	18	18	11149	2085	1410	340	0.9999999999999998	1.000000000000001	0.1264687415911741	0.16306954436450835	0.2204921535085124	0.26201553886525997	5.877551E-4	0.14360779946655233	0.1319946272330555	0.15470515245449468	0.09307222814856929	0.31911568087393677	0.06805322684629472	0.0542168675	0.717975633654425	.	.
col_ccp6_LN_bulk_2_1_2_top175.clonotypes.IGHG	col_ccp6_tum_bulk_1_3_2_top175.clonotypes.IGHG	175	175	20	20	11149	1382	1480	233	0.9999999999999998	0.9999999999999986	0.13274733159924657	0.16859623733719248	0.292162701407436	0.2699141171682863	6.530612E-4	0.149601806888104	0.13943249999868765	0.13437734322758724	0.08380821272353516	0.32569024869805335	0.07695082762953451	0.0606060606	0.715224252611463	.	.
col_ccp6_LN_bulk_3_1_1_top175.clonotypes.IGHG	col_ccp6_LN_bulk_3_1_2_top175.clonotypes.IGHG	175	175	122	122	4632	1837	3956	1548	1.0000000000000004	0.9999999999999961	0.8540587219343696	0.8426782798040284	0.9609508713707909	0.7255254518068492	0.0039836735	0.8483494177821316	0.8399912195016117	0.029899136481913405	0.01589669747059448	0.08004451569103631	0.005614547108482907	0.5350877193	0.9796390662070877	.	.
col_ccp6_LN_bulk_3_1_1_top175.clonotypes.IGHG	col_ccp6_PBMC_bulk_1_1_1_top175.clonotypes.IGHG	175	175	7	7	4632	1131	444	55	1.0000000000000004	1.0000000000000004	0.09585492227979273	0.048629531388152084	0.9486429251381168	0.21869176243407476	2.285714E-4	0.06827429934985828	0.06602856379431464	0.2314795687246727	0.13211600347771282	0.42860802705215967	0.16568595158117905	0.0204081633	0.7239107141995742	.	.
col_ccp6_LN_bulk_3_1_1_top175.clonotypes.IGHG	col_ccp6_PBMC_bulk_1_1_2_top175.clonotypes.IGHG	175	175	6	6	4632	796	404	48	1.0000000000000004	0.9999999999999988	0.08721934369602763	0.06030150753768844	0.7763835350552911	-0.0882352941176472	1.959184E-4	0.07252212015184228	0.0658511806136023	0.21433446436033923	0.12618992219981107	0.4086628325410258	0.11454885448788933	0.0174418605	0.7311928613462592	.	.
col_ccp6_LN_bulk_3_1_1_top175.clonotypes.IGHG	col_ccp6_tum_bulk_1_1_1_top175.clonotypes.IGHG	175	175	10	10	4632	2046	226	135	1.0000000000000004	0.9999999999999992	0.048791018998272886	0.06598240469208211	0.1617614335093031	0.6768292682926829	3.26530612E-4	0.056739305255555504	0.051385512910340596	0.17859620088880912	0.10090730005780066	0.35306084551246386	0.13049363727773222	0.0294117647	0.5314387887074535	.	.
col_ccp6_LN_bulk_3_1_1_top175.clonotypes.IGHG	col_ccp6_tum_bulk_1_1_2_top175.clonotypes.IGHG	175	175	13	13	4632	1940	347	162	1.0000000000000004	0.9999999999999987	0.07491364421416236	0.08350515463917525	0.0823596960247334	0.5712312788005722	4.24489796E-4	0.07909282802307542	0.06728159503261562	0.18084471090971058	0.10504208674120427	0.35080367363553777	0.13100402717059884	0.0385756677	0.4501721544431232	.	.
col_ccp6_LN_bulk_3_1_1_top175.clonotypes.IGHG	col_ccp6_tum_bulk_1_2_1_top175.clonotypes.IGHG	175	175	10	10	4632	1455	455	111	1.0000000000000004	0.9999999999999987	0.09822970639032816	0.07628865979381444	0.11673280617792628	0.5247313482200945	3.26530612E-4	0.08656681034009527	0.07377267926517231	0.1787587840019416	0.09409098703440515	0.4345970487080445	0.12502732941168926	0.0294117647	0.5017314452418737	.	.
col_ccp6_LN_bulk_3_1_1_top175.clonotypes.IGHG	col_ccp6_tum_bulk_1_2_2_top175.clonotypes.IGHG	175	175	11	11	4632	1142	525	98	1.0000000000000004	0.9999999999999993	0.1133419689119171	0.08581436077057794	-0.22839404188036141	-0.1524286008082367	3.591837E-4	0.0986223535039338	0.08225035970004732	0.13744240099428393	0.0731485759032647	0.41462979034210035	0.12309138787593478	0.0324483776	0.4683172529698356	.	.
col_ccp6_LN_bulk_3_1_1_top175.clonotypes.IGHG	col_ccp6_tum_bulk_1_3_1_top175.clonotypes.IGHG	175	175	14	14	4632	2085	295	187	1.0000000000000004	1.000000000000001	0.0636873920552677	0.0896882494004796	-0.2811298915924231	-0.04073065399812726	4.571429E-4	0.0755778453140798	0.06706890226719449	0.13109344701734704	0.08816578448271535	0.37330847460360655	0.08663471130955433	0.0416666667	0.5730920056576718	.	.
col_ccp6_LN_bulk_3_1_1_top175.clonotypes.IGHG	col_ccp6_tum_bulk_1_3_2_top175.clonotypes.IGHG	175	175	14	14	4632	1382	291	118	1.0000000000000004	0.9999999999999986	0.06282383419689118	0.085383502170767	-0.11094633811074411	-0.05417983527371388	4.571429E-4	0.0732401459824198	0.06885482607547985	0.12466571595463226	0.08395878227989995	0.3860790699780788	0.10754031628867534	0.0416666667	0.7452783453706915	.	.
col_ccp6_LN_bulk_3_1_2_top175.clonotypes.IGHG	col_ccp6_PBMC_bulk_1_1_1_top175.clonotypes.IGHG	175	175	8	8	1837	1131	177	59	0.9999999999999961	1.0000000000000004	0.09635274904735983	0.052166224580017684	0.9699197082248964	0.30185171497164853	2.612245E-4	0.07089682042028865	0.06919160218381755	0.23195566218136465	0.1296192890876524	0.4042934687753819	0.15347360815993197	0.0233918129	0.7451185027859518	.	.
col_ccp6_LN_bulk_3_1_2_top175.clonotypes.IGHG	col_ccp6_PBMC_bulk_1_1_2_top175.clonotypes.IGHG	175	175	6	6	1837	796	158	48	0.9999999999999961	0.9999999999999988	0.08600979858464888	0.06030150753768844	0.7732351580360238	-0.11595420713048947	1.959184E-4	0.0720175014678187	0.06519629425964842	0.2262281694263543	0.12997247901678205	0.4143660698187307	0.1012485127844765	0.0174418605	0.7366964397204597	.	.
col_ccp6_LN_bulk_3_1_2_top175.clonotypes.IGHG	col_ccp6_tum_bulk_1_1_1_top175.clonotypes.IGHG	175	175	11	11	1837	2046	88	140	0.9999999999999961	0.9999999999999992	0.04790419161676646	0.06842619745845553	0.011869274684997343	0.29257002748936056	3.591837E-4	0.0572529621474431	0.05074062129799783	0.1827973507513634	0.10219357641242215	0.3632477163590142	0.12438458357249157	0.0324483776	0.4628996141337972	.	.
col_ccp6_LN_bulk_3_1_2_top175.clonotypes.IGHG	col_ccp6_tum_bulk_1_1_2_top175.clonotypes.IGHG	175	175	11	11	1837	1940	120	157	0.9999999999999961	0.9999999999999987	0.065323897659227	0.0809278350515464	-0.07040415001412233	0.04492039593673483	3.591837E-4	0.072708470034034	0.05956333521113198	0.18732203986671297	0.10731559710108683	0.35582846745938884	0.1242419248666208	0.0324483776	0.38729360044023564	.	.
col_ccp6_LN_bulk_3_1_2_top175.clonotypes.IGHG	col_ccp6_tum_bulk_1_2_1_top175.clonotypes.IGHG	175	175	8	8	1837	1455	161	105	0.9999999999999961	0.9999999999999987	0.08764289602612957	0.07216494845360824	-0.0222268076333784	0.19635227746952646	2.612245E-4	0.07952826588107266	0.06552536182227293	0.21554447912710611	0.11480530129033617	0.4627247647512261	0.12480217409628205	0.0233918129	0.4610346617318764	.	.
col_ccp6_LN_bulk_3_1_2_top175.clonotypes.IGHG	col_ccp6_tum_bulk_1_2_2_top175.clonotypes.IGHG	175	175	9	9	1837	1142	183	88	0.9999999999999961	0.9999999999999993	0.09961894393032117	0.07705779334500876	-0.37025804850973537	-0.5106799122361467	2.938776E-4	0.08761515847517884	0.07139972290110935	0.1584202245453091	0.08439401036741534	0.45183502415966414	0.12555812337277913	0.0263929619	0.43954836647065887	.	.
col_ccp6_LN_bulk_3_1_2_top175.clonotypes.IGHG	col_ccp6_tum_bulk_1_3_1_top175.clonotypes.IGHG	175	175	13	13	1837	2085	113	154	0.9999999999999961	1.000000000000001	0.06151333696243876	0.0738609112709832	-0.2731417836021243	-0.025353017977526617	4.24489796E-4	0.06740497847610948	0.062320075502926925	0.1292693031977077	0.08622953374070363	0.3788295771355497	0.08342521727736237	0.0385756677	0.7055839323663682	.	.
col_ccp6_LN_bulk_3_1_2_top175.clonotypes.IGHG	col_ccp6_tum_bulk_1_3_2_top175.clonotypes.IGHG	175	175	13	13	1837	1382	112	110	0.9999999999999961	0.9999999999999986	0.06096897114861188	0.07959479015918958	-0.014483988778637536	0.1893424895006851	4.24489796E-4	0.0696621307798968	0.06581209876349853	0.12019911214035432	0.0788247580586981	0.3859661261640662	0.10636605439838571	0.0385756677	0.7519523472377567	.	.
col_ccp6_PBMC_bulk_1_1_1_top175.clonotypes.IGHG	col_ccp6_PBMC_bulk_1_1_2_top175.clonotypes.IGHG	175	175	43	43	1131	796	605	416	1.0000000000000004	0.9999999999999988	0.534924845269673	0.5226130653266332	0.8912955086670084	0.6579452973726092	0.0014040816	0.5287331208707837	0.5118898137246414	0.07901152717117053	0.04668419714591962	0.17656746213251848	0.0231292736526676	0.1400651466	0.9230095249354404	.	.
col_ccp6_PBMC_bulk_1_1_1_top175.clonotypes.IGHG	col_ccp6_tum_bulk_1_1_1_top175.clonotypes.IGHG	175	175	1	1	1131	2046	25	9	1.0000000000000004	0.9999999999999992	0.022104332449160036	0.004398826979472141	0.0	0.0	3.26531E-5	0.009860686281420106	0.009860686281420106	0.15662341745005606	0.09713003067698747	0.41582104161058164	0.07595519654971442	0.0028653295	0.38284439728360364	.	.
col_ccp6_PBMC_bulk_1_1_1_top175.clonotypes.IGHG	col_ccp6_tum_bulk_1_1_2_top175.clonotypes.IGHG	175	175	1	1	1131	1940	25	7	1.0000000000000004	0.9999999999999987	0.022104332449160036	0.0036082474226804126	0.0	0.0	3.26531E-5	0.008930727886894366	0.008930727886894366	0.16293750667877505	0.10007810781193456	0.4076480512127507	0.08157846753551763	0.0028653295	0.31800066805196936	.	.
col_ccp6_PBMC_bulk_1_1_1_top175.clonotypes.IGHG	col_ccp6_tum_bulk_1_2_1_top175.clonotypes.IGHG	175	175	1	1	1131	1455	25	8	1.0000000000000004	0.9999999999999987	0.022104332449160036	0.005498281786941581	0.0	0.0	3.26531E-5	0.0110243298443814	0.0110243298443814	0.2232443638783186	0.14273214465096923	0.4762647836370263	0.09751982985539365	0.0028653295	0.4684973336526514	.	.
col_ccp6_PBMC_bulk_1_1_1_top175.clonotypes.IGHG	col_ccp6_tum_bulk_1_2_2_top175.clonotypes.IGHG	175	175	1	1	1131	1142	33	3	1.0000000000000004	0.9999999999999993	0.029177718832891247	0.002626970227670753	0.0	0.0	3.26531E-5	0.008754941386745747	0.008754941386745747	0.23127643227999242	0.1437326349878928	0.48048284529472124	0.09362216229941338	0.0028653295	0.17861897944409585	.	.
col_ccp6_PBMC_bulk_1_1_1_top175.clonotypes.IGHG	col_ccp6_tum_bulk_1_3_1_top175.clonotypes.IGHG	175	175	2	2	1131	2085	44	27	1.0000000000000004	1.000000000000001	0.038903625110521665	0.012949640287769786	0.0	0.0	6.53061E-5	0.02244522111879283	0.021970068305435547	0.13987134267704368	0.09393375280992185	0.3885298075172959	0.06877312082395924	0.0057471264	0.5158797167338318	.	.
col_ccp6_PBMC_bulk_1_1_1_top175.clonotypes.IGHG	col_ccp6_tum_bulk_1_3_2_top175.clonotypes.IGHG	175	175	4	4	1131	1382	73	32	1.0000000000000004	0.9999999999999986	0.0645446507515473	0.023154848046309694	0.2519298209548581	0.0	1.306122E-4	0.0386590426725004	0.036068537855251576	0.14536423185487035	0.08962075172249967	0.40568274383749925	0.06809439749243963	0.0115606936	0.5401152927597884	.	.
col_ccp6_PBMC_bulk_1_1_2_top175.clonotypes.IGHG	col_ccp6_tum_bulk_1_1_1_top175.clonotypes.IGHG	175	175	1	1	796	2046	18	9	0.9999999999999988	0.9999999999999992	0.022613065326633167	0.004398826979472141	0.0	0.0	3.26531E-5	0.009973513014347552	0.009973513014347552	0.14895132564008923	0.09500876651649845	0.3711095672972298	0.08920135530969708	0.0028653295	0.3748667286604735	.	.
col_ccp6_PBMC_bulk_1_1_2_top175.clonotypes.IGHG	col_ccp6_tum_bulk_1_1_2_top175.clonotypes.IGHG	175	175	1	1	796	1940	18	7	0.9999999999999988	0.9999999999999987	0.022613065326633167	0.0036082474226804126	0.0	0.0	3.26531E-5	0.009032913964149548	0.009032913964149548	0.15119683052294655	0.09605491110876713	0.38718203754835584	0.09445569535866555	0.0028653295	0.31120585760182845	.	.
col_ccp6_PBMC_bulk_1_1_2_top175.clonotypes.IGHG	col_ccp6_tum_bulk_1_2_1_top175.clonotypes.IGHG	175	175	1	1	796	1455	18	8	0.9999999999999988	0.9999999999999987	0.022613065326633167	0.005498281786941581	0.0	0.0	3.26531E-5	0.011150471076701078	0.011150471076701078	0.22106108942232028	0.14387849071963615	0.45286445971447004	0.1117262632296744	0.0028653295	0.45914762736179804	.	.
col_ccp6_PBMC_bulk_1_1_2_top175.clonotypes.IGHG	col_ccp6_tum_bulk_1_2_2_top175.clonotypes.IGHG	175	175	1	1	796	1142	25	3	0.9999999999999988	0.9999999999999993	0.031407035175879394	0.002626970227670753	0.0	0.0	3.26531E-5	0.009083245364210044	0.009083245364210044	0.23056656176713267	0.14645861436693486	0.4576406908952192	0.11040746775398252	0.0028653295	0.16612324814124804	.	.
col_ccp6_PBMC_bulk_1_1_2_top175.clonotypes.IGHG	col_ccp6_tum_bulk_1_3_1_top175.clonotypes.IGHG	175	175	2	2	796	2085	30	27	0.9999999999999988	1.000000000000001	0.03768844221105527	0.012949640287769786	0.0	0.0	6.53061E-5	0.022091893754034867	0.021044281669119397	0.12426660946676814	0.08267938080195039	0.3703647483661581	0.0624301461315701	0.0057471264	0.4719411467705851	.	.
col_ccp6_PBMC_bulk_1_1_2_top175.clonotypes.IGHG	col_ccp6_tum_bulk_1_3_2_top175.clonotypes.IGHG	175	175	4	4	796	1382	45	32	0.9999999999999988	0.9999999999999986	0.05653266331658291	0.023154848046309694	0.2754279990647916	-0.0	1.306122E-4	0.036180177290177334	0.0325641902994043	0.13290265118025296	0.0843846503435576	0.3905779684439804	0.06753592609216504	0.0115606936	0.5078128555864184	.	.
col_ccp6_tum_bulk_1_1_1_top175.clonotypes.IGHG	col_ccp6_tum_bulk_1_1_2_top175.clonotypes.IGHG	175	175	125	125	2046	1940	1824	1742	0.9999999999999992	0.9999999999999987	0.89149560117302	0.8979381443298955	0.9598730179697111	0.7568519116555514	0.0040816327	0.8947110739202718	0.8821217126701746	0.023445044956757796	0.01274558525340668	0.06045729372139431	0.006003974565310005	0.5555555556	0.9736503023601385	.	.
col_ccp6_tum_bulk_1_1_1_top175.clonotypes.IGHG	col_ccp6_tum_bulk_1_2_1_top175.clonotypes.IGHG	175	175	12	12	2046	1455	345	249	0.9999999999999992	0.9999999999999987	0.16862170087976538	0.1711340206185567	0.025293908600800146	0.23817899923503807	3.918367E-4	0.16987321635588662	0.14865902904779646	0.12241288274156892	0.07063498206539812	0.3046438201399176	0.06564746355036974	0.0355029586	0.6456637246190657	.	.
col_ccp6_tum_bulk_1_1_1_top175.clonotypes.IGHG	col_ccp6_tum_bulk_1_2_2_top175.clonotypes.IGHG	175	175	13	13	2046	1142	310	155	0.9999999999999992	0.9999999999999993	0.1515151515151515	0.13572679509632227	0.34419136869386985	0.6731092109477581	4.24489796E-4	0.1434038560279506	0.1338471230278904	0.11969426862486907	0.06697570037494827	0.311859216983283	0.055548931846623996	0.0385756677	0.740350723623933	.	.
col_ccp6_tum_bulk_1_1_1_top175.clonotypes.IGHG	col_ccp6_tum_bulk_1_3_1_top175.clonotypes.IGHG	175	175	15	15	2046	2085	231	273	0.9999999999999992	1.000000000000001	0.11290322580645161	0.13093525179856114	0.7329729953224646	-0.05296229802513441	4.897959E-4	0.12158541154200017	0.11286877199654306	0.1039770266363118	0.07222746294821905	0.3349441181657906	0.10091321691289708	0.0447761194	0.8433964520730439	.	.
col_ccp6_tum_bulk_1_1_1_top175.clonotypes.IGHG	col_ccp6_tum_bulk_1_3_2_top175.clonotypes.IGHG	175	175	14	14	2046	1382	339	166	0.9999999999999992	0.9999999999999986	0.16568914956011727	0.12011577424023154	0.1092898294500355	0.00883982757465671	4.571429E-4	0.1410740248331315	0.11742621996479603	0.11400449884255068	0.07410560486537167	0.3357406473239749	0.0980543674594616	0.0416666667	0.446128966153458	.	.
col_ccp6_tum_bulk_1_1_2_top175.clonotypes.IGHG	col_ccp6_tum_bulk_1_2_1_top175.clonotypes.IGHG	175	175	13	13	1940	1455	344	253	0.9999999999999987	0.9999999999999987	0.17731958762886596	0.17388316151202748	0.06512984285613918	0.09931043929653892	4.24489796E-4	0.17559296823881135	0.14690254651628368	0.1279299417876452	0.07774986549398695	0.3009175195249989	0.0743507792475851	0.0385756677	0.5883288680509042	.	.
col_ccp6_tum_bulk_1_1_2_top175.clonotypes.IGHG	col_ccp6_tum_bulk_1_2_2_top175.clonotypes.IGHG	175	175	15	15	1940	1142	295	161	0.9999999999999987	0.9999999999999993	0.15206185567010308	0.14098073555166377	0.347077867518713	0.4515853746957931	4.897959E-4	0.1464165026959805	0.1319094338482134	0.13207185283029146	0.07702080922412767	0.3042956989024124	0.06226025167721717	0.0447761194	0.6602436310837655	.	.
col_ccp6_tum_bulk_1_1_2_top175.clonotypes.IGHG	col_ccp6_tum_bulk_1_3_1_top175.clonotypes.IGHG	175	175	15	15	1940	2085	261	278	0.9999999999999987	1.000000000000001	0.1345360824742268	0.1333333333333333	0.6847879734314288	-0.18615138022024377	4.897959E-4	0.13393335779370613	0.12232770046673402	0.10788720461384967	0.0802989446879114	0.322248017672498	0.10990154606372882	0.0447761194	0.8436675876696507	.	.
col_ccp6_tum_bulk_1_1_2_top175.clonotypes.IGHG	col_ccp6_tum_bulk_1_3_2_top175.clonotypes.IGHG	175	175	15	15	1940	1382	369	180	0.9999999999999987	0.9999999999999986	0.1902061855670103	0.13024602026049203	0.14307093018209616	0.027002711208315214	4.897959E-4	0.1573963109447986	0.13098572709284334	0.12120578513760807	0.08276430236516331	0.32331233252009745	0.10852357405536331	0.0447761194	0.4499102898618361	.	.
col_ccp6_tum_bulk_1_2_1_top175.clonotypes.IGHG	col_ccp6_tum_bulk_1_2_2_top175.clonotypes.IGHG	175	175	128	128	1455	1142	1289	1009	0.9999999999999987	0.9999999999999993	0.8859106529209612	0.8835376532399299	0.7827744670872886	0.7031688504077255	0.0041795918	0.884723357475115	0.860463561526634	0.047449261729504776	0.024487095393141072	0.10568391827540313	0.00796395508733573	0.5765765766	0.9146864862689773	.	.
col_ccp6_tum_bulk_1_2_1_top175.clonotypes.IGHG	col_ccp6_tum_bulk_1_3_1_top175.clonotypes.IGHG	175	175	7	7	1455	2085	83	136	0.9999999999999987	1.000000000000001	0.0570446735395189	0.06522781774580336	-0.31144089252488	-0.7454545454545455	2.285714E-4	0.060999176789564874	0.03848651558941506	0.15248499149605182	0.10106626309679131	0.3554654137930431	0.05775978918223142	0.0204081633	0.16545386614642568	.	.
col_ccp6_tum_bulk_1_2_1_top175.clonotypes.IGHG	col_ccp6_tum_bulk_1_3_2_top175.clonotypes.IGHG	175	175	8	8	1455	1382	92	96	0.9999999999999987	0.9999999999999986	0.06323024054982818	0.0694645441389291	-0.24578023839948782	-0.5030030300035687	2.612245E-4	0.06627412644153556	0.0476643573179064	0.16100875002541576	0.10625113392353297	0.3675016009237337	0.0527204607277828	0.0233918129	0.29305989763492973	.	.
col_ccp6_tum_bulk_1_2_2_top175.clonotypes.IGHG	col_ccp6_tum_bulk_1_3_1_top175.clonotypes.IGHG	175	175	7	7	1142	2085	50	68	0.9999999999999993	1.000000000000001	0.043782837127845885	0.03261390887290168	-0.681906846326414	-0.9174698042719672	2.285714E-4	0.03778795390444767	0.03211591141457211	0.13390662655013258	0.0918353033050844	0.33184861549267913	0.051098478555306484	0.0204081633	0.4814571522547843	.	.
col_ccp6_tum_bulk_1_2_2_top175.clonotypes.IGHG	col_ccp6_tum_bulk_1_3_2_top175.clonotypes.IGHG	175	175	7	7	1142	1382	41	61	0.9999999999999993	0.9999999999999986	0.03590192644483363	0.04413892908827785	-0.11388856743496274	-0.37037037037037046	2.285714E-4	0.03980794626052792	0.03462890236956093	0.1391523121188425	0.09350917999389158	0.3404278741451295	0.043700087907662534	0.0204081633	0.5821022020992994	.	.
col_ccp6_tum_bulk_1_3_1_top175.clonotypes.IGHG	col_ccp6_tum_bulk_1_3_2_top175.clonotypes.IGHG	175	175	145	145	2085	1382	1937	1288	1.000000000000001	0.9999999999999986	0.9290167865707437	0.9319826338639647	0.8961378371596718	0.7161319147952847	0.0047346939	0.9304985285598459	0.9128192473720731	0.018339674354172292	0.01107273211519069	0.03887496835176664	0.004364790167376032	0.7073170732	0.9500866461845722	.	.
