1_sample_id	2_sample_id	div1	div2	div12	div21	count1	count2	count12	count21	freq1	freq2	freq12	freq21	R	Rs	D	F	F2	vJSD	vjJSD	vj2JSD	sJSD	Jaccard	MorisitaHorn	1_metadata_blank	2_metadata_blank
lun_lcp3_LN_bulk_1_1_1_top78.clonotypes.IGH	lun_lcp3_LN_bulk_1_1_2_top78.clonotypes.IGH	78	78	18	18	7707	4041	2387	1474	0.9999999999999997	1.0	0.30971843778383285	0.36476119772333576	0.40383858169528414	0.39979360176137885	0.0029585799	0.3361149629561756	0.32390916144697385	0.14461727210274652	0.0833970008988773	0.3189728963154114	0.06243573879224365	0.1304347826	0.8538117449439176	.	.
lun_lcp3_LN_bulk_1_1_1_top78.clonotypes.IGH	lun_lcp3_LN_bulk_1_2_1_top78.clonotypes.IGH	78	78	8	8	7707	7922	1367	2669	0.9999999999999997	0.9999999999999998	0.17737122096795124	0.3369098712446352	0.6012343568320883	0.6946232319096902	0.0013149244	0.24445473040793503	0.22407510693575422	0.1603073406866577	0.10731263403586618	0.3820838251083126	0.08520895765879981	0.0540540541	0.5247760083820847	.	.
lun_lcp3_LN_bulk_1_1_1_top78.clonotypes.IGH	lun_lcp3_LN_bulk_1_2_2_top78.clonotypes.IGH	78	78	8	8	7707	5242	1316	1632	0.9999999999999997	1.0000000000000002	0.17075386012715715	0.31133155284242653	0.6254564643691445	0.5476190476190476	0.0013149244	0.23056683288631594	0.2104802841405069	0.1763745143986189	0.11139217004344613	0.45042660332996454	0.09194875361600402	0.0540540541	0.5261728688468874	.	.
lun_lcp3_LN_bulk_1_1_1_top78.clonotypes.IGH	lun_lcp3_LN_bulk_1_3_1_top78.clonotypes.IGH	78	78	21	21	7707	5123	2530	2269	0.9999999999999997	0.9999999999999996	0.3282729985727261	0.44290454811633806	0.5424970868359319	0.7197660819208058	0.0034516765	0.3813051325272826	0.36066074796963515	0.19276494016625703	0.1180766254107826	0.3593414478538518	0.04966653165363418	0.1555555556	0.6674790886932737	.	.
lun_lcp3_LN_bulk_1_1_1_top78.clonotypes.IGH	lun_lcp3_LN_bulk_1_3_2_top78.clonotypes.IGH	78	78	19	19	7707	3779	2292	1871	0.9999999999999997	1.0000000000000004	0.29739198131568706	0.4951045250066155	0.6482616665908558	0.4191565765937906	0.0031229454	0.38371879762409283	0.35809781763204007	0.2155962454478434	0.12042385899863482	0.3593255577537559	0.09871673181427276	0.1386861314	0.5191564627495893	.	.
lun_lcp3_LN_bulk_1_1_1_top78.clonotypes.IGH	lun_lcp3_norm_bulk_1_1_1_top78.clonotypes.IGH	78	78	4	4	7707	3305	411	170	0.9999999999999997	0.9999999999999983	0.053328143246399375	0.05143721633888049	0.35181058084926353	0.8	6.574622E-4	0.05237414668627884	0.0507531273321034	0.22502760640530814	0.14222746102866696	0.46501868834632487	0.09714636108581212	0.0263157895	0.8719267292953045	.	.
lun_lcp3_LN_bulk_1_1_1_top78.clonotypes.IGH	lun_lcp3_norm_bulk_1_1_2_top78.clonotypes.IGH	78	78	5	5	7707	802	835	68	0.9999999999999997	0.9999999999999999	0.1083430647463345	0.08478802992518703	-0.3190664260496699	-0.05129891760425807	8.218277E-4	0.0958446399956653	0.09022996398502507	0.17547271533191602	0.10092279675703454	0.4850744511019883	0.08607794289086088	0.0331125828	0.7423484540845684	.	.
lun_lcp3_LN_bulk_1_1_1_top78.clonotypes.IGH	lun_lcp3_norm_bulk_1_2_1_top78.clonotypes.IGH	78	78	7	7	7707	5490	1250	406	0.9999999999999997	1.0000000000000004	0.1621902166861295	0.07395264116575592	0.7480828253784728	0.5	0.0011505588	0.10951892482665056	0.10795867597178813	0.1953118582232676	0.12494443235943264	0.4136395677127446	0.08722408838630653	0.0469798658	0.7362033218642536	.	.
lun_lcp3_LN_bulk_1_1_1_top78.clonotypes.IGH	lun_lcp3_norm_bulk_1_2_2_top78.clonotypes.IGH	78	78	4	4	7707	5976	717	236	0.9999999999999997	0.9999999999999992	0.09303230829116388	0.03949129852744311	0.80147265519081	0.8	6.574622E-4	0.060613254816281506	0.0598167931768032	0.18129453277634852	0.11216325693186892	0.46456721257601064	0.05885253763424365	0.0263157895	0.679318898206766	.	.
lun_lcp3_LN_bulk_1_1_1_top78.clonotypes.IGH	lun_lcp3_norm_bulk_1_3_1_top78.clonotypes.IGH	78	78	1	1	7707	251	200	2	0.9999999999999997	0.9999999999999993	0.02595043466978072	0.00796812749003984	0.0	0.0	1.643655E-4	0.014379720855105731	0.014379720855105731	0.18105433129273404	0.10831518995902387	0.45011666588647653	0.1370589262380617	0.0064516129	0.5611937847258248	.	.
lun_lcp3_LN_bulk_1_1_1_top78.clonotypes.IGH	lun_lcp3_norm_bulk_1_3_2_top78.clonotypes.IGH	78	78	4	4	7707	8151	490	612	0.9999999999999997	0.9999999999999999	0.06357856494096276	0.07508281192491718	0.06577598097555003	0.8	6.574622E-4	0.06909165965526114	0.06426706849754128	0.27060854534854895	0.17210936848480576	0.5406846886644583	0.08675801217454168	0.0263157895	0.7066495073352479	.	.
lun_lcp3_LN_bulk_1_1_1_top78.clonotypes.IGH	lun_lcp3_PBMC_bulk_1_1_1_top78.clonotypes.IGH	78	78	0	0	7707	43369	0	0	0.9999999999999997	1.0	0.0	0.0	0.0	0.0	0.0	0.0	0.0	0.23951906629438272	0.13873488146238563	0.5119846006039269	0.15135321100068347	0.0	NaN	.	.
lun_lcp3_LN_bulk_1_1_1_top78.clonotypes.IGH	lun_lcp3_PBMC_bulk_1_1_2_top78.clonotypes.IGH	78	78	2	2	7707	32487	514	1568	0.9999999999999997	0.9999999999999998	0.06669261710133645	0.04826546003016591	0.0	0.0	3.287311E-4	0.05673578980689097	0.054709853875871656	0.19352842183297142	0.1113366334386459	0.39546065850120127	0.09062318874662013	0.012987013	0.8307385955872026	.	.
lun_lcp3_LN_bulk_1_1_1_top78.clonotypes.IGH	lun_lcp3_tum_bulk_1_1_1_top78.clonotypes.IGH	78	78	4	4	7707	2160	671	277	0.9999999999999997	0.9999999999999991	0.08706370831711432	0.12824074074074074	0.9974233260425441	1.0	6.574622E-4	0.10566510514934688	0.10462522237579111	0.3176497926154377	0.1707189706099497	0.5602919056559248	0.1645281898265762	0.0263157895	0.8918797928001947	.	.
lun_lcp3_LN_bulk_1_1_1_top78.clonotypes.IGH	lun_lcp3_tum_bulk_1_1_2_top78.clonotypes.IGH	78	78	3	3	7707	5574	606	837	0.9999999999999997	0.9999999999999993	0.07862981704943559	0.15016146393972013	0.8684071995527594	0.5	4.930966E-4	0.108660795310248	0.10482765187884899	0.3587308104888292	0.1875767984003289	0.5591040432340998	0.16853619379220094	0.0196078431	0.6729748777783292	.	.
lun_lcp3_LN_bulk_1_1_1_top78.clonotypes.IGH	lun_lcp3_tum_bulk_1_2_1_top78.clonotypes.IGH	78	78	2	2	7707	7988	514	717	0.9999999999999997	1.0	0.06669261710133645	0.08975963945918879	0.0	0.0	3.287311E-4	0.07737121729432521	0.07232056889847763	0.3714986052605688	0.2061365473992623	0.6298117575238565	0.1493198312710646	0.012987013	0.7835032118448303	.	.
lun_lcp3_LN_bulk_1_1_1_top78.clonotypes.IGH	lun_lcp3_tum_bulk_1_2_2_top78.clonotypes.IGH	78	78	2	2	7707	5420	514	694	0.9999999999999997	0.9999999999999991	0.06669261710133645	0.12804428044280444	0.0	0.0	3.287311E-4	0.0924100003656969	0.08327496557658093	0.346242345718195	0.19741791332873782	0.5619200238026905	0.1782970643522088	0.012987013	0.5973913063840055	.	.
lun_lcp3_LN_bulk_1_1_2_top78.clonotypes.IGH	lun_lcp3_LN_bulk_1_2_1_top78.clonotypes.IGH	78	78	8	8	4041	7922	588	2654	1.0	0.9999999999999998	0.14550853749072012	0.33501640999747534	0.9640127818254717	0.47619047619047605	0.0013149244	0.22078892149318566	0.21209539127716487	0.11806749457489477	0.07162655636995115	0.33195561151910846	0.11277320806948832	0.0540540541	0.6013268659022417	.	.
lun_lcp3_LN_bulk_1_1_2_top78.clonotypes.IGH	lun_lcp3_LN_bulk_1_2_2_top78.clonotypes.IGH	78	78	9	9	4041	5242	713	1643	1.0	1.0000000000000002	0.17644147488245482	0.31342998855398707	0.9547234552098858	0.8786687791935092	0.0014792899	0.23516387786574794	0.22508029499947071	0.15988082811248944	0.08436158188283119	0.3195380283048593	0.08084242331722345	0.0612244898	0.6538315350562687	.	.
lun_lcp3_LN_bulk_1_1_2_top78.clonotypes.IGH	lun_lcp3_LN_bulk_1_3_1_top78.clonotypes.IGH	78	78	26	26	4041	5123	1700	2532	1.0	0.9999999999999996	0.42068794852759217	0.4942416552801093	0.7511840327453926	0.5770744310290492	0.0042735043	0.45598410941245593	0.4373117123038677	0.13527454954349033	0.07107165220878153	0.26940281523572235	0.02348253442704964	0.2	0.791649224598426	.	.
lun_lcp3_LN_bulk_1_1_2_top78.clonotypes.IGH	lun_lcp3_LN_bulk_1_3_2_top78.clonotypes.IGH	78	78	23	23	4041	3779	1649	1963	1.0	1.0000000000000004	0.4080673100717644	0.5194495898385817	0.7878599555473753	0.4841584158415845	0.0037804076	0.46040242923263486	0.43209516658263336	0.20315291678869793	0.10585359161473433	0.3461950482319235	0.062086155097850336	0.1729323308	0.6511852940622888	.	.
lun_lcp3_LN_bulk_1_1_2_top78.clonotypes.IGH	lun_lcp3_norm_bulk_1_1_1_top78.clonotypes.IGH	78	78	3	3	4041	3305	172	167	1.0	0.9999999999999983	0.04256372185102698	0.05052950075642965	0.9698222776915398	1.0	4.930966E-4	0.046375894767302646	0.04630191622085112	0.19334589585234405	0.11641132137559132	0.3997261465038533	0.11543708893062322	0.0196078431	0.9744405372919954	.	.
lun_lcp3_LN_bulk_1_1_2_top78.clonotypes.IGH	lun_lcp3_norm_bulk_1_1_2_top78.clonotypes.IGH	78	78	3	3	4041	802	239	32	1.0	0.9999999999999999	0.05914377629299678	0.0399002493765586	-0.8592345816656876	-0.8660254037844386	4.930966E-4	0.04857830197899023	0.04679896501005018	0.21033183936604036	0.11543025371081156	0.4480456820639924	0.09606998793276254	0.0196078431	0.7889585622479751	.	.
lun_lcp3_LN_bulk_1_1_2_top78.clonotypes.IGH	lun_lcp3_norm_bulk_1_2_1_top78.clonotypes.IGH	78	78	7	7	4041	5490	531	424	1.0	1.0000000000000004	0.13140311804008906	0.07723132969034609	0.5011657889088261	0.6428571428571428	0.0011505588	0.10073945369959865	0.09775296396502973	0.20182383004121243	0.12061636102470158	0.3907449871527875	0.10697929803336831	0.0469798658	0.7804995411391309	.	.
lun_lcp3_LN_bulk_1_1_2_top78.clonotypes.IGH	lun_lcp3_norm_bulk_1_2_2_top78.clonotypes.IGH	78	78	6	6	4041	5976	439	431	1.0	0.9999999999999992	0.10863647611977234	0.07212182061579651	0.14398255681788907	0.3142857142857142	9.861933E-4	0.08851587678514224	0.08532886779818322	0.20477691327749575	0.12359063529127143	0.44276155550305796	0.07240542432127564	0.04	0.8069518176386321	.	.
lun_lcp3_LN_bulk_1_1_2_top78.clonotypes.IGH	lun_lcp3_norm_bulk_1_3_1_top78.clonotypes.IGH	78	78	4	4	4041	251	130	17	1.0	0.9999999999999993	0.032170254887404104	0.06772908366533864	-0.3216337604513381	-0.25819888974716126	6.574622E-4	0.046678280653900076	0.042511786899475164	0.11084510204463027	0.06475176573518333	0.41294329989681877	0.16438504665806558	0.0263157895	0.44814393628836013	.	.
lun_lcp3_LN_bulk_1_1_2_top78.clonotypes.IGH	lun_lcp3_norm_bulk_1_3_2_top78.clonotypes.IGH	78	78	4	4	4041	8151	222	758	1.0	0.9999999999999999	0.05493689680772086	0.09299472457367194	0.1975739192448878	0.2000000000000001	6.574622E-4	0.07147616097389561	0.06694945403026556	0.2660941055046929	0.14360124687874	0.5094865484260982	0.1410783636667875	0.0263157895	0.7047250431088	.	.
lun_lcp3_LN_bulk_1_1_2_top78.clonotypes.IGH	lun_lcp3_PBMC_bulk_1_1_1_top78.clonotypes.IGH	78	78	1	1	4041	43369	44	850	1.0	1.0	0.01088839396189062	0.01959925292259448	0.0	0.0	1.643655E-4	0.014608367026466196	0.014608367026466196	0.22615146079411902	0.1298855790861873	0.4780917288300395	0.1893721417748209	0.0064516129	0.8490533128750228	.	.
lun_lcp3_LN_bulk_1_1_2_top78.clonotypes.IGH	lun_lcp3_PBMC_bulk_1_1_2_top78.clonotypes.IGH	78	78	3	3	4041	32487	264	2387	1.0	0.9999999999999998	0.06533036377134373	0.07347554406377936	-0.40179904931869875	-0.5	4.930966E-4	0.06928336035430226	0.06666543000847697	0.2084269759576566	0.10710515501392334	0.4199230462803672	0.12223722028491876	0.0196078431	0.8734738062128672	.	.
lun_lcp3_LN_bulk_1_1_2_top78.clonotypes.IGH	lun_lcp3_tum_bulk_1_1_1_top78.clonotypes.IGH	78	78	4	4	4041	2160	296	644	1.0	0.9999999999999991	0.07324919574362782	0.29814814814814816	-0.3252553350714377	-0.2000000000000001	6.574622E-4	0.1477806214099259	0.12271016350600367	0.2872843744026919	0.15038257792760257	0.5104576218845338	0.1332993881900263	0.0263157895	0.21894545567191256	.	.
lun_lcp3_LN_bulk_1_1_2_top78.clonotypes.IGH	lun_lcp3_tum_bulk_1_1_2_top78.clonotypes.IGH	78	78	4	4	4041	5574	296	1701	1.0	0.9999999999999993	0.07324919574362782	0.3051668460710441	-0.10720647139943393	-0.2000000000000001	6.574622E-4	0.1495099529874966	0.12590621473121338	0.33106935094714973	0.16867165355038885	0.5367470254488993	0.16698054040264626	0.0263157895	0.2507129092605782	.	.
lun_lcp3_LN_bulk_1_1_2_top78.clonotypes.IGH	lun_lcp3_tum_bulk_1_2_1_top78.clonotypes.IGH	78	78	4	4	4041	7988	283	851	1.0	1.0	0.07003217025488741	0.10653480220330495	0.7384018812942382	0.39999999999999997	6.574622E-4	0.08637628960526499	0.07922249238807214	0.312251158056403	0.16309691528693912	0.5329402732096501	0.1464496340244737	0.0263157895	0.6585291907229552	.	.
lun_lcp3_LN_bulk_1_1_2_top78.clonotypes.IGH	lun_lcp3_tum_bulk_1_2_2_top78.clonotypes.IGH	78	78	3	3	4041	5420	249	713	1.0	0.9999999999999991	0.06161841128433557	0.13154981549815498	0.7278897920704925	1.0	4.930966E-4	0.09003271980643357	0.07816755345498645	0.35370581287946096	0.18593799197289423	0.5603327118566521	0.18193646209943562	0.0196078431	0.4724596942750324	.	.
lun_lcp3_LN_bulk_1_2_1_top78.clonotypes.IGH	lun_lcp3_LN_bulk_1_2_2_top78.clonotypes.IGH	78	78	9	9	7922	5242	2462	1711	0.9999999999999998	1.0000000000000002	0.31078010603382983	0.3264021365890881	0.9947905908133547	0.6	0.0014792899	0.3184953541557952	0.31555937482201	0.15045439722170595	0.08136814361584381	0.3471820107750358	0.06886653853316994	0.0612244898	0.9927804332838782	.	.
lun_lcp3_LN_bulk_1_2_1_top78.clonotypes.IGH	lun_lcp3_LN_bulk_1_3_1_top78.clonotypes.IGH	78	78	10	10	7922	5123	2604	1308	0.9999999999999998	0.9999999999999996	0.3287048725069427	0.2553191489361702	0.9767152090142724	0.3212121212121213	0.0016436555	0.28969751172498004	0.2848529919487231	0.217039663142522	0.11846830629780239	0.4349375441660146	0.07730494513974524	0.0684931507	0.9232983615113554	.	.
lun_lcp3_LN_bulk_1_2_1_top78.clonotypes.IGH	lun_lcp3_LN_bulk_1_3_2_top78.clonotypes.IGH	78	78	11	11	7922	3779	2728	1284	0.9999999999999998	1.0000000000000004	0.3443574854834638	0.3397724265678751	0.9796505636982675	0.24601430569223076	0.001808021	0.3420572736392669	0.33684905654821895	0.24265998280699844	0.13242285105407625	0.46063813354128325	0.05509976047519642	0.075862069	0.9855419173944411	.	.
lun_lcp3_LN_bulk_1_2_1_top78.clonotypes.IGH	lun_lcp3_norm_bulk_1_1_1_top78.clonotypes.IGH	78	78	0	0	7922	3305	0	0	0.9999999999999998	0.9999999999999983	0.0	0.0	0.0	0.0	0.0	0.0	0.0	0.16615832274214198	0.10605429361685821	0.4093765592664234	0.19749100948727544	0.0	NaN	.	.
lun_lcp3_LN_bulk_1_2_1_top78.clonotypes.IGH	lun_lcp3_norm_bulk_1_1_2_top78.clonotypes.IGH	78	78	3	3	7922	802	1123	33	0.9999999999999998	0.9999999999999999	0.1417571320373643	0.04114713216957606	-0.6390699788561657	-0.5	4.930966E-4	0.07637342108300159	0.06833087475555595	0.21432642284955833	0.12654010929053083	0.499841031863635	0.18094217274332153	0.0196078431	0.32804164459895724	.	.
lun_lcp3_LN_bulk_1_2_1_top78.clonotypes.IGH	lun_lcp3_norm_bulk_1_2_1_top78.clonotypes.IGH	78	78	3	3	7922	5490	1123	228	0.9999999999999998	1.0000000000000004	0.1417571320373643	0.041530054644808745	0.9916354643782473	1.0	4.930966E-4	0.0767279703876175	0.07518319658752579	0.18905969480998816	0.09876469231938309	0.39563365103494386	0.11093981569148707	0.0196078431	0.46269614172051876	.	.
lun_lcp3_LN_bulk_1_2_1_top78.clonotypes.IGH	lun_lcp3_norm_bulk_1_2_2_top78.clonotypes.IGH	78	78	5	5	7922	5976	1061	372	0.9999999999999998	0.9999999999999992	0.13393082554910374	0.06224899598393575	0.4426027862215593	0.8	8.218277E-4	0.09130749926337572	0.0810550262388869	0.18331600933902523	0.11646574143283953	0.4234068847676937	0.09442493489899327	0.0331125828	0.3933358365562474	.	.
lun_lcp3_LN_bulk_1_2_1_top78.clonotypes.IGH	lun_lcp3_norm_bulk_1_3_1_top78.clonotypes.IGH	78	78	1	1	7922	251	304	2	0.9999999999999998	0.9999999999999993	0.03837414794243878	0.00796812749003984	0.0	0.0	1.643655E-4	0.017486283285106707	0.017486283285106707	0.1286266472097175	0.069557895570747	0.4217656798148099	0.13432008441530302	0.0064516129	0.39812097422189785	.	.
lun_lcp3_LN_bulk_1_2_1_top78.clonotypes.IGH	lun_lcp3_norm_bulk_1_3_2_top78.clonotypes.IGH	78	78	2	2	7922	8151	358	196	0.9999999999999998	0.9999999999999999	0.045190608432214084	0.024046129309287203	0.0	0.0	3.287311E-4	0.032964514465200066	0.03200670565124851	0.23332056047733737	0.14656567754428904	0.5273175835200451	0.1329524408860386	0.012987013	0.711599285606676	.	.
lun_lcp3_LN_bulk_1_2_1_top78.clonotypes.IGH	lun_lcp3_PBMC_bulk_1_1_1_top78.clonotypes.IGH	78	78	1	1	7922	43369	70	417	0.9999999999999998	1.0	0.008836152486745772	0.009615162904378704	0.0	0.0	1.643655E-4	0.00921743161667021	0.00921743161667021	0.25172960332627703	0.15726079306603039	0.49733549210394706	0.14679526874667953	0.0064516129	0.9964413242660082	.	.
lun_lcp3_LN_bulk_1_2_1_top78.clonotypes.IGH	lun_lcp3_PBMC_bulk_1_1_2_top78.clonotypes.IGH	78	78	2	2	7922	32487	865	812	0.9999999999999998	0.9999999999999998	0.1091895985862156	0.02499461322990735	0.0	0.0	3.287311E-4	0.052241284300745296	0.050452494715922586	0.26902465166304923	0.15195882234788952	0.4979356015214419	0.13688993137285704	0.012987013	0.3510948035056001	.	.
lun_lcp3_LN_bulk_1_2_1_top78.clonotypes.IGH	lun_lcp3_tum_bulk_1_1_1_top78.clonotypes.IGH	78	78	7	7	7922	2160	1229	648	0.9999999999999998	0.9999999999999991	0.15513759151729362	0.3	0.19694975786110813	0.6428571428571429	0.0011505588	0.2157342751052509	0.17265902589317544	0.24219547242426598	0.13393097939571533	0.47075650694997223	0.15770628285058702	0.0469798658	0.3727692718299466	.	.
lun_lcp3_LN_bulk_1_2_1_top78.clonotypes.IGH	lun_lcp3_tum_bulk_1_1_2_top78.clonotypes.IGH	78	78	8	8	7922	5574	1348	2036	0.9999999999999998	0.9999999999999993	0.17015905074476143	0.3652673125224255	0.4575082718840401	0.33333333333333354	0.0013149244	0.2493061153820861	0.2164268052485801	0.2953070388862872	0.15546280242966115	0.5268245691825297	0.1587125118111377	0.0540540541	0.5214084394783512	.	.
lun_lcp3_LN_bulk_1_2_1_top78.clonotypes.IGH	lun_lcp3_tum_bulk_1_2_1_top78.clonotypes.IGH	78	78	5	5	7922	7988	1107	1240	0.9999999999999998	1.0	0.13973744004039382	0.15523284927391087	0.886838084529635	0.6000000000000001	8.218277E-4	0.14728150246284363	0.13917302539288284	0.21641569609990205	0.12415448961529503	0.4906214779636536	0.16872444487724053	0.0331125828	0.9284836965934236	.	.
lun_lcp3_LN_bulk_1_2_1_top78.clonotypes.IGH	lun_lcp3_tum_bulk_1_2_2_top78.clonotypes.IGH	78	78	3	3	7922	5420	922	944	0.9999999999999998	0.9999999999999991	0.11638475132542288	0.17416974169741697	0.9840404224693784	1.0	4.930966E-4	0.14237521580621754	0.1404201651579978	0.2596969122003389	0.14962670137706413	0.5197074844126246	0.1794701519885083	0.0196078431	0.9470201110962396	.	.
lun_lcp3_LN_bulk_1_2_2_top78.clonotypes.IGH	lun_lcp3_LN_bulk_1_3_1_top78.clonotypes.IGH	78	78	10	10	5242	5123	1697	1515	1.0000000000000002	0.9999999999999996	0.3237314002289203	0.295725161038454	0.9195417560222524	0.6930123197952734	0.0016436555	0.3094115713186914	0.29957246530290804	0.1821593924275931	0.09213091689368447	0.3994678576298444	0.0671978553054282	0.0684931507	0.923689946421763	.	.
lun_lcp3_LN_bulk_1_2_2_top78.clonotypes.IGH	lun_lcp3_LN_bulk_1_3_2_top78.clonotypes.IGH	78	78	8	8	5242	3779	1605	1194	1.0000000000000002	1.0000000000000004	0.30618084700495996	0.3159566022757343	0.9851424828719839	0.4431217169079058	0.0013149244	0.31103032022874166	0.3073322069715948	0.2853414452683544	0.1487164000928792	0.5107162746786086	0.07438785464614402	0.0540540541	0.9863380310660639	.	.
lun_lcp3_LN_bulk_1_2_2_top78.clonotypes.IGH	lun_lcp3_norm_bulk_1_1_1_top78.clonotypes.IGH	78	78	0	0	5242	3305	0	0	1.0000000000000002	0.9999999999999983	0.0	0.0	0.0	0.0	0.0	0.0	0.0	0.2270088156702566	0.1313710555118284	0.4379844064206207	0.15715875405936458	0.0	NaN	.	.
lun_lcp3_LN_bulk_1_2_2_top78.clonotypes.IGH	lun_lcp3_norm_bulk_1_1_2_top78.clonotypes.IGH	78	78	1	1	5242	802	448	10	1.0000000000000002	0.9999999999999999	0.085463563525372	0.012468827930174564	0.0	0.0	1.643655E-4	0.03264399589353924	0.03264399589353924	0.2917454403695205	0.16463118998247672	0.5140935470191133	0.12609193687928444	0.0064516129	0.28571125658721874	.	.
lun_lcp3_LN_bulk_1_2_2_top78.clonotypes.IGH	lun_lcp3_norm_bulk_1_2_1_top78.clonotypes.IGH	78	78	2	2	5242	5490	540	163	1.0000000000000002	1.0000000000000004	0.10301411674933232	0.029690346083788705	0.0	0.0	3.287311E-4	0.055303930943500675	0.05494549030540649	0.2010559711904993	0.11268445460802155	0.3955793646931209	0.11102521643196796	0.012987013	0.4920820614368818	.	.
lun_lcp3_LN_bulk_1_2_2_top78.clonotypes.IGH	lun_lcp3_norm_bulk_1_2_2_top78.clonotypes.IGH	78	78	6	6	5242	5976	767	358	1.0000000000000002	0.9999999999999992	0.14631819916062572	0.05990629183400268	0.7492693828423387	0.1999999999999999	9.861933E-4	0.09362361208339577	0.08744113901190564	0.15798442965111215	0.10077491210134659	0.4509295865665815	0.08408222256429349	0.04	0.43732069539795165	.	.
lun_lcp3_LN_bulk_1_2_2_top78.clonotypes.IGH	lun_lcp3_norm_bulk_1_3_1_top78.clonotypes.IGH	78	78	0	0	5242	251	0	0	1.0000000000000002	0.9999999999999993	0.0	0.0	0.0	0.0	0.0	0.0	0.0	0.19877379248091012	0.10725713844092764	0.5145102741574509	0.12296692500541848	0.0	NaN	.	.
lun_lcp3_LN_bulk_1_2_2_top78.clonotypes.IGH	lun_lcp3_norm_bulk_1_3_2_top78.clonotypes.IGH	78	78	1	1	5242	8151	91	58	1.0000000000000002	0.9999999999999999	0.017359786341091185	0.007115691326217642	0.0	0.0	1.643655E-4	0.011114264757162033	0.011114264757162033	0.261629091793248	0.14486281706044538	0.5405532924182935	0.15982819853385635	0.0064516129	0.7018667603990246	.	.
lun_lcp3_LN_bulk_1_2_2_top78.clonotypes.IGH	lun_lcp3_PBMC_bulk_1_1_1_top78.clonotypes.IGH	78	78	1	1	5242	43369	39	375	1.0000000000000002	1.0	0.007439908431896223	0.008646729230556389	0.0	0.0	1.643655E-4	0.008020652947905178	0.008020652947905178	0.29882161899565873	0.17735861813111958	0.5476736229050228	0.13547571212047413	0.0064516129	0.9888069705500276	.	.
lun_lcp3_LN_bulk_1_2_2_top78.clonotypes.IGH	lun_lcp3_PBMC_bulk_1_1_2_top78.clonotypes.IGH	78	78	2	2	5242	32487	540	1568	1.0000000000000002	0.9999999999999998	0.10301411674933232	0.04826546003016591	0.0	0.0	3.287311E-4	0.07051257855523185	0.06139656870227106	0.24145265555980824	0.12978439527634195	0.513347140483926	0.12060215523987879	0.012987013	0.4476462606405448	.	.
lun_lcp3_LN_bulk_1_2_2_top78.clonotypes.IGH	lun_lcp3_tum_bulk_1_1_1_top78.clonotypes.IGH	78	78	3	3	5242	2160	577	243	1.0000000000000002	0.9999999999999991	0.11007249141549028	0.1125	0.8892037784558054	1.0	4.930966E-4	0.11127962654611426	0.10827510497455288	0.26263477783371386	0.14329501685858678	0.5654556145878717	0.1576891458027813	0.0196078431	0.9405782992648749	.	.
lun_lcp3_LN_bulk_1_2_2_top78.clonotypes.IGH	lun_lcp3_tum_bulk_1_1_2_top78.clonotypes.IGH	78	78	3	3	5242	5574	577	769	1.0000000000000002	0.9999999999999993	0.11007249141549028	0.13796196627197702	0.9994283730786022	1.0	4.930966E-4	0.12323074838747165	0.12312647890609267	0.3116113076402806	0.1620371269400314	0.5772961114455358	0.1564940425581474	0.0196078431	0.9666495064474848	.	.
lun_lcp3_LN_bulk_1_2_2_top78.clonotypes.IGH	lun_lcp3_tum_bulk_1_2_1_top78.clonotypes.IGH	78	78	3	3	5242	7988	652	768	1.0000000000000002	1.0	0.12438000763067532	0.09614421632448673	0.997413527363431	0.5	4.930966E-4	0.10935455344925038	0.10717839990448498	0.33235848876096946	0.1743322081333752	0.6359473901583105	0.13643210775006617	0.0196078431	0.9779719889839431	.	.
lun_lcp3_LN_bulk_1_2_2_top78.clonotypes.IGH	lun_lcp3_tum_bulk_1_2_2_top78.clonotypes.IGH	78	78	2	2	5242	5420	540	694	1.0000000000000002	0.9999999999999991	0.10301411674933232	0.12804428044280444	0.0	0.0	3.287311E-4	0.11484932936077297	0.1125073664324317	0.33964312956506226	0.17979181690585502	0.6056452178829708	0.13995903666017132	0.012987013	0.9357005444697909	.	.
lun_lcp3_LN_bulk_1_3_1_top78.clonotypes.IGH	lun_lcp3_LN_bulk_1_3_2_top78.clonotypes.IGH	78	78	28	28	5123	3779	2806	2253	0.9999999999999996	1.0000000000000004	0.5477259418309584	0.5961894681132575	0.8882638821042693	0.25698630136986306	0.0046022354	0.5714441686919485	0.548401527004041	0.2288014553078513	0.11939538543847074	0.40473986929261246	0.03807369456697267	0.21875	0.8888780878678361	.	.
lun_lcp3_LN_bulk_1_3_1_top78.clonotypes.IGH	lun_lcp3_norm_bulk_1_1_1_top78.clonotypes.IGH	78	78	1	1	5123	3305	52	86	0.9999999999999996	0.9999999999999983	0.010150302557095451	0.026021180030257187	0.0	0.0	1.643655E-4	0.01625185682313749	0.01625185682313749	0.2668553743322842	0.14665071054084922	0.5517801110931918	0.1002131216242355	0.0064516129	0.6771248307661398	.	.
lun_lcp3_LN_bulk_1_3_1_top78.clonotypes.IGH	lun_lcp3_norm_bulk_1_1_2_top78.clonotypes.IGH	78	78	3	3	5123	802	374	31	0.9999999999999996	0.9999999999999999	0.07300409916064805	0.03865336658354115	-0.49300725800132333	0.0	4.930966E-4	0.05312112768906283	0.04881368501987512	0.26936231011724304	0.15097566978298993	0.568557363193353	0.0954635646161204	0.0196078431	0.535336953633944	.	.
lun_lcp3_LN_bulk_1_3_1_top78.clonotypes.IGH	lun_lcp3_norm_bulk_1_2_1_top78.clonotypes.IGH	78	78	7	7	5123	5490	619	466	0.9999999999999996	1.0000000000000004	0.12082764005465547	0.0848816029143898	0.5572089029981779	-0.1071428571428574	0.0011505588	0.10127212728190362	0.09573636662061084	0.25477155413018315	0.14399435622185888	0.44267389295622184	0.08870598563723027	0.0469798658	0.7368447498882745	.	.
lun_lcp3_LN_bulk_1_3_1_top78.clonotypes.IGH	lun_lcp3_norm_bulk_1_2_2_top78.clonotypes.IGH	78	78	9	9	5123	5976	767	638	0.9999999999999996	0.9999999999999992	0.14971696271715793	0.10676037483266398	0.28731222325252537	0.05857791861290026	0.0014792899	0.12642720853713318	0.1185301818071096	0.30244465093593426	0.171675883528144	0.5382566548947713	0.05916926442208535	0.0612244898	0.6939450120511872	.	.
lun_lcp3_LN_bulk_1_3_1_top78.clonotypes.IGH	lun_lcp3_norm_bulk_1_3_1_top78.clonotypes.IGH	78	78	0	0	5123	251	0	0	0.9999999999999996	0.9999999999999993	0.0	0.0	0.0	0.0	0.0	0.0	0.0	0.19785732102865153	0.10773755720501615	0.5309136364020995	0.13096655667362592	0.0	NaN	.	.
lun_lcp3_LN_bulk_1_3_1_top78.clonotypes.IGH	lun_lcp3_norm_bulk_1_3_2_top78.clonotypes.IGH	78	78	3	3	5123	8151	376	486	0.9999999999999996	0.9999999999999999	0.07339449541284404	0.05962458594037541	-0.5370310998257057	-1.0	4.930966E-4	0.06615222142372551	0.04999405609380166	0.3096833304404506	0.16586114802167803	0.5727754706567598	0.10802261366063676	0.0196078431	0.36127403837039246	.	.
lun_lcp3_LN_bulk_1_3_1_top78.clonotypes.IGH	lun_lcp3_PBMC_bulk_1_1_1_top78.clonotypes.IGH	78	78	1	1	5123	43369	48	850	0.9999999999999996	1.0	0.009369510052703494	0.01959925292259448	0.0	0.0	1.643655E-4	0.013551213867537009	0.013551213867537009	0.3030613743425511	0.17489230943815606	0.5602919159758805	0.15000928840710387	0.0064516129	0.7782505795499793	.	.
lun_lcp3_LN_bulk_1_3_1_top78.clonotypes.IGH	lun_lcp3_PBMC_bulk_1_1_2_top78.clonotypes.IGH	78	78	3	3	5123	32487	414	2387	0.9999999999999996	0.9999999999999998	0.08081202420456764	0.07347554406377936	-0.7915777257192548	-0.5	4.930966E-4	0.07705652110837806	0.06955185691850094	0.2636057212467011	0.1377054848552463	0.5100428001197445	0.09866367838219241	0.0196078431	0.6736715079283521	.	.
lun_lcp3_LN_bulk_1_3_1_top78.clonotypes.IGH	lun_lcp3_tum_bulk_1_1_1_top78.clonotypes.IGH	78	78	5	5	5123	2160	521	678	0.9999999999999996	0.9999999999999991	0.1016982236970525	0.3138888888888889	0.017202905815043464	0.39999999999999997	8.218277E-4	0.17866712746960892	0.15079502856872856	0.34590125924716947	0.18447579523496668	0.5383543240984201	0.11638626805497247	0.0331125828	0.29171889451951205	.	.
lun_lcp3_LN_bulk_1_3_1_top78.clonotypes.IGH	lun_lcp3_tum_bulk_1_1_2_top78.clonotypes.IGH	78	78	5	5	5123	5574	521	1814	0.9999999999999996	0.9999999999999993	0.1016982236970525	0.32543954072479364	0.30930132673141136	0.30000000000000004	8.218277E-4	0.18192477349854277	0.16033387409399075	0.31665809318877197	0.16612033811045282	0.5546799019514879	0.13466319881679417	0.0331125828	0.3686521629643885	.	.
lun_lcp3_LN_bulk_1_3_1_top78.clonotypes.IGH	lun_lcp3_tum_bulk_1_2_1_top78.clonotypes.IGH	78	78	3	3	5123	7988	419	748	0.9999999999999996	1.0	0.08178801483505758	0.09364046069103656	0.9888484049236745	1.0	4.930966E-4	0.08751381255641949	0.0842028230625786	0.3284838737193121	0.17115246470961779	0.5893471000646858	0.1054582274973049	0.0196078431	0.8981757526646583	.	.
lun_lcp3_LN_bulk_1_3_1_top78.clonotypes.IGH	lun_lcp3_tum_bulk_1_2_2_top78.clonotypes.IGH	78	78	3	3	5123	5420	408	714	0.9999999999999996	0.9999999999999991	0.0796408354479797	0.13173431734317342	0.9756664792893086	1.0	4.930966E-4	0.10242768712794219	0.09626836235644871	0.31808552167103515	0.1673712791581918	0.5947929910053236	0.13070727340572472	0.0196078431	0.7224508526062537	.	.
lun_lcp3_LN_bulk_1_3_2_top78.clonotypes.IGH	lun_lcp3_norm_bulk_1_1_1_top78.clonotypes.IGH	78	78	3	3	3779	3305	119	239	1.0000000000000004	0.9999999999999983	0.03148981211960836	0.07231467473524962	0.9970760741297493	1.0	4.930966E-4	0.04771976027709694	0.04681749759521088	0.23835773351550577	0.1284949318277686	0.5162830522468588	0.16744624371428238	0.0196078431	0.6530381966696606	.	.
lun_lcp3_LN_bulk_1_3_2_top78.clonotypes.IGH	lun_lcp3_norm_bulk_1_1_2_top78.clonotypes.IGH	78	78	4	4	3779	802	439	37	1.0000000000000004	0.9999999999999999	0.11616829849166445	0.046134663341645885	0.36056287204943244	0.6324555320336759	6.574622E-4	0.0732078229555064	0.06663143224297102	0.2484602156052475	0.141674301044878	0.4998496503759693	0.16079507025253525	0.0263157895	0.39631519014643707	.	.
lun_lcp3_LN_bulk_1_3_2_top78.clonotypes.IGH	lun_lcp3_norm_bulk_1_2_1_top78.clonotypes.IGH	78	78	7	7	3779	5490	624	457	1.0000000000000004	1.0000000000000004	0.1651230484255094	0.08324225865209472	0.6655567088874138	-0.14285714285714304	0.0011505588	0.11723999107155636	0.10875863762513918	0.3077063918619022	0.17158105822659958	0.5261962444460488	0.12205299461651542	0.0469798658	0.5565531470535487	.	.
lun_lcp3_LN_bulk_1_3_2_top78.clonotypes.IGH	lun_lcp3_norm_bulk_1_2_2_top78.clonotypes.IGH	78	78	10	10	3779	5976	717	705	1.0000000000000004	0.9999999999999992	0.18973273352738815	0.11797188755020079	0.1079940255853412	0.12766016417281353	0.0016436555	0.1496099218109723	0.13202656386636805	0.31745698253818083	0.1857246272545005	0.5230377397669425	0.08730788360920494	0.0684931507	0.4861604737195453	.	.
lun_lcp3_LN_bulk_1_3_2_top78.clonotypes.IGH	lun_lcp3_norm_bulk_1_3_1_top78.clonotypes.IGH	78	78	2	2	3779	251	70	4	1.0000000000000004	0.9999999999999993	0.018523418893887273	0.01593625498007968	0.0	0.0	3.287311E-4	0.0171812085312941	0.017036159859635608	0.20018243356327098	0.10363328541665151	0.5426157237382038	0.14717003055101727	0.012987013	0.9525933757222872	.	.
lun_lcp3_LN_bulk_1_3_2_top78.clonotypes.IGH	lun_lcp3_norm_bulk_1_3_2_top78.clonotypes.IGH	78	78	4	4	3779	8151	194	684	1.0000000000000004	0.9999999999999999	0.05133633236305901	0.0839160839160839	-0.3462653271034675	0.2000000000000001	6.574622E-4	0.06563492953087124	0.05949000202533917	0.34272660104342917	0.1947416240885138	0.5841534463759996	0.14198551499683335	0.0263157895	0.5823131654894381	.	.
lun_lcp3_LN_bulk_1_3_2_top78.clonotypes.IGH	lun_lcp3_PBMC_bulk_1_1_1_top78.clonotypes.IGH	78	78	1	1	3779	43369	38	850	1.0000000000000004	1.0	0.010055570256681662	0.01959925292259448	0.0	0.0	1.643655E-4	0.014038577732150155	0.014038577732150155	0.2398655998230649	0.13554732346897816	0.5512929261966059	0.15731572092517246	0.0064516129	0.8122972112497605	.	.
lun_lcp3_LN_bulk_1_3_2_top78.clonotypes.IGH	lun_lcp3_PBMC_bulk_1_1_2_top78.clonotypes.IGH	78	78	4	4	3779	32487	475	2653	1.0000000000000004	0.9999999999999998	0.1256946282085208	0.08166343460461108	0.011283343038004824	0.39999999999999997	6.574622E-4	0.10131463394227629	0.09065889008627374	0.2233936971820937	0.11686081434044358	0.4896853531154946	0.12665831282414688	0.0263157895	0.5620164074322217	.	.
lun_lcp3_LN_bulk_1_3_2_top78.clonotypes.IGH	lun_lcp3_tum_bulk_1_1_1_top78.clonotypes.IGH	78	78	5	5	3779	2160	550	705	1.0000000000000004	0.9999999999999991	0.1455411484519714	0.32638888888888884	0.11770410518502866	0.6	8.218277E-4	0.21795186104012	0.19182032649508585	0.3696341981067344	0.19931000286692202	0.5274311733507776	0.11310585465025502	0.0331125828	0.4285216399679856	.	.
lun_lcp3_LN_bulk_1_3_2_top78.clonotypes.IGH	lun_lcp3_tum_bulk_1_1_2_top78.clonotypes.IGH	78	78	5	5	3779	5574	550	1967	1.0000000000000004	0.9999999999999993	0.1455411484519714	0.35288841047721564	0.36007757336681007	0.09999999999999983	8.218277E-4	0.2266269722169995	0.20460201632072444	0.3036909207531126	0.1574335664981817	0.511540835157954	0.1233762671941211	0.0331125828	0.5211532869609348	.	.
lun_lcp3_LN_bulk_1_3_2_top78.clonotypes.IGH	lun_lcp3_tum_bulk_1_2_1_top78.clonotypes.IGH	78	78	4	4	3779	7988	511	1052	1.0000000000000004	1.0	0.13522095792537708	0.13169754631947922	0.7568610700546893	0.39999999999999997	6.574622E-4	0.1334476240693018	0.12089142180035774	0.3740288666858547	0.2035107879881633	0.5983885854940174	0.16577463167124873	0.0263157895	0.8919108572913971	.	.
lun_lcp3_LN_bulk_1_3_2_top78.clonotypes.IGH	lun_lcp3_tum_bulk_1_2_2_top78.clonotypes.IGH	78	78	5	5	3779	5420	490	946	1.0000000000000004	0.9999999999999991	0.1296639322572109	0.17453874538745387	0.8786492324914084	0.8207826816681233	8.218277E-4	0.15043729610099152	0.13822149313755505	0.3422405320104115	0.19127158276783196	0.5543947878055421	0.20160458064192174	0.0331125828	0.8512448145779005	.	.
lun_lcp3_norm_bulk_1_1_1_top78.clonotypes.IGH	lun_lcp3_norm_bulk_1_1_2_top78.clonotypes.IGH	78	78	8	8	3305	802	682	159	0.9999999999999983	0.9999999999999999	0.20635400907715581	0.19825436408977556	0.43538287519085156	0.407192929050508	0.0013149244	0.2022636468744873	0.18884449780088827	0.14444836045060477	0.09938945013100355	0.3871709638185209	0.05310074121589986	0.0540540541	0.8189327001320537	.	.
lun_lcp3_norm_bulk_1_1_1_top78.clonotypes.IGH	lun_lcp3_norm_bulk_1_2_1_top78.clonotypes.IGH	78	78	9	9	3305	5490	655	1834	0.9999999999999983	1.0000000000000004	0.19818456883509833	0.33406193078324226	0.6034650395150749	0.1166666666666669	0.0014792899	0.2573051101639789	0.2214587776048957	0.24665780471250234	0.1518786775577882	0.4293008249099047	0.13235505973136605	0.0612244898	0.4757132936552476	.	.
lun_lcp3_norm_bulk_1_1_1_top78.clonotypes.IGH	lun_lcp3_norm_bulk_1_2_2_top78.clonotypes.IGH	78	78	7	7	3305	5976	398	1380	0.9999999999999983	0.9999999999999992	0.12042360060514372	0.23092369477911645	0.9028885182334824	0.3571428571428572	0.0011505588	0.16675929596380656	0.15884602690544863	0.26907014492215336	0.16660732752656635	0.450091201127616	0.1556899276040064	0.0469798658	0.6740586292778906	.	.
lun_lcp3_norm_bulk_1_1_1_top78.clonotypes.IGH	lun_lcp3_norm_bulk_1_3_1_top78.clonotypes.IGH	78	78	5	5	3305	251	486	41	0.9999999999999983	0.9999999999999993	0.1470499243570348	0.16334661354581673	0.3651557917724435	-0.2051956704170309	8.218277E-4	0.15498421586048736	0.13343391776487604	0.16432926668112255	0.09322740133541406	0.4534811707752473	0.16498201550704011	0.0331125828	0.7032959887489623	.	.
lun_lcp3_norm_bulk_1_1_1_top78.clonotypes.IGH	lun_lcp3_norm_bulk_1_3_2_top78.clonotypes.IGH	78	78	9	9	3305	8151	501	1512	0.9999999999999983	0.9999999999999999	0.15158850226928897	0.18549871181450128	0.699514092357427	0.33473096350228915	0.0014792899	0.1676886158832576	0.16056148698318873	0.3692050370544243	0.22111911386125782	0.5128066291774898	0.12659710721434234	0.0612244898	0.8781460797205057	.	.
lun_lcp3_norm_bulk_1_1_1_top78.clonotypes.IGH	lun_lcp3_PBMC_bulk_1_1_1_top78.clonotypes.IGH	78	78	0	0	3305	43369	0	0	0.9999999999999983	1.0	0.0	0.0	0.0	0.0	0.0	0.0	0.0	0.27841802122314596	0.15878806493979214	0.5079664369066217	0.165232556431027	0.0	NaN	.	.
lun_lcp3_norm_bulk_1_1_1_top78.clonotypes.IGH	lun_lcp3_PBMC_bulk_1_1_2_top78.clonotypes.IGH	78	78	0	0	3305	32487	0	0	0.9999999999999983	0.9999999999999998	0.0	0.0	0.0	0.0	0.0	0.0	0.0	0.2962431949788138	0.16223578000267527	0.4808859787259896	0.14654579569925136	0.0	NaN	.	.
lun_lcp3_norm_bulk_1_1_1_top78.clonotypes.IGH	lun_lcp3_tum_bulk_1_1_1_top78.clonotypes.IGH	78	78	0	0	3305	2160	0	0	0.9999999999999983	0.9999999999999991	0.0	0.0	0.0	0.0	0.0	0.0	0.0	0.3445089074494436	0.20101199884504772	0.5669096777175787	0.22921658880998685	0.0	NaN	.	.
lun_lcp3_norm_bulk_1_1_1_top78.clonotypes.IGH	lun_lcp3_tum_bulk_1_1_2_top78.clonotypes.IGH	78	78	0	0	3305	5574	0	0	0.9999999999999983	0.9999999999999993	0.0	0.0	0.0	0.0	0.0	0.0	0.0	0.32656473204345593	0.18758755310485337	0.5755410596870083	0.22309277002577588	0.0	NaN	.	.
lun_lcp3_norm_bulk_1_1_1_top78.clonotypes.IGH	lun_lcp3_tum_bulk_1_2_1_top78.clonotypes.IGH	78	78	0	0	3305	7988	0	0	0.9999999999999983	1.0	0.0	0.0	0.0	0.0	0.0	0.0	0.0	0.40893399627795324	0.2318805454308803	0.6823195961423847	0.16406772730570068	0.0	NaN	.	.
lun_lcp3_norm_bulk_1_1_1_top78.clonotypes.IGH	lun_lcp3_tum_bulk_1_2_2_top78.clonotypes.IGH	78	78	0	0	3305	5420	0	0	0.9999999999999983	0.9999999999999991	0.0	0.0	0.0	0.0	0.0	0.0	0.0	0.37272337830003544	0.21705004248315893	0.635022407416344	0.18965047936247081	0.0	NaN	.	.
lun_lcp3_norm_bulk_1_1_2_top78.clonotypes.IGH	lun_lcp3_norm_bulk_1_2_1_top78.clonotypes.IGH	78	78	12	12	802	5490	147	698	0.9999999999999999	1.0000000000000004	0.1832917705735661	0.12714025500910747	-0.02116580781461484	0.08604859293176641	0.0019723866	0.15265569904787052	0.1463713771466233	0.27793132793641623	0.161145450321222	0.5212581756785177	0.09248714633514128	0.0833333333	0.76507735712928	.	.
lun_lcp3_norm_bulk_1_1_2_top78.clonotypes.IGH	lun_lcp3_norm_bulk_1_2_2_top78.clonotypes.IGH	78	78	8	8	802	5976	83	553	0.9999999999999999	0.9999999999999992	0.10349127182044889	0.09253681392235608	0.742387497456018	0.6265515005254437	0.0013149244	0.09786088372295057	0.09637922241479409	0.2611009889107392	0.14313948686181613	0.4914821576553528	0.12691211255851914	0.0540540541	0.9402923388016475	.	.
lun_lcp3_norm_bulk_1_1_2_top78.clonotypes.IGH	lun_lcp3_norm_bulk_1_3_1_top78.clonotypes.IGH	78	78	5	5	802	251	78	12	0.9999999999999999	0.9999999999999993	0.0972568578553616	0.04780876494023904	-0.16519851363227983	0.0	8.218277E-4	0.06818893059751871	0.06181434357480134	0.18946789339869774	0.11184118302307314	0.5171555941948273	0.16323523396864062	0.0331125828	0.4526992000907832	.	.
lun_lcp3_norm_bulk_1_1_2_top78.clonotypes.IGH	lun_lcp3_norm_bulk_1_3_2_top78.clonotypes.IGH	78	78	8	8	802	8151	112	915	0.9999999999999999	0.9999999999999999	0.1396508728179551	0.11225616488774384	-0.059717414308481584	0.2945284162042896	0.0013149244	0.12520651502924962	0.11203885092653969	0.32657555335271526	0.18372628526815696	0.5541750174957552	0.11895366261142949	0.0540540541	0.6194837858235989	.	.
lun_lcp3_norm_bulk_1_1_2_top78.clonotypes.IGH	lun_lcp3_PBMC_bulk_1_1_1_top78.clonotypes.IGH	78	78	0	0	802	43369	0	0	0.9999999999999999	1.0	0.0	0.0	0.0	0.0	0.0	0.0	0.0	0.21753976045049916	0.12253771659850098	0.5089624959030582	0.14535469713046636	0.0	NaN	.	.
lun_lcp3_norm_bulk_1_1_2_top78.clonotypes.IGH	lun_lcp3_PBMC_bulk_1_1_2_top78.clonotypes.IGH	78	78	1	1	802	32487	10	546	0.9999999999999999	0.9999999999999998	0.012468827930174564	0.01680672268907563	0.0	0.0	1.643655E-4	0.014476191946787828	0.014476191946787828	0.28379807460307527	0.15141805317542106	0.526689861619226	0.12096270780576152	0.0064516129	0.9570319354932518	.	.
lun_lcp3_norm_bulk_1_1_2_top78.clonotypes.IGH	lun_lcp3_tum_bulk_1_1_1_top78.clonotypes.IGH	78	78	1	1	802	2160	10	147	0.9999999999999999	0.9999999999999991	0.012468827930174564	0.06805555555555555	0.0	0.0	1.643655E-4	0.029130276550603802	0.029130276550603802	0.3607314271546344	0.1826877697376936	0.5705570954200583	0.18589300072627543	0.0064516129	0.3545300349572928	.	.
lun_lcp3_norm_bulk_1_1_2_top78.clonotypes.IGH	lun_lcp3_tum_bulk_1_1_2_top78.clonotypes.IGH	78	78	1	1	802	5574	10	622	0.9999999999999999	0.9999999999999993	0.012468827930174564	0.11158952278435594	0.0	0.0	1.643655E-4	0.03730134794358547	0.03730134794358547	0.35149438905606145	0.18706363049259594	0.6067226815691773	0.21615910657837642	0.0064516129	0.22072087718850028	.	.
lun_lcp3_norm_bulk_1_1_2_top78.clonotypes.IGH	lun_lcp3_tum_bulk_1_2_1_top78.clonotypes.IGH	78	78	1	1	802	7988	10	651	0.9999999999999999	1.0	0.012468827930174564	0.0814972458688032	0.0	0.0	1.643655E-4	0.031877502027625015	0.031877502027625015	0.4113970294735631	0.21332568162178586	0.6861957708759713	0.13788087942353106	0.0064516129	0.29899495644056784	.	.
lun_lcp3_norm_bulk_1_1_2_top78.clonotypes.IGH	lun_lcp3_tum_bulk_1_2_2_top78.clonotypes.IGH	78	78	2	2	802	5420	16	679	0.9999999999999999	0.9999999999999991	0.0199501246882793	0.12527675276752767	0.0	0.0	3.287311E-4	0.049992867873876926	0.04408706608014894	0.3685279894402233	0.19424250012178915	0.6449900542615488	0.16361006503534933	0.012987013	0.20523178885371823	.	.
lun_lcp3_norm_bulk_1_2_1_top78.clonotypes.IGH	lun_lcp3_norm_bulk_1_2_2_top78.clonotypes.IGH	78	78	23	23	5490	5976	2968	2939	1.0000000000000004	0.9999999999999992	0.5406193078324225	0.4918005354752343	0.9133656168255712	0.5640139097382015	0.0037804076	0.51563249032643	0.49623830748604114	0.17509551311929542	0.10525247690640807	0.2923631472170481	0.04093884908526903	0.1729323308	0.8870770290396663	.	.
lun_lcp3_norm_bulk_1_2_1_top78.clonotypes.IGH	lun_lcp3_norm_bulk_1_3_1_top78.clonotypes.IGH	78	78	11	11	5490	251	1832	55	1.0000000000000004	0.9999999999999993	0.33369763205828784	0.2191235059760956	0.902585390811429	0.010577421839154066	0.001808021	0.27040894044489944	0.2523421368560281	0.1434886318405297	0.08273782128970417	0.36024267195042914	0.1243085492221358	0.075862069	0.7006543556356304	.	.
lun_lcp3_norm_bulk_1_2_1_top78.clonotypes.IGH	lun_lcp3_norm_bulk_1_3_2_top78.clonotypes.IGH	78	78	12	12	5490	8151	1833	2090	1.0000000000000004	0.9999999999999999	0.3338797814207651	0.25641025641025644	0.451381972367144	-0.07005264683383422	0.0019723866	0.29259220831098487	0.24053118280443642	0.28000021691021326	0.18227866104623736	0.4930671162965911	0.12940324702608882	0.0833333333	0.38545785711122305	.	.
lun_lcp3_norm_bulk_1_2_1_top78.clonotypes.IGH	lun_lcp3_PBMC_bulk_1_1_1_top78.clonotypes.IGH	78	78	0	0	5490	43369	0	0	1.0000000000000004	1.0	0.0	0.0	0.0	0.0	0.0	0.0	0.0	0.3520732251088969	0.21656187242207844	0.5661280492728721	0.18702295100441824	0.0	NaN	.	.
lun_lcp3_norm_bulk_1_2_1_top78.clonotypes.IGH	lun_lcp3_PBMC_bulk_1_1_2_top78.clonotypes.IGH	78	78	2	2	5490	32487	163	1568	1.0000000000000004	0.9999999999999998	0.029690346083788705	0.04826546003016591	0.0	0.0	3.287311E-4	0.0378552270127772	0.034863712982970446	0.36281683479533117	0.20835807828481023	0.48840627983228607	0.1531628273097968	0.012987013	0.6777238830544484	.	.
lun_lcp3_norm_bulk_1_2_1_top78.clonotypes.IGH	lun_lcp3_tum_bulk_1_1_1_top78.clonotypes.IGH	78	78	2	2	5490	2160	163	234	1.0000000000000004	0.9999999999999991	0.029690346083788705	0.10833333333333334	0.0	0.0	3.287311E-4	0.05671379161259728	0.05633035797787404	0.376082173492656	0.2027459444268541	0.570492465496595	0.17060319118484837	0.012987013	0.5308501949643978	.	.
lun_lcp3_norm_bulk_1_2_1_top78.clonotypes.IGH	lun_lcp3_tum_bulk_1_1_2_top78.clonotypes.IGH	78	78	2	2	5490	5574	163	724	1.0000000000000004	0.9999999999999993	0.029690346083788705	0.12988876928597057	0.0	0.0	3.287311E-4	0.062100261774793275	0.06135934324899173	0.35269006777569306	0.18770891567087375	0.6033552827256018	0.17229150986624206	0.012987013	0.3875737637975831	.	.
lun_lcp3_norm_bulk_1_2_1_top78.clonotypes.IGH	lun_lcp3_tum_bulk_1_2_1_top78.clonotypes.IGH	78	78	2	2	5490	7988	163	717	1.0000000000000004	1.0	0.029690346083788705	0.08975963945918879	0.0	0.0	3.287311E-4	0.051623587243617736	0.05025070330676619	0.46025309318526636	0.24828056165601128	0.6668428070861752	0.13980207482369872	0.012987013	0.5093194352068792	.	.
lun_lcp3_norm_bulk_1_2_1_top78.clonotypes.IGH	lun_lcp3_tum_bulk_1_2_2_top78.clonotypes.IGH	78	78	4	4	5490	5420	309	733	1.0000000000000004	0.9999999999999991	0.05628415300546448	0.13523985239852399	0.8681697947576902	0.39999999999999997	6.574622E-4	0.08724597724156087	0.07242181050897861	0.4411288172429713	0.2425005363652183	0.6247388127965645	0.14572090268981244	0.0263157895	0.3554989862041854	.	.
lun_lcp3_norm_bulk_1_2_2_top78.clonotypes.IGH	lun_lcp3_norm_bulk_1_3_1_top78.clonotypes.IGH	78	78	4	4	5976	251	993	29	0.9999999999999992	0.9999999999999993	0.16616465863453816	0.1155378486055777	0.999853156698773	0.7745966692414834	6.574622E-4	0.13855795600727794	0.13790756104128324	0.20098865211924094	0.12652077139043716	0.39050731818079615	0.15116336496386396	0.0263157895	0.9089070161152285	.	.
lun_lcp3_norm_bulk_1_2_2_top78.clonotypes.IGH	lun_lcp3_norm_bulk_1_3_2_top78.clonotypes.IGH	78	78	12	12	5976	8151	1648	1763	0.9999999999999992	0.9999999999999999	0.2757697456492637	0.21629247945037422	0.4674974269131809	0.05594405594405633	0.0019723866	0.24422719349793603	0.21427392092281541	0.2595480102531941	0.16525431841881577	0.46417073418168153	0.1498558523065867	0.0833333333	0.5481315869842607	.	.
lun_lcp3_norm_bulk_1_2_2_top78.clonotypes.IGH	lun_lcp3_PBMC_bulk_1_1_1_top78.clonotypes.IGH	78	78	1	1	5976	43369	45	480	0.9999999999999992	1.0	0.007530120481927711	0.011067813415112177	0.0	0.0	1.643655E-4	0.009129182246361965	0.009129182246361965	0.25583511743531345	0.16656411031774632	0.4828049243921182	0.19670785360483556	0.0064516129	0.9301600078999251	.	.
lun_lcp3_norm_bulk_1_2_2_top78.clonotypes.IGH	lun_lcp3_PBMC_bulk_1_1_2_top78.clonotypes.IGH	78	78	2	2	5976	32487	139	1568	0.9999999999999992	0.9999999999999998	0.023259705488621153	0.04826546003016591	0.0	0.0	3.287311E-4	0.03350582614373916	0.03119699400452291	0.22604310159763039	0.13960063731095565	0.43284675416385493	0.16068964809766617	0.012987013	0.6145578469101755	.	.
lun_lcp3_norm_bulk_1_2_2_top78.clonotypes.IGH	lun_lcp3_tum_bulk_1_1_1_top78.clonotypes.IGH	78	78	3	3	5976	2160	234	248	0.9999999999999992	0.9999999999999991	0.0391566265060241	0.11481481481481481	0.004326101931656744	0.5	4.930966E-4	0.06705043490583805	0.06014722204915948	0.32982944164463773	0.17465827192017233	0.5213264632962518	0.14040317211355618	0.0196078431	0.43683678971914613	.	.
lun_lcp3_norm_bulk_1_2_2_top78.clonotypes.IGH	lun_lcp3_tum_bulk_1_1_2_top78.clonotypes.IGH	78	78	4	4	5976	5574	305	766	0.9999999999999992	0.9999999999999993	0.051037483266398925	0.1374237531395766	0.4553447380847372	0.316227766016838	6.574622E-4	0.08374820894363579	0.06849222016633402	0.41423191735268927	0.22549043300414265	0.6168816076430078	0.13976969435323378	0.0263157895	0.30687015974933834	.	.
lun_lcp3_norm_bulk_1_2_2_top78.clonotypes.IGH	lun_lcp3_tum_bulk_1_2_1_top78.clonotypes.IGH	78	78	4	4	5976	7988	305	809	0.9999999999999992	1.0	0.051037483266398925	0.10127691537305959	0.5289267852471652	0.2000000000000001	6.574622E-4	0.0718951936754122	0.061896944029090316	0.41409076123073096	0.2151911614319384	0.5873921455809852	0.1419448220043062	0.0263157895	0.41714896838964893	.	.
lun_lcp3_norm_bulk_1_2_2_top78.clonotypes.IGH	lun_lcp3_tum_bulk_1_2_2_top78.clonotypes.IGH	78	78	6	6	5976	5420	486	790	0.9999999999999992	0.9999999999999991	0.08132530120481928	0.14575645756457564	0.21406207563486881	0.46381682852195866	9.861933E-4	0.10887464265836454	0.0825210854582855	0.3776295271477594	0.19807544978408295	0.5743262412683535	0.15219653668688096	0.04	0.2851893010235376	.	.
lun_lcp3_norm_bulk_1_3_1_top78.clonotypes.IGH	lun_lcp3_norm_bulk_1_3_2_top78.clonotypes.IGH	78	78	17	17	251	8151	95	3921	0.9999999999999993	0.9999999999999999	0.37848605577689237	0.4810452705189548	0.11749496641920852	0.3782601196425377	0.0027942143	0.4266953563010118	0.36556856293155277	0.20292572252461316	0.13232057803789926	0.3858682628708584	0.09014915767175949	0.1223021583	0.4277317529523724	.	.
lun_lcp3_norm_bulk_1_3_1_top78.clonotypes.IGH	lun_lcp3_PBMC_bulk_1_1_1_top78.clonotypes.IGH	78	78	1	1	251	43369	2	440	0.9999999999999993	1.0	0.00796812749003984	0.010145495630519495	0.0	0.0	1.643655E-4	0.008991140229894175	0.008991140229894175	0.21437724091971203	0.12447583910098878	0.5305122794014221	0.07845863173520483	0.0064516129	0.9715126118647515	.	.
lun_lcp3_norm_bulk_1_3_1_top78.clonotypes.IGH	lun_lcp3_PBMC_bulk_1_1_2_top78.clonotypes.IGH	78	78	0	0	251	32487	0	0	0.9999999999999993	0.9999999999999998	0.0	0.0	0.0	0.0	0.0	0.0	0.0	0.2519983146453408	0.13576952928286043	0.4633521908758717	0.10045034126893575	0.0	NaN	.	.
lun_lcp3_norm_bulk_1_3_1_top78.clonotypes.IGH	lun_lcp3_tum_bulk_1_1_1_top78.clonotypes.IGH	78	78	0	0	251	2160	0	0	0.9999999999999993	0.9999999999999991	0.0	0.0	0.0	0.0	0.0	0.0	0.0	0.28566509487793423	0.15742472140079986	0.5428040454867091	0.2007932820893185	0.0	NaN	.	.
lun_lcp3_norm_bulk_1_3_1_top78.clonotypes.IGH	lun_lcp3_tum_bulk_1_1_2_top78.clonotypes.IGH	78	78	0	0	251	5574	0	0	0.9999999999999993	0.9999999999999993	0.0	0.0	0.0	0.0	0.0	0.0	0.0	0.29297194408321275	0.15336644500607663	0.5847896692878657	0.2018408873855132	0.0	NaN	.	.
lun_lcp3_norm_bulk_1_3_1_top78.clonotypes.IGH	lun_lcp3_tum_bulk_1_2_1_top78.clonotypes.IGH	78	78	1	1	251	7988	2	92	0.9999999999999993	1.0	0.00796812749003984	0.011517275913870806	0.0	0.0	1.643655E-4	0.009579724569093189	0.009579724569093189	0.30305436939762653	0.17016964377894483	0.5845169713124977	0.12411129491390699	0.0064516129	0.9357778219024457	.	.
lun_lcp3_norm_bulk_1_3_1_top78.clonotypes.IGH	lun_lcp3_tum_bulk_1_2_2_top78.clonotypes.IGH	78	78	2	2	251	5420	4	52	0.9999999999999993	0.9999999999999991	0.01593625498007968	0.00959409594095941	0.0	0.0	3.287311E-4	0.012365029689348774	0.012250355405925124	0.3324915532476443	0.1895438636013899	0.585123210719898	0.1323274270835059	0.012987013	0.8670335284996613	.	.
lun_lcp3_norm_bulk_1_3_2_top78.clonotypes.IGH	lun_lcp3_PBMC_bulk_1_1_1_top78.clonotypes.IGH	78	78	0	0	8151	43369	0	0	0.9999999999999999	1.0	0.0	0.0	0.0	0.0	0.0	0.0	0.0	0.3663575073772871	0.21316795863698274	0.6369769735818869	0.16547074777723286	0.0	NaN	.	.
lun_lcp3_norm_bulk_1_3_2_top78.clonotypes.IGH	lun_lcp3_PBMC_bulk_1_1_2_top78.clonotypes.IGH	78	78	1	1	8151	32487	69	324	0.9999999999999999	0.9999999999999998	0.008465218991534781	0.00997322005725367	0.0	0.0	1.643655E-4	0.009188334551779195	0.009188334551779195	0.33768023074315545	0.17986074131245416	0.5657230601317981	0.1568484899062953	0.0064516129	0.9867110793980896	.	.
lun_lcp3_norm_bulk_1_3_2_top78.clonotypes.IGH	lun_lcp3_tum_bulk_1_1_1_top78.clonotypes.IGH	78	78	1	1	8151	2160	60	22	0.9999999999999999	0.9999999999999991	0.00736105999263894	0.010185185185185186	0.0	0.0	1.643655E-4	0.008658738891102186	0.008658738891102186	0.3479431157842587	0.19224957422444022	0.5660172847125359	0.2324374441474319	0.0064516129	0.9494964449248369	.	.
lun_lcp3_norm_bulk_1_3_2_top78.clonotypes.IGH	lun_lcp3_tum_bulk_1_1_2_top78.clonotypes.IGH	78	78	2	2	8151	5574	136	87	0.9999999999999999	0.9999999999999993	0.016685069316648263	0.015608180839612486	0.0	0.0	3.287311E-4	0.01613764478527507	0.015262852001407222	0.40338393192700056	0.223995930054477	0.6461032378528538	0.25389878645686015	0.012987013	0.8276182315933582	.	.
lun_lcp3_norm_bulk_1_3_2_top78.clonotypes.IGH	lun_lcp3_tum_bulk_1_2_1_top78.clonotypes.IGH	78	78	1	1	8151	7988	76	52	0.9999999999999999	1.0	0.009324009324009324	0.006509764646970456	0.0	0.0	1.643655E-4	0.007790834760502805	0.007790834760502805	0.39743636520996	0.20920568775154857	0.6169872855720877	0.18688391954512346	0.0064516129	0.9387540271512893	.	.
lun_lcp3_norm_bulk_1_3_2_top78.clonotypes.IGH	lun_lcp3_tum_bulk_1_2_2_top78.clonotypes.IGH	78	78	1	1	8151	5420	76	20	0.9999999999999999	0.9999999999999991	0.009324009324009324	0.0036900369003690036	0.0	0.0	1.643655E-4	0.005865657547537109	0.005865657547537109	0.4307270012690429	0.22483289494080744	0.6531249643880376	0.2060419762176048	0.0064516129	0.6843308461426962	.	.
lun_lcp3_PBMC_bulk_1_1_1_top78.clonotypes.IGH	lun_lcp3_PBMC_bulk_1_1_2_top78.clonotypes.IGH	78	78	10	10	43369	32487	10521	5961	1.0	0.9999999999999998	0.24259263529249003	0.18348878012743558	0.848612078770001	0.22424242424242405	0.0016436555	0.21098110512014784	0.2030859767991649	0.19932440746305194	0.10699395899829457	0.38780709193400814	0.059530985415606835	0.0684931507	0.8734140068205263	.	.
lun_lcp3_PBMC_bulk_1_1_1_top78.clonotypes.IGH	lun_lcp3_tum_bulk_1_1_1_top78.clonotypes.IGH	78	78	1	1	43369	2160	417	11	1.0	0.9999999999999991	0.009615162904378704	0.005092592592592593	0.0	0.0	1.643655E-4	0.006997578680044267	0.006997578680044267	0.3713195977779915	0.20743485555147598	0.5439433816142293	0.18777782389310932	0.0064516129	0.8272290056872766	.	.
lun_lcp3_PBMC_bulk_1_1_1_top78.clonotypes.IGH	lun_lcp3_tum_bulk_1_1_2_top78.clonotypes.IGH	78	78	1	1	43369	5574	417	77	1.0	0.9999999999999993	0.009615162904378704	0.013814137064944384	0.0	0.0	1.643655E-4	0.011524980618762712	0.011524980618762712	0.43592743421835695	0.24069546275935785	0.5905648770118584	0.20063626579158306	0.0064516129	0.937760252502298	.	.
lun_lcp3_PBMC_bulk_1_1_1_top78.clonotypes.IGH	lun_lcp3_tum_bulk_1_2_1_top78.clonotypes.IGH	78	78	0	0	43369	7988	0	0	1.0	1.0	0.0	0.0	0.0	0.0	0.0	0.0	0.0	0.4132226190024518	0.23448308371308182	0.646887314935345	0.11146412480460827	0.0	NaN	.	.
lun_lcp3_PBMC_bulk_1_1_1_top78.clonotypes.IGH	lun_lcp3_tum_bulk_1_2_2_top78.clonotypes.IGH	78	78	0	0	43369	5420	0	0	1.0	0.9999999999999991	0.0	0.0	0.0	0.0	0.0	0.0	0.0	0.38679752728402633	0.22504433119700443	0.6012604954713643	0.13680845643502187	0.0	NaN	.	.
lun_lcp3_PBMC_bulk_1_1_2_top78.clonotypes.IGH	lun_lcp3_tum_bulk_1_1_1_top78.clonotypes.IGH	78	78	3	3	32487	2160	1834	270	0.9999999999999998	0.9999999999999991	0.05645335057099763	0.125	0.3223779075780282	0.5	4.930966E-4	0.08400398098527655	0.08109797383661392	0.31874777712874774	0.17010081972632066	0.5675076044082608	0.14466324701929587	0.0196078431	0.647290034235197	.	.
lun_lcp3_PBMC_bulk_1_1_2_top78.clonotypes.IGH	lun_lcp3_tum_bulk_1_1_2_top78.clonotypes.IGH	78	78	3	3	32487	5574	1834	922	0.9999999999999998	0.9999999999999993	0.05645335057099763	0.165410836024399	-0.3173489479833139	-0.5	4.930966E-4	0.09663330644414068	0.08435401115895715	0.37953805365538795	0.19911134276040182	0.5982523313058761	0.15227962332355635	0.0196078431	0.35637708607748536	.	.
lun_lcp3_PBMC_bulk_1_1_2_top78.clonotypes.IGH	lun_lcp3_tum_bulk_1_2_1_top78.clonotypes.IGH	78	78	3	3	32487	7988	1834	1021	0.9999999999999998	1.0	0.05645335057099763	0.12781672508763145	-0.5354297667421313	-0.5	4.930966E-4	0.08494517284819006	0.07078405397899731	0.35176080335890275	0.18710963792798593	0.5391887217885984	0.09670724778508856	0.0196078431	0.4087852803414095	.	.
lun_lcp3_PBMC_bulk_1_1_2_top78.clonotypes.IGH	lun_lcp3_tum_bulk_1_2_2_top78.clonotypes.IGH	78	78	3	3	32487	5420	1834	907	0.9999999999999998	0.9999999999999991	0.05645335057099763	0.16734317343173433	-0.4167467494782928	-0.5	4.930966E-4	0.0971961050423573	0.07722504630385248	0.3405679280727814	0.18379359008584698	0.5266158340280221	0.13416238821837276	0.0196078431	0.28907352007974735	.	.
lun_lcp3_tum_bulk_1_1_1_top78.clonotypes.IGH	lun_lcp3_tum_bulk_1_1_2_top78.clonotypes.IGH	78	78	49	49	2160	5574	1878	4721	0.9999999999999991	0.9999999999999993	0.8694444444444442	0.8469680660208111	0.9291554231101445	0.8058520659852711	0.0080539119	0.8581326701761502	0.8358709133227763	0.10904538055942044	0.06011668435487726	0.1586154534460412	0.028842542597472154	0.4579439252	0.9487488941355202	.	.
lun_lcp3_tum_bulk_1_1_1_top78.clonotypes.IGH	lun_lcp3_tum_bulk_1_2_1_top78.clonotypes.IGH	78	78	17	17	2160	7988	1067	3389	0.9999999999999991	1.0	0.4939814814814815	0.42426139208813224	0.05545871049023339	0.09617821660469336	0.0027942143	0.4577961019920236	0.34131855619250523	0.2525880494185089	0.1302956765366936	0.4420868542232885	0.17166364332047604	0.1223021583	0.38873683977333273	.	.
lun_lcp3_tum_bulk_1_1_1_top78.clonotypes.IGH	lun_lcp3_tum_bulk_1_2_2_top78.clonotypes.IGH	78	78	19	19	2160	5420	849	2460	0.9999999999999991	0.9999999999999991	0.39305555555555555	0.4538745387453875	0.5061453383525956	0.07394377656937128	0.0031229454	0.4223717663138598	0.35603855089703923	0.34005198180221896	0.17620108995480718	0.5026464316433205	0.20143701528867125	0.1386861314	0.6756641848782751	.	.
lun_lcp3_tum_bulk_1_1_2_top78.clonotypes.IGH	lun_lcp3_tum_bulk_1_2_1_top78.clonotypes.IGH	78	78	18	18	5574	7988	2771	3672	0.9999999999999993	1.0	0.49712952996053106	0.45968953430145215	0.09752040617247945	0.022727284854652162	0.0029585799	0.4780431383411505	0.35435983506330804	0.28079380107164537	0.15024743928195983	0.47142117949578033	0.16608008215134668	0.1304347826	0.41949397698223745	.	.
lun_lcp3_tum_bulk_1_1_2_top78.clonotypes.IGH	lun_lcp3_tum_bulk_1_2_2_top78.clonotypes.IGH	78	78	22	22	5574	5420	2342	2767	0.9999999999999993	0.9999999999999991	0.42016505202726945	0.5105166051660518	0.5445467938015429	0.21747741035282656	0.0036160421	0.4631427814080439	0.38857015328413924	0.268240706267199	0.14741093866763824	0.40669098116649915	0.18686110854542815	0.1641791045	0.6990938838549702	.	.
lun_lcp3_tum_bulk_1_2_1_top78.clonotypes.IGH	lun_lcp3_tum_bulk_1_2_2_top78.clonotypes.IGH	78	78	60	60	7988	5420	7329	5085	1.0	0.9999999999999991	0.9175012518778167	0.9381918819188186	0.9470362335065694	0.7082122950554172	0.0098619329	0.9277888909456293	0.9122307771765212	0.1374426000426918	0.069066039986767	0.1802353358139274	0.011582762209667495	0.625	0.9524684691584564	.	.
