1_sample_id	2_sample_id	div1	div2	div12	div21	count1	count2	count12	count21	freq1	freq2	freq12	freq21	R	Rs	D	F	F2	vJSD	vjJSD	vj2JSD	sJSD	Jaccard	MorisitaHorn	1_metadata_blank	2_metadata_blank
lun_lcp3_LN_bulk_1_1_1_top28.clonotypes.IGHM	lun_lcp3_LN_bulk_1_1_2_top28.clonotypes.IGHM	28	28	3	3	2283	1197	246	149	1.0000000000000002	1.0000000000000002	0.10775295663600525	0.12447786131996658	0.5993675517580077	0.5	0.0038265306	0.11581389205511156	0.11500212000066594	0.3966704062312805	0.20689417542801744	0.6453436078334548	0.30868510101302027	0.0566037736	0.9571854506227341	.	.
lun_lcp3_LN_bulk_1_1_1_top28.clonotypes.IGHM	lun_lcp3_LN_bulk_1_2_1_top28.clonotypes.IGHM	28	28	2	2	2283	1759	189	93	1.0000000000000002	1.0000000000000004	0.08278580814717476	0.052870949403069925	0.0	0.0	0.0025510204	0.06615862962487608	0.06604799313766362	0.3171943165163487	0.20439551981712592	0.39322163255628323	0.3562904645434502	0.037037037	0.9077322970921483	.	.
lun_lcp3_LN_bulk_1_1_1_top28.clonotypes.IGHM	lun_lcp3_LN_bulk_1_2_2_top28.clonotypes.IGHM	28	28	3	3	2283	1052	373	155	1.0000000000000002	1.0	0.1633815155497153	0.1473384030418251	-0.2165488985790266	0.5	0.0038265306	0.15515273632020857	0.1452619617618684	0.29087262856094315	0.1558443863534825	0.4161875059755111	0.23091601978027798	0.0566037736	0.7694436649835922	.	.
lun_lcp3_LN_bulk_1_1_1_top28.clonotypes.IGHM	lun_lcp3_LN_bulk_1_3_1_top28.clonotypes.IGHM	28	28	3	3	2283	1469	327	165	1.0000000000000002	1.0000000000000002	0.14323258869908018	0.1123213070115725	0.98870086413285	1.0	0.0038265306	0.12683876209318537	0.1262384322656518	0.18491944563136214	0.13383654295707081	0.4611855586141846	0.25878443304126775	0.0566037736	0.9429923311626942	.	.
lun_lcp3_LN_bulk_1_1_1_top28.clonotypes.IGHM	lun_lcp3_LN_bulk_1_3_2_top28.clonotypes.IGHM	28	28	2	2	2283	832	270	81	1.0000000000000002	1.0000000000000007	0.11826544021024968	0.09735576923076922	0.0	0.0	0.0025510204	0.10730248321956208	0.10479507600853268	0.4865979705539073	0.2883362905885947	0.6037963466104402	0.2973797185731689	0.037037037	0.8882595748178603	.	.
lun_lcp3_LN_bulk_1_1_1_top28.clonotypes.IGHM	lun_lcp3_norm_bulk_1_2_1_top28.clonotypes.IGHM	28	28	2	2	2283	2391	164	104	1.0000000000000002	0.9999999999999997	0.0718353044240035	0.043496445002091176	0.0	0.0	0.0025510204	0.05589794600955517	0.053747009619197234	0.2943434706473269	0.1790597871366363	0.539207369740396	0.45822807850514247	0.037037037	0.7410472472832742	.	.
lun_lcp3_LN_bulk_1_1_1_top28.clonotypes.IGHM	lun_lcp3_norm_bulk_1_2_2_top28.clonotypes.IGHM	28	28	1	1	2283	1598	47	22	1.0000000000000002	1.0000000000000004	0.02058694699956198	0.01376720901126408	0.0	0.0	0.0012755102	0.01683522504295044	0.01683522504295044	0.25049401226774	0.16678942083990606	0.4701846113669626	0.5220129093165232	0.0181818182	0.92417349481242	.	.
lun_lcp3_LN_bulk_1_1_1_top28.clonotypes.IGHM	lun_lcp3_norm_bulk_1_3_1_top28.clonotypes.IGHM	28	9	0	0	2283	47	0	0	1.0000000000000002	1.0000000000000002	0.0	0.0	0.0	0.0	0.0	0.0	0.0	0.4942300207751005	0.29906170249464425	0.6031544860413608	0.6106001353010617	0.0	NaN	.	.
lun_lcp3_LN_bulk_1_1_1_top28.clonotypes.IGHM	lun_lcp3_norm_bulk_1_3_2_top28.clonotypes.IGHM	28	28	1	1	2283	1424	117	21	1.0000000000000002	1.0000000000000004	0.051248357424441525	0.014747191011235955	0.0	0.0	0.0012755102	0.0274912589007912	0.0274912589007912	0.31855103960495657	0.19432758130675315	0.5016910924428599	0.36210147473053655	0.0181818182	0.5315069331744973	.	.
lun_lcp3_LN_bulk_1_1_1_top28.clonotypes.IGHM	lun_lcp3_PBMC_bulk_1_1_1_top28.clonotypes.IGHM	28	28	0	0	2283	13075	0	0	1.0000000000000002	0.9999999999999997	0.0	0.0	0.0	0.0	0.0	0.0	0.0	0.5572459203842185	0.32020292049601606	0.6191441033530762	0.4630797340058045	0.0	NaN	.	.
lun_lcp3_LN_bulk_1_1_1_top28.clonotypes.IGHM	lun_lcp3_PBMC_bulk_1_1_2_top28.clonotypes.IGHM	28	28	0	0	2283	7939	0	0	1.0000000000000002	0.9999999999999999	0.0	0.0	0.0	0.0	0.0	0.0	0.0	0.4852551230159284	0.28943544741903776	0.5942829628069397	0.42951638717282364	0.0	NaN	.	.
lun_lcp3_LN_bulk_1_1_1_top28.clonotypes.IGHM	lun_lcp3_tum_bulk_1_1_1_top28.clonotypes.IGHM	28	28	0	0	2283	203	0	0	1.0000000000000002	0.9999999999999994	0.0	0.0	0.0	0.0	0.0	0.0	0.0	0.47142070093229704	0.28637663803896996	0.7413480206330799	0.533339588566118	0.0	NaN	.	.
lun_lcp3_LN_bulk_1_1_1_top28.clonotypes.IGHM	lun_lcp3_tum_bulk_1_1_2_top28.clonotypes.IGHM	28	28	0	0	2283	584	0	0	1.0000000000000002	1.0	0.0	0.0	0.0	0.0	0.0	0.0	0.0	0.54372870336504	0.3121477802337547	0.7395785806433085	0.5923777064205532	0.0	NaN	.	.
lun_lcp3_LN_bulk_1_1_1_top28.clonotypes.IGHM	lun_lcp3_tum_bulk_1_2_1_top28.clonotypes.IGHM	28	28	0	0	2283	457	0	0	1.0000000000000002	0.9999999999999999	0.0	0.0	0.0	0.0	0.0	0.0	0.0	0.38156063344150304	0.26235718749367504	0.6746135573612674	0.5610392412535029	0.0	NaN	.	.
lun_lcp3_LN_bulk_1_1_1_top28.clonotypes.IGHM	lun_lcp3_tum_bulk_1_2_2_top28.clonotypes.IGHM	28	28	0	0	2283	348	0	0	1.0000000000000002	1.0	0.0	0.0	0.0	0.0	0.0	0.0	0.0	0.4922962219883954	0.3588483943585522	0.6774786235207535	0.6051251778688767	0.0	NaN	.	.
lun_lcp3_LN_bulk_1_1_2_top28.clonotypes.IGHM	lun_lcp3_LN_bulk_1_2_1_top28.clonotypes.IGHM	28	28	2	2	1197	1759	118	93	1.0000000000000002	1.0000000000000004	0.0985797827903091	0.052870949403069925	0.0	0.0	0.0025510204	0.07219422904964119	0.07092173831615556	0.33286840474591434	0.1924159476611424	0.5859133471952175	0.17104751269687474	0.037037037	0.7795286597649614	.	.
lun_lcp3_LN_bulk_1_1_2_top28.clonotypes.IGHM	lun_lcp3_LN_bulk_1_2_2_top28.clonotypes.IGHM	28	28	2	2	1197	1052	118	120	1.0000000000000002	1.0	0.0985797827903091	0.11406844106463879	0.0	0.0	0.0025510204	0.10604170002117688	0.09738330732883914	0.3470095107596021	0.19398152559805443	0.6353277619266063	0.1997557208027347	0.037037037	0.7295217515632372	.	.
lun_lcp3_LN_bulk_1_1_2_top28.clonotypes.IGHM	lun_lcp3_LN_bulk_1_3_1_top28.clonotypes.IGHM	28	28	3	3	1197	1469	172	125	1.0000000000000002	1.0000000000000002	0.14369256474519632	0.08509189925119129	0.2136946576440566	-0.5	0.0038265306	0.11057609706642538	0.10890786046542071	0.3494860041287316	0.20351053209016784	0.5239948299859152	0.17116771927855387	0.0566037736	0.8150724257068166	.	.
lun_lcp3_LN_bulk_1_1_2_top28.clonotypes.IGHM	lun_lcp3_LN_bulk_1_3_2_top28.clonotypes.IGHM	28	28	1	1	1197	832	69	43	1.0000000000000002	1.0000000000000007	0.05764411027568922	0.051682692307692304	0.0	0.0	0.0012755102	0.054582074115309416	0.054582074115309416	0.44480315564446704	0.24671647218605317	0.6047614746988651	0.2766936515250369	0.0181818182	0.9940709316942647	.	.
lun_lcp3_LN_bulk_1_1_2_top28.clonotypes.IGHM	lun_lcp3_norm_bulk_1_2_1_top28.clonotypes.IGHM	28	28	1	1	1197	2391	129	58	1.0000000000000002	0.9999999999999997	0.10776942355889724	0.02425763278962777	0.0	0.0	0.0012755102	0.051129552145912534	0.051129552145912534	0.4332267644754889	0.2552467557762798	0.5630027187572797	0.209812251125005	0.0181818182	0.42846830403151026	.	.
lun_lcp3_LN_bulk_1_1_2_top28.clonotypes.IGHM	lun_lcp3_norm_bulk_1_2_2_top28.clonotypes.IGHM	28	28	0	0	1197	1598	0	0	1.0000000000000002	1.0000000000000004	0.0	0.0	0.0	0.0	0.0	0.0	0.0	0.2609449783867815	0.18840833500030207	0.4969253126721465	0.27516250498106415	0.0	NaN	.	.
lun_lcp3_LN_bulk_1_1_2_top28.clonotypes.IGHM	lun_lcp3_norm_bulk_1_3_1_top28.clonotypes.IGHM	28	9	0	0	1197	47	0	0	1.0000000000000002	1.0000000000000002	0.0	0.0	0.0	0.0	0.0	0.0	0.0	0.5541866736022996	0.3419264664858231	0.6429708245004295	0.36961946325492956	0.0	NaN	.	.
lun_lcp3_LN_bulk_1_1_2_top28.clonotypes.IGHM	lun_lcp3_norm_bulk_1_3_2_top28.clonotypes.IGHM	28	28	0	0	1197	1424	0	0	1.0000000000000002	1.0000000000000004	0.0	0.0	0.0	0.0	0.0	0.0	0.0	0.29617225148546644	0.16990391547504427	0.6646610851829325	0.2528698523424534	0.0	NaN	.	.
lun_lcp3_LN_bulk_1_1_2_top28.clonotypes.IGHM	lun_lcp3_PBMC_bulk_1_1_1_top28.clonotypes.IGHM	28	28	0	0	1197	13075	0	0	1.0000000000000002	0.9999999999999997	0.0	0.0	0.0	0.0	0.0	0.0	0.0	0.483770483589599	0.2656217807078499	0.7856328327824691	0.5463011877731623	0.0	NaN	.	.
lun_lcp3_LN_bulk_1_1_2_top28.clonotypes.IGHM	lun_lcp3_PBMC_bulk_1_1_2_top28.clonotypes.IGHM	28	28	0	0	1197	7939	0	0	1.0000000000000002	0.9999999999999999	0.0	0.0	0.0	0.0	0.0	0.0	0.0	0.2788575920395258	0.16570758113327042	0.5613664983638313	0.3622633965388603	0.0	NaN	.	.
lun_lcp3_LN_bulk_1_1_2_top28.clonotypes.IGHM	lun_lcp3_tum_bulk_1_1_1_top28.clonotypes.IGHM	28	28	1	1	1197	203	23	6	1.0000000000000002	0.9999999999999994	0.01921470342522974	0.029556650246305417	0.0	0.0	0.0012755102	0.023831119753926842	0.023831119753926842	0.5902210752391078	0.35927417476299595	0.9110997630075163	0.32971396337403647	0.0181818182	0.9139396286638645	.	.
lun_lcp3_LN_bulk_1_1_2_top28.clonotypes.IGHM	lun_lcp3_tum_bulk_1_1_2_top28.clonotypes.IGHM	28	28	1	1	1197	584	26	7	1.0000000000000002	1.0	0.02172096908939014	0.011986301369863013	0.0	0.0	0.0012755102	0.016135491363788994	0.016135491363788994	0.5911988580865016	0.3292272282819382	0.8794088173889657	0.4208135892694253	0.0181818182	0.8460307404308473	.	.
lun_lcp3_LN_bulk_1_1_2_top28.clonotypes.IGHM	lun_lcp3_tum_bulk_1_2_1_top28.clonotypes.IGHM	28	28	1	1	1197	457	23	28	1.0000000000000002	0.9999999999999999	0.01921470342522974	0.061269146608315096	0.0	0.0	0.0012755102	0.03431134624574931	0.03431134624574931	0.5544041027985053	0.3565458071659466	0.8272154330921233	0.2750863277271938	0.0181818182	0.571058051172768	.	.
lun_lcp3_LN_bulk_1_1_2_top28.clonotypes.IGHM	lun_lcp3_tum_bulk_1_2_2_top28.clonotypes.IGHM	28	28	1	1	1197	348	23	10	1.0000000000000002	1.0	0.01921470342522974	0.028735632183908046	0.0	0.0	0.0012755102	0.023497800964138747	0.023497800964138747	0.6725864668355596	0.4440445368138528	0.9008426616716463	0.33303987635574034	0.0181818182	0.9241401414443169	.	.
lun_lcp3_LN_bulk_1_2_1_top28.clonotypes.IGHM	lun_lcp3_LN_bulk_1_2_2_top28.clonotypes.IGHM	28	28	2	2	1759	1052	93	120	1.0000000000000004	1.0	0.052870949403069925	0.11406844106463879	0.0	0.0	0.0025510204	0.07765891304940845	0.07580614097863991	0.35973197107563615	0.21511589227543146	0.5582261898159453	0.1759665356715405	0.037037037	0.6570501593223801	.	.
lun_lcp3_LN_bulk_1_2_1_top28.clonotypes.IGHM	lun_lcp3_LN_bulk_1_3_1_top28.clonotypes.IGHM	28	28	1	1	1759	1469	37	44	1.0000000000000004	1.0000000000000002	0.021034678794769755	0.029952348536419333	0.0	0.0	0.0012755102	0.025100558372525752	0.025100558372525752	0.5101912941794592	0.2812826754450325	0.668819721448934	0.21750390771249115	0.0181818182	0.9406354281136413	.	.
lun_lcp3_LN_bulk_1_2_1_top28.clonotypes.IGHM	lun_lcp3_LN_bulk_1_3_2_top28.clonotypes.IGHM	28	28	1	1	1759	832	37	43	1.0000000000000004	1.0000000000000007	0.021034678794769755	0.051682692307692304	0.0	0.0	0.0012755102	0.032971636779832836	0.032971636779832836	0.5444753963124125	0.2748266314574496	0.6045556886968224	0.1944598144643052	0.0181818182	0.6983192178301523	.	.
lun_lcp3_LN_bulk_1_2_1_top28.clonotypes.IGHM	lun_lcp3_norm_bulk_1_2_1_top28.clonotypes.IGHM	28	28	1	1	1759	2391	43	37	1.0000000000000004	0.9999999999999997	0.0244457077885162	0.01547469677959013	0.0	0.0	0.0012755102	0.019449676490619402	0.019449676490619402	0.4366915350178889	0.24893558288543427	0.5919022512601461	0.334097498049524	0.0181818182	0.90385498387832	.	.
lun_lcp3_LN_bulk_1_2_1_top28.clonotypes.IGHM	lun_lcp3_norm_bulk_1_2_2_top28.clonotypes.IGHM	28	28	0	0	1759	1598	0	0	1.0000000000000004	1.0000000000000004	0.0	0.0	0.0	0.0	0.0	0.0	0.0	0.3538586118338082	0.2275107313088198	0.5412553698990374	0.4364897748191301	0.0	NaN	.	.
lun_lcp3_LN_bulk_1_2_1_top28.clonotypes.IGHM	lun_lcp3_norm_bulk_1_3_1_top28.clonotypes.IGHM	28	9	0	0	1759	47	0	0	1.0000000000000004	1.0000000000000002	0.0	0.0	0.0	0.0	0.0	0.0	0.0	0.5024957416254088	0.3113925662122569	0.6973890990366025	0.3701018723628612	0.0	NaN	.	.
lun_lcp3_LN_bulk_1_2_1_top28.clonotypes.IGHM	lun_lcp3_norm_bulk_1_3_2_top28.clonotypes.IGHM	28	28	0	0	1759	1424	0	0	1.0000000000000004	1.0000000000000004	0.0	0.0	0.0	0.0	0.0	0.0	0.0	0.45707488290424014	0.24019618193786071	0.6543297225335274	0.2504799639146446	0.0	NaN	.	.
lun_lcp3_LN_bulk_1_2_1_top28.clonotypes.IGHM	lun_lcp3_PBMC_bulk_1_1_1_top28.clonotypes.IGHM	28	28	0	0	1759	13075	0	0	1.0000000000000004	0.9999999999999997	0.0	0.0	0.0	0.0	0.0	0.0	0.0	0.4914902027447507	0.32126905925808547	0.5847103799799619	0.39191992420053	0.0	NaN	.	.
lun_lcp3_LN_bulk_1_2_1_top28.clonotypes.IGHM	lun_lcp3_PBMC_bulk_1_1_2_top28.clonotypes.IGHM	28	28	1	1	1759	7939	58	128	1.0000000000000004	0.9999999999999999	0.03297328027288232	0.016122937397657137	0.0	0.0	0.0012755102	0.023057019183647408	0.023057019183647408	0.4993058960680481	0.29999638791198424	0.6229687006358207	0.1999747194197442	0.0181818182	0.7892392089228437	.	.
lun_lcp3_LN_bulk_1_2_1_top28.clonotypes.IGHM	lun_lcp3_tum_bulk_1_1_1_top28.clonotypes.IGHM	28	28	2	2	1759	203	183	12	1.0000000000000004	0.9999999999999994	0.10403638430926662	0.059113300492610835	0.0	0.0	0.0025510204	0.07842151521003927	0.07699384787091058	0.5067744545639338	0.353582063627755	0.7046952932774391	0.43356324818130976	0.037037037	0.7958210686369864	.	.
lun_lcp3_LN_bulk_1_2_1_top28.clonotypes.IGHM	lun_lcp3_tum_bulk_1_1_2_top28.clonotypes.IGHM	28	28	2	2	1759	584	183	69	1.0000000000000004	1.0	0.10403638430926662	0.11815068493150685	0.0	0.0	0.0025510204	0.11086915740609433	0.11077149140145998	0.5287874478793009	0.28902832341339596	0.6976428893753347	0.4236678438121107	0.037037037	0.9903998632086397	.	.
lun_lcp3_LN_bulk_1_2_1_top28.clonotypes.IGHM	lun_lcp3_tum_bulk_1_2_1_top28.clonotypes.IGHM	28	28	1	1	1759	457	72	17	1.0000000000000004	0.9999999999999999	0.04093234792495736	0.037199124726477024	0.0	0.0	0.0012755102	0.0390211162809067	0.0390211162809067	0.42946616629005474	0.2980610453407636	0.6525858055844481	0.25764670863612515	0.0181818182	0.9954442959838953	.	.
lun_lcp3_LN_bulk_1_2_1_top28.clonotypes.IGHM	lun_lcp3_tum_bulk_1_2_2_top28.clonotypes.IGHM	28	28	1	1	1759	348	72	13	1.0000000000000004	1.0	0.04093234792495736	0.03735632183908046	0.0	0.0	0.0012755102	0.039103477629412	0.039103477629412	0.4682269331747576	0.329825590301404	0.669413947623998	0.2297917068795256	0.0181818182	0.9958358310278763	.	.
lun_lcp3_LN_bulk_1_2_2_top28.clonotypes.IGHM	lun_lcp3_LN_bulk_1_3_1_top28.clonotypes.IGHM	28	28	2	2	1052	1469	59	124	1.0	1.0000000000000002	0.05608365019011407	0.08441116405718176	0.0	0.0	0.0025510204	0.06880469603975671	0.0687062038020144	0.34136102967580007	0.1994356935510574	0.5849549119274706	0.15348185114533902	0.037037037	0.9089427569531463	.	.
lun_lcp3_LN_bulk_1_2_2_top28.clonotypes.IGHM	lun_lcp3_LN_bulk_1_3_2_top28.clonotypes.IGHM	28	28	2	2	1052	832	59	81	1.0	1.0000000000000007	0.05608365019011407	0.09735576923076922	0.0	0.0	0.0025510204	0.07389226553251654	0.07331892713254667	0.5040638479436081	0.28594213170992494	0.6618685073873289	0.10141084316986916	0.037037037	0.8453662904556203	.	.
lun_lcp3_LN_bulk_1_2_2_top28.clonotypes.IGHM	lun_lcp3_norm_bulk_1_2_1_top28.clonotypes.IGHM	28	28	0	0	1052	2391	0	0	1.0	0.9999999999999997	0.0	0.0	0.0	0.0	0.0	0.0	0.0	0.45964968728295114	0.24240979038624597	0.6482035547097531	0.30329367013165714	0.0	NaN	.	.
lun_lcp3_LN_bulk_1_2_2_top28.clonotypes.IGHM	lun_lcp3_norm_bulk_1_2_2_top28.clonotypes.IGHM	28	28	0	0	1052	1598	0	0	1.0	1.0000000000000004	0.0	0.0	0.0	0.0	0.0	0.0	0.0	0.2969031328264136	0.17733959212083922	0.45416870907604456	0.35698079189802623	0.0	NaN	.	.
lun_lcp3_LN_bulk_1_2_2_top28.clonotypes.IGHM	lun_lcp3_norm_bulk_1_3_1_top28.clonotypes.IGHM	28	9	0	0	1052	47	0	0	1.0	1.0000000000000002	0.0	0.0	0.0	0.0	0.0	0.0	0.0	0.5383568212788811	0.2948912382563337	0.6964465968461553	0.3658994407204043	0.0	NaN	.	.
lun_lcp3_LN_bulk_1_2_2_top28.clonotypes.IGHM	lun_lcp3_norm_bulk_1_3_2_top28.clonotypes.IGHM	28	28	0	0	1052	1424	0	0	1.0	1.0000000000000004	0.0	0.0	0.0	0.0	0.0	0.0	0.0	0.37020488234956694	0.21230819580128427	0.5583220303046919	0.23583640126516203	0.0	NaN	.	.
lun_lcp3_LN_bulk_1_2_2_top28.clonotypes.IGHM	lun_lcp3_PBMC_bulk_1_1_1_top28.clonotypes.IGHM	28	28	0	0	1052	13075	0	0	1.0	0.9999999999999997	0.0	0.0	0.0	0.0	0.0	0.0	0.0	0.466532877664825	0.30674278419632245	0.6438124724747022	0.3455523069585305	0.0	NaN	.	.
lun_lcp3_LN_bulk_1_2_2_top28.clonotypes.IGHM	lun_lcp3_PBMC_bulk_1_1_2_top28.clonotypes.IGHM	28	28	0	0	1052	7939	0	0	1.0	0.9999999999999999	0.0	0.0	0.0	0.0	0.0	0.0	0.0	0.4170157844527452	0.28043371192950195	0.5676343509296824	0.21746411741298455	0.0	NaN	.	.
lun_lcp3_LN_bulk_1_2_2_top28.clonotypes.IGHM	lun_lcp3_tum_bulk_1_1_1_top28.clonotypes.IGHM	28	28	0	0	1052	203	0	0	1.0	0.9999999999999994	0.0	0.0	0.0	0.0	0.0	0.0	0.0	0.5327679316502825	0.3064365697115892	0.6853414593440638	0.38269356434749185	0.0	NaN	.	.
lun_lcp3_LN_bulk_1_2_2_top28.clonotypes.IGHM	lun_lcp3_tum_bulk_1_1_2_top28.clonotypes.IGHM	28	28	0	0	1052	584	0	0	1.0	1.0	0.0	0.0	0.0	0.0	0.0	0.0	0.0	0.550223744929827	0.2979303143760322	0.6943288368371235	0.36111072922062537	0.0	NaN	.	.
lun_lcp3_LN_bulk_1_2_2_top28.clonotypes.IGHM	lun_lcp3_tum_bulk_1_2_1_top28.clonotypes.IGHM	28	28	0	0	1052	457	0	0	1.0	0.9999999999999999	0.0	0.0	0.0	0.0	0.0	0.0	0.0	0.40252299380889306	0.26001098843048004	0.7279027575914352	0.2757067560490249	0.0	NaN	.	.
lun_lcp3_LN_bulk_1_2_2_top28.clonotypes.IGHM	lun_lcp3_tum_bulk_1_2_2_top28.clonotypes.IGHM	28	28	0	0	1052	348	0	0	1.0	1.0	0.0	0.0	0.0	0.0	0.0	0.0	0.0	0.5018717624118485	0.355094327930858	0.7504107300960688	0.2409613432941285	0.0	NaN	.	.
lun_lcp3_LN_bulk_1_3_1_top28.clonotypes.IGHM	lun_lcp3_LN_bulk_1_3_2_top28.clonotypes.IGHM	28	28	3	3	1469	832	264	126	1.0000000000000002	1.0000000000000007	0.179714091218516	0.15144230769230768	0.41175810978451083	0.5	0.0038265306	0.16497368486809633	0.16101329599835845	0.474624750513948	0.26332725999668616	0.6867019912430176	0.13911338001051413	0.0566037736	0.891013011373938	.	.
lun_lcp3_LN_bulk_1_3_1_top28.clonotypes.IGHM	lun_lcp3_norm_bulk_1_2_1_top28.clonotypes.IGHM	28	28	0	0	1469	2391	0	0	1.0000000000000002	0.9999999999999997	0.0	0.0	0.0	0.0	0.0	0.0	0.0	0.4006932780271547	0.22967010218778255	0.5859074346997217	0.1999029093259317	0.0	NaN	.	.
lun_lcp3_LN_bulk_1_3_1_top28.clonotypes.IGHM	lun_lcp3_norm_bulk_1_2_2_top28.clonotypes.IGHM	28	28	0	0	1469	1598	0	0	1.0000000000000002	1.0000000000000004	0.0	0.0	0.0	0.0	0.0	0.0	0.0	0.4013016467401997	0.26321974136352244	0.636575804916035	0.2588902517514404	0.0	NaN	.	.
lun_lcp3_LN_bulk_1_3_1_top28.clonotypes.IGHM	lun_lcp3_norm_bulk_1_3_1_top28.clonotypes.IGHM	28	9	0	0	1469	47	0	0	1.0000000000000002	1.0000000000000002	0.0	0.0	0.0	0.0	0.0	0.0	0.0	0.628669749790071	0.389635784885066	0.6759008835753686	0.23863314251600715	0.0	NaN	.	.
lun_lcp3_LN_bulk_1_3_1_top28.clonotypes.IGHM	lun_lcp3_norm_bulk_1_3_2_top28.clonotypes.IGHM	28	28	0	0	1469	1424	0	0	1.0000000000000002	1.0000000000000004	0.0	0.0	0.0	0.0	0.0	0.0	0.0	0.3422490964742527	0.17904030793225456	0.6015487992011928	0.18461847204725435	0.0	NaN	.	.
lun_lcp3_LN_bulk_1_3_1_top28.clonotypes.IGHM	lun_lcp3_PBMC_bulk_1_1_1_top28.clonotypes.IGHM	28	28	0	0	1469	13075	0	0	1.0000000000000002	0.9999999999999997	0.0	0.0	0.0	0.0	0.0	0.0	0.0	0.5686395981183603	0.34867827225956555	0.7947693636001681	0.2594002996790355	0.0	NaN	.	.
lun_lcp3_LN_bulk_1_3_1_top28.clonotypes.IGHM	lun_lcp3_PBMC_bulk_1_1_2_top28.clonotypes.IGHM	28	28	0	0	1469	7939	0	0	1.0000000000000002	0.9999999999999999	0.0	0.0	0.0	0.0	0.0	0.0	0.0	0.47393935860796926	0.3242292947545394	0.6709996404138325	0.17868458733068238	0.0	NaN	.	.
lun_lcp3_LN_bulk_1_3_1_top28.clonotypes.IGHM	lun_lcp3_tum_bulk_1_1_1_top28.clonotypes.IGHM	28	28	0	0	1469	203	0	0	1.0000000000000002	0.9999999999999994	0.0	0.0	0.0	0.0	0.0	0.0	0.0	0.4725568885100732	0.2726147040892034	0.8678526732620898	0.30614766272002936	0.0	NaN	.	.
lun_lcp3_LN_bulk_1_3_1_top28.clonotypes.IGHM	lun_lcp3_tum_bulk_1_1_2_top28.clonotypes.IGHM	28	28	0	0	1469	584	0	0	1.0000000000000002	1.0	0.0	0.0	0.0	0.0	0.0	0.0	0.0	0.6081773415872735	0.308079371719199	0.8913423742557076	0.3358383690799438	0.0	NaN	.	.
lun_lcp3_LN_bulk_1_3_1_top28.clonotypes.IGHM	lun_lcp3_tum_bulk_1_2_1_top28.clonotypes.IGHM	28	28	0	0	1469	457	0	0	1.0000000000000002	0.9999999999999999	0.0	0.0	0.0	0.0	0.0	0.0	0.0	0.5374750664486335	0.3027686156101705	0.8045492685541136	0.1443854079404495	0.0	NaN	.	.
lun_lcp3_LN_bulk_1_3_1_top28.clonotypes.IGHM	lun_lcp3_tum_bulk_1_2_2_top28.clonotypes.IGHM	28	28	0	0	1469	348	0	0	1.0000000000000002	1.0	0.0	0.0	0.0	0.0	0.0	0.0	0.0	0.6030267667353202	0.3558829053740796	0.8035817803440042	0.20045514959644092	0.0	NaN	.	.
lun_lcp3_LN_bulk_1_3_2_top28.clonotypes.IGHM	lun_lcp3_norm_bulk_1_2_1_top28.clonotypes.IGHM	28	28	0	0	832	2391	0	0	1.0000000000000007	0.9999999999999997	0.0	0.0	0.0	0.0	0.0	0.0	0.0	0.4164071529952871	0.24413932901756907	0.5947895641444221	0.3856773089874639	0.0	NaN	.	.
lun_lcp3_LN_bulk_1_3_2_top28.clonotypes.IGHM	lun_lcp3_norm_bulk_1_2_2_top28.clonotypes.IGHM	28	28	0	0	832	1598	0	0	1.0000000000000007	1.0000000000000004	0.0	0.0	0.0	0.0	0.0	0.0	0.0	0.4283808968148582	0.2754802670406138	0.5718016652119489	0.4232905893366185	0.0	NaN	.	.
lun_lcp3_LN_bulk_1_3_2_top28.clonotypes.IGHM	lun_lcp3_norm_bulk_1_3_1_top28.clonotypes.IGHM	28	9	0	0	832	47	0	0	1.0000000000000007	1.0000000000000002	0.0	0.0	0.0	0.0	0.0	0.0	0.0	0.47695266894353894	0.2937314079356764	0.6979868602400648	0.34738092059300685	0.0	NaN	.	.
lun_lcp3_LN_bulk_1_3_2_top28.clonotypes.IGHM	lun_lcp3_norm_bulk_1_3_2_top28.clonotypes.IGHM	28	28	0	0	832	1424	0	0	1.0000000000000007	1.0000000000000004	0.0	0.0	0.0	0.0	0.0	0.0	0.0	0.3629239164092323	0.19876690134518682	0.5696890701878027	0.2079736504908098	0.0	NaN	.	.
lun_lcp3_LN_bulk_1_3_2_top28.clonotypes.IGHM	lun_lcp3_PBMC_bulk_1_1_1_top28.clonotypes.IGHM	28	28	0	0	832	13075	0	0	1.0000000000000007	0.9999999999999997	0.0	0.0	0.0	0.0	0.0	0.0	0.0	0.5158540708892724	0.32892649241222094	0.7163207299981414	0.2108852352764443	0.0	NaN	.	.
lun_lcp3_LN_bulk_1_3_2_top28.clonotypes.IGHM	lun_lcp3_PBMC_bulk_1_1_2_top28.clonotypes.IGHM	28	28	0	0	832	7939	0	0	1.0000000000000007	0.9999999999999999	0.0	0.0	0.0	0.0	0.0	0.0	0.0	0.5066188275891217	0.29982864832032835	0.6504116918656704	0.1167867941379212	0.0	NaN	.	.
lun_lcp3_LN_bulk_1_3_2_top28.clonotypes.IGHM	lun_lcp3_tum_bulk_1_1_1_top28.clonotypes.IGHM	28	28	0	0	832	203	0	0	1.0000000000000007	0.9999999999999994	0.0	0.0	0.0	0.0	0.0	0.0	0.0	0.822348274482204	0.5060783537810518	0.8706415137442637	0.36553763240552245	0.0	NaN	.	.
lun_lcp3_LN_bulk_1_3_2_top28.clonotypes.IGHM	lun_lcp3_tum_bulk_1_1_2_top28.clonotypes.IGHM	28	28	0	0	832	584	0	0	1.0000000000000007	1.0	0.0	0.0	0.0	0.0	0.0	0.0	0.0	0.725436440169548	0.39098491347940495	0.8550474703197279	0.32573567892015826	0.0	NaN	.	.
lun_lcp3_LN_bulk_1_3_2_top28.clonotypes.IGHM	lun_lcp3_tum_bulk_1_2_1_top28.clonotypes.IGHM	28	28	1	1	832	457	24	14	1.0000000000000007	0.9999999999999999	0.028846153846153848	0.030634573304157548	0.0	0.0	0.0012755102	0.029726917340064142	0.029726917340064142	0.6628050347653069	0.42427168858576725	0.8441314392817294	0.19714792432294337	0.0181818182	0.9981935589688609	.	.
lun_lcp3_LN_bulk_1_3_2_top28.clonotypes.IGHM	lun_lcp3_tum_bulk_1_2_2_top28.clonotypes.IGHM	28	28	0	0	832	348	0	0	1.0000000000000007	1.0	0.0	0.0	0.0	0.0	0.0	0.0	0.0	0.6982850597399324	0.46097819848568605	0.8978976842005557	0.16064931113121653	0.0	NaN	.	.
lun_lcp3_norm_bulk_1_2_1_top28.clonotypes.IGHM	lun_lcp3_norm_bulk_1_2_2_top28.clonotypes.IGHM	28	28	6	6	2391	1598	1517	1042	0.9999999999999997	1.0000000000000004	0.6344625679631953	0.6520650813516896	0.9973772822737647	0.6377481392176932	0.007653061225	0.6432036116141784	0.6366771141865007	0.1907379739329522	0.10736162127292664	0.26562714535446413	0.07240587591092874	0.12	0.9966412574066021	.	.
lun_lcp3_norm_bulk_1_2_1_top28.clonotypes.IGHM	lun_lcp3_norm_bulk_1_3_1_top28.clonotypes.IGHM	28	9	3	3	2391	47	1330	29	0.9999999999999997	1.0000000000000002	0.5562526139690506	0.6170212765957446	0.9955291725042282	0.5	0.0119047619	0.5858495523433499	0.5749048180595254	0.21181595485160665	0.137567852229292	0.3026656318018529	0.155630173786886	0.0882352941	0.9907041065348549	.	.
lun_lcp3_norm_bulk_1_2_1_top28.clonotypes.IGHM	lun_lcp3_norm_bulk_1_3_2_top28.clonotypes.IGHM	28	28	4	4	2391	1424	1407	422	0.9999999999999997	1.0000000000000004	0.5884567126725219	0.29634831460674155	0.9979565502792923	0.8	0.0051020408	0.41759807832355433	0.41493090027839064	0.2634810561930804	0.15329501219774272	0.37813405879192086	0.22873121374392216	0.0769230769	0.7610731615642476	.	.
lun_lcp3_norm_bulk_1_2_1_top28.clonotypes.IGHM	lun_lcp3_PBMC_bulk_1_1_1_top28.clonotypes.IGHM	28	28	0	0	2391	13075	0	0	0.9999999999999997	0.9999999999999997	0.0	0.0	0.0	0.0	0.0	0.0	0.0	0.6084616150856984	0.4049326857406898	0.8230538673853138	0.4536710003619502	0.0	NaN	.	.
lun_lcp3_norm_bulk_1_2_1_top28.clonotypes.IGHM	lun_lcp3_PBMC_bulk_1_1_2_top28.clonotypes.IGHM	28	28	0	0	2391	7939	0	0	0.9999999999999997	0.9999999999999999	0.0	0.0	0.0	0.0	0.0	0.0	0.0	0.5648845496686536	0.37901515222851895	0.7127517140782764	0.4086158682592362	0.0	NaN	.	.
lun_lcp3_norm_bulk_1_2_1_top28.clonotypes.IGHM	lun_lcp3_tum_bulk_1_1_1_top28.clonotypes.IGHM	28	28	1	1	2391	203	38	4	0.9999999999999997	0.9999999999999994	0.01589293182768716	0.019704433497536946	0.0	0.0	0.0012755102	0.017696361724364416	0.017696361724364416	0.7058446074975079	0.41232070330405285	0.8732453327331989	0.43034496153553803	0.0181818182	0.9773308178235502	.	.
lun_lcp3_norm_bulk_1_2_1_top28.clonotypes.IGHM	lun_lcp3_tum_bulk_1_1_2_top28.clonotypes.IGHM	28	28	1	1	2391	584	38	9	0.9999999999999997	1.0	0.01589293182768716	0.015410958904109588	0.0	0.0	0.0012755102	0.015650090072018823	0.015650090072018823	0.722111040960891	0.37548769225638995	0.8397617669540085	0.4590259753740844	0.0181818182	0.9995260028827835	.	.
lun_lcp3_norm_bulk_1_2_1_top28.clonotypes.IGHM	lun_lcp3_tum_bulk_1_2_1_top28.clonotypes.IGHM	28	28	0	0	2391	457	0	0	0.9999999999999997	0.9999999999999999	0.0	0.0	0.0	0.0	0.0	0.0	0.0	0.5336368264325897	0.3068827863569414	0.7605968901720669	0.27488838671563576	0.0	NaN	.	.
lun_lcp3_norm_bulk_1_2_1_top28.clonotypes.IGHM	lun_lcp3_tum_bulk_1_2_2_top28.clonotypes.IGHM	28	28	0	0	2391	348	0	0	0.9999999999999997	1.0	0.0	0.0	0.0	0.0	0.0	0.0	0.0	0.6550943725668086	0.4010101545254913	0.8367469870580357	0.3667927717488408	0.0	NaN	.	.
lun_lcp3_norm_bulk_1_2_2_top28.clonotypes.IGHM	lun_lcp3_norm_bulk_1_3_1_top28.clonotypes.IGHM	28	9	1	1	1598	47	856	23	1.0000000000000004	1.0000000000000002	0.5356695869837297	0.48936170212765956	0.0	0.0	0.003968254	0.5119923640684286	0.5119923640684286	0.23162475145173583	0.16446937805628564	0.31625192569806754	0.12776949619360922	0.0277777778	0.995926383288947	.	.
lun_lcp3_norm_bulk_1_2_2_top28.clonotypes.IGHM	lun_lcp3_norm_bulk_1_3_2_top28.clonotypes.IGHM	28	28	4	4	1598	1424	974	429	1.0000000000000004	1.0000000000000004	0.6095118898623278	0.30126404494382025	0.9942036774649664	0.8	0.0051020408	0.42851373067998316	0.419349989102968	0.21913559085222442	0.15281243771412253	0.3690670427090184	0.1535098446875819	0.0769230769	0.7333717688062872	.	.
lun_lcp3_norm_bulk_1_2_2_top28.clonotypes.IGHM	lun_lcp3_PBMC_bulk_1_1_1_top28.clonotypes.IGHM	28	28	0	0	1598	13075	0	0	1.0000000000000004	0.9999999999999997	0.0	0.0	0.0	0.0	0.0	0.0	0.0	0.574928881404198	0.41313549514976183	0.7215427706665155	0.47670536909179034	0.0	NaN	.	.
lun_lcp3_norm_bulk_1_2_2_top28.clonotypes.IGHM	lun_lcp3_PBMC_bulk_1_1_2_top28.clonotypes.IGHM	28	28	0	0	1598	7939	0	0	1.0000000000000004	0.9999999999999999	0.0	0.0	0.0	0.0	0.0	0.0	0.0	0.35634488042332924	0.28964109944559285	0.5082861197086564	0.48532497192562385	0.0	NaN	.	.
lun_lcp3_norm_bulk_1_2_2_top28.clonotypes.IGHM	lun_lcp3_tum_bulk_1_1_1_top28.clonotypes.IGHM	28	28	0	0	1598	203	0	0	1.0000000000000004	0.9999999999999994	0.0	0.0	0.0	0.0	0.0	0.0	0.0	0.60964420752561	0.39514545318688893	0.8123389763697269	0.5353002638826747	0.0	NaN	.	.
lun_lcp3_norm_bulk_1_2_2_top28.clonotypes.IGHM	lun_lcp3_tum_bulk_1_1_2_top28.clonotypes.IGHM	28	28	0	0	1598	584	0	0	1.0000000000000004	1.0	0.0	0.0	0.0	0.0	0.0	0.0	0.0	0.5741661303428626	0.3278341657210918	0.733902345243558	0.5269372796505641	0.0	NaN	.	.
lun_lcp3_norm_bulk_1_2_2_top28.clonotypes.IGHM	lun_lcp3_tum_bulk_1_2_1_top28.clonotypes.IGHM	28	28	0	0	1598	457	0	0	1.0000000000000004	0.9999999999999999	0.0	0.0	0.0	0.0	0.0	0.0	0.0	0.474801761107019	0.28705418487479034	0.6652248667832028	0.31332319029663813	0.0	NaN	.	.
lun_lcp3_norm_bulk_1_2_2_top28.clonotypes.IGHM	lun_lcp3_tum_bulk_1_2_2_top28.clonotypes.IGHM	28	28	0	0	1598	348	0	0	1.0000000000000004	1.0	0.0	0.0	0.0	0.0	0.0	0.0	0.0	0.5833718800404665	0.3728960663829303	0.7680824527299953	0.39842180405194705	0.0	NaN	.	.
lun_lcp3_norm_bulk_1_3_1_top28.clonotypes.IGHM	lun_lcp3_norm_bulk_1_3_2_top28.clonotypes.IGHM	9	28	4	4	47	1424	30	449	1.0000000000000002	1.0000000000000004	0.6382978723404255	0.3153089887640449	0.9975604822511961	0.9486832980505138	0.0158730159	0.44862128422300807	0.4474090864273147	0.34708175094316585	0.24548547412290353	0.4833138541106206	0.16518880143712183	0.1212121212	0.7803344809990809	.	.
lun_lcp3_norm_bulk_1_3_1_top28.clonotypes.IGHM	lun_lcp3_PBMC_bulk_1_1_1_top28.clonotypes.IGHM	9	28	0	0	47	13075	0	0	1.0000000000000002	0.9999999999999997	0.0	0.0	0.0	0.0	0.0	0.0	0.0	0.7607387110238572	0.5154315720895223	0.8863038018625774	0.2983759081819473	0.0	NaN	.	.
lun_lcp3_norm_bulk_1_3_1_top28.clonotypes.IGHM	lun_lcp3_PBMC_bulk_1_1_2_top28.clonotypes.IGHM	9	28	0	0	47	7939	0	0	1.0000000000000002	0.9999999999999999	0.0	0.0	0.0	0.0	0.0	0.0	0.0	0.6838874402816304	0.44513947395462045	0.7516934678301151	0.3075686442436915	0.0	NaN	.	.
lun_lcp3_norm_bulk_1_3_1_top28.clonotypes.IGHM	lun_lcp3_tum_bulk_1_1_1_top28.clonotypes.IGHM	9	28	0	0	47	203	0	0	1.0000000000000002	0.9999999999999994	0.0	0.0	0.0	0.0	0.0	0.0	0.0	0.9090670205645599	0.5430857641089453	0.971967483950158	0.5200395962968261	0.0	NaN	.	.
lun_lcp3_norm_bulk_1_3_1_top28.clonotypes.IGHM	lun_lcp3_tum_bulk_1_1_2_top28.clonotypes.IGHM	9	28	0	0	47	584	0	0	1.0000000000000002	1.0	0.0	0.0	0.0	0.0	0.0	0.0	0.0	0.8595468090925992	0.491863705914765	0.8949107978078502	0.48542278890988483	0.0	NaN	.	.
lun_lcp3_norm_bulk_1_3_1_top28.clonotypes.IGHM	lun_lcp3_tum_bulk_1_2_1_top28.clonotypes.IGHM	9	28	0	0	47	457	0	0	1.0000000000000002	0.9999999999999999	0.0	0.0	0.0	0.0	0.0	0.0	0.0	0.6349000208972414	0.43093576128648897	0.7191130503406258	0.21922220358704655	0.0	NaN	.	.
lun_lcp3_norm_bulk_1_3_1_top28.clonotypes.IGHM	lun_lcp3_tum_bulk_1_2_2_top28.clonotypes.IGHM	9	28	0	0	47	348	0	0	1.0000000000000002	1.0	0.0	0.0	0.0	0.0	0.0	0.0	0.0	0.7447007985884081	0.5398953206810164	0.8367516528828398	0.27488557744728837	0.0	NaN	.	.
lun_lcp3_norm_bulk_1_3_2_top28.clonotypes.IGHM	lun_lcp3_PBMC_bulk_1_1_1_top28.clonotypes.IGHM	28	28	0	0	1424	13075	0	0	1.0000000000000004	0.9999999999999997	0.0	0.0	0.0	0.0	0.0	0.0	0.0	0.6012175349385711	0.3641833880490498	0.7975384995990814	0.2452659683983348	0.0	NaN	.	.
lun_lcp3_norm_bulk_1_3_2_top28.clonotypes.IGHM	lun_lcp3_PBMC_bulk_1_1_2_top28.clonotypes.IGHM	28	28	0	0	1424	7939	0	0	1.0000000000000004	0.9999999999999999	0.0	0.0	0.0	0.0	0.0	0.0	0.0	0.45161976518579916	0.29705754279888336	0.6487304976070409	0.2414505186474874	0.0	NaN	.	.
lun_lcp3_norm_bulk_1_3_2_top28.clonotypes.IGHM	lun_lcp3_tum_bulk_1_1_1_top28.clonotypes.IGHM	28	28	0	0	1424	203	0	0	1.0000000000000004	0.9999999999999994	0.0	0.0	0.0	0.0	0.0	0.0	0.0	0.7751127747994749	0.45116584286509365	0.9085035319325243	0.517970924802673	0.0	NaN	.	.
lun_lcp3_norm_bulk_1_3_2_top28.clonotypes.IGHM	lun_lcp3_tum_bulk_1_1_2_top28.clonotypes.IGHM	28	28	0	0	1424	584	0	0	1.0000000000000004	1.0	0.0	0.0	0.0	0.0	0.0	0.0	0.0	0.769703451894785	0.3911718703470341	0.8984034139631822	0.51522322575002	0.0	NaN	.	.
lun_lcp3_norm_bulk_1_3_2_top28.clonotypes.IGHM	lun_lcp3_tum_bulk_1_2_1_top28.clonotypes.IGHM	28	28	0	0	1424	457	0	0	1.0000000000000004	0.9999999999999999	0.0	0.0	0.0	0.0	0.0	0.0	0.0	0.6266539986569162	0.35466634289854987	0.8350471843034624	0.2682357875121247	0.0	NaN	.	.
lun_lcp3_norm_bulk_1_3_2_top28.clonotypes.IGHM	lun_lcp3_tum_bulk_1_2_2_top28.clonotypes.IGHM	28	28	0	0	1424	348	0	0	1.0000000000000004	1.0	0.0	0.0	0.0	0.0	0.0	0.0	0.0	0.7287711178888064	0.41616655688201687	0.8842067170093814	0.30243894927021436	0.0	NaN	.	.
lun_lcp3_PBMC_bulk_1_1_1_top28.clonotypes.IGHM	lun_lcp3_PBMC_bulk_1_1_2_top28.clonotypes.IGHM	28	28	1	1	13075	7939	4016	1996	0.9999999999999997	0.9999999999999999	0.307151051625239	0.25141705504471595	0.0	0.0	0.0012755102	0.2778902892393059	0.2778902892393059	0.25438552032348233	0.1612150709479919	0.38188372492659217	0.13457569846387757	0.0181818182	0.9802841450466884	.	.
lun_lcp3_PBMC_bulk_1_1_1_top28.clonotypes.IGHM	lun_lcp3_tum_bulk_1_1_1_top28.clonotypes.IGHM	28	28	0	0	13075	203	0	0	0.9999999999999997	0.9999999999999994	0.0	0.0	0.0	0.0	0.0	0.0	0.0	0.5648019391565453	0.37588094060456917	0.7424121972449704	0.3963486228392943	0.0	NaN	.	.
lun_lcp3_PBMC_bulk_1_1_1_top28.clonotypes.IGHM	lun_lcp3_tum_bulk_1_1_2_top28.clonotypes.IGHM	28	28	0	0	13075	584	0	0	0.9999999999999997	1.0	0.0	0.0	0.0	0.0	0.0	0.0	0.0	0.5790320208355754	0.36917823029039654	0.7360902799051914	0.39020107122229947	0.0	NaN	.	.
lun_lcp3_PBMC_bulk_1_1_1_top28.clonotypes.IGHM	lun_lcp3_tum_bulk_1_2_1_top28.clonotypes.IGHM	28	28	0	0	13075	457	0	0	0.9999999999999997	0.9999999999999999	0.0	0.0	0.0	0.0	0.0	0.0	0.0	0.48978603055744924	0.36340117588707405	0.7091269521754897	0.22024708918647495	0.0	NaN	.	.
lun_lcp3_PBMC_bulk_1_1_1_top28.clonotypes.IGHM	lun_lcp3_tum_bulk_1_2_2_top28.clonotypes.IGHM	28	28	0	0	13075	348	0	0	0.9999999999999997	1.0	0.0	0.0	0.0	0.0	0.0	0.0	0.0	0.5311932271606548	0.39695445997577444	0.6628767335769951	0.2571108779475128	0.0	NaN	.	.
lun_lcp3_PBMC_bulk_1_1_2_top28.clonotypes.IGHM	lun_lcp3_tum_bulk_1_1_1_top28.clonotypes.IGHM	28	28	0	0	7939	203	0	0	0.9999999999999999	0.9999999999999994	0.0	0.0	0.0	0.0	0.0	0.0	0.0	0.5011762000238044	0.3908396144861232	0.7705170985228754	0.35141986360789657	0.0	NaN	.	.
lun_lcp3_PBMC_bulk_1_1_2_top28.clonotypes.IGHM	lun_lcp3_tum_bulk_1_1_2_top28.clonotypes.IGHM	28	28	0	0	7939	584	0	0	0.9999999999999999	1.0	0.0	0.0	0.0	0.0	0.0	0.0	0.0	0.4991908618232833	0.3464370858361258	0.72644108094481	0.34740069436122933	0.0	NaN	.	.
lun_lcp3_PBMC_bulk_1_1_2_top28.clonotypes.IGHM	lun_lcp3_tum_bulk_1_2_1_top28.clonotypes.IGHM	28	28	0	0	7939	457	0	0	0.9999999999999999	0.9999999999999999	0.0	0.0	0.0	0.0	0.0	0.0	0.0	0.5242094241001619	0.42680581208792273	0.6765065471367725	0.17033807785102062	0.0	NaN	.	.
lun_lcp3_PBMC_bulk_1_1_2_top28.clonotypes.IGHM	lun_lcp3_tum_bulk_1_2_2_top28.clonotypes.IGHM	28	28	0	0	7939	348	0	0	0.9999999999999999	1.0	0.0	0.0	0.0	0.0	0.0	0.0	0.0	0.6151226984335739	0.49571079655013084	0.7333836072417216	0.1350782168042243	0.0	NaN	.	.
lun_lcp3_tum_bulk_1_1_1_top28.clonotypes.IGHM	lun_lcp3_tum_bulk_1_1_2_top28.clonotypes.IGHM	28	28	13	13	203	584	161	480	0.9999999999999994	1.0	0.793103448275862	0.8219178082191781	0.533048859195133	0.6909908698157997	0.0165816327	0.8073820953538472	0.735081288964124	0.14195749859647752	0.11207920870998249	0.17901240409217223	0.076216693890811	0.3023255814	0.710729532655839	.	.
lun_lcp3_tum_bulk_1_1_1_top28.clonotypes.IGHM	lun_lcp3_tum_bulk_1_2_1_top28.clonotypes.IGHM	28	28	8	8	203	457	115	212	0.9999999999999994	0.9999999999999999	0.5665024630541872	0.4638949671772429	0.05090120809505559	-0.04819277108433765	0.0102040816	0.5126379243719191	0.42171621326843006	0.3933040529061457	0.23725244539253515	0.4520089154731486	0.2066007048718159	0.1666666667	0.4433356367117137	.	.
lun_lcp3_tum_bulk_1_1_1_top28.clonotypes.IGHM	lun_lcp3_tum_bulk_1_2_2_top28.clonotypes.IGHM	28	28	8	8	203	348	100	208	0.9999999999999994	1.0	0.4926108374384236	0.5977011494252874	0.003724370629546076	0.5509080804800991	0.0102040816	0.5426177879099607	0.41381420774276295	0.37022215240786016	0.27619253591997645	0.43588652772211894	0.26827824668899775	0.1666666667	0.34812727560550893	.	.
lun_lcp3_tum_bulk_1_1_2_top28.clonotypes.IGHM	lun_lcp3_tum_bulk_1_2_1_top28.clonotypes.IGHM	28	28	9	9	584	457	259	213	1.0	0.9999999999999999	0.44349315068493145	0.4660831509846827	0.8209474621788654	0.4514808122168964	0.0114795918	0.4546478693575475	0.43329007218928606	0.34695311664740874	0.1987432300641598	0.38149311670030395	0.20500757283181695	0.1914893617	0.9203868260074235	.	.
lun_lcp3_tum_bulk_1_1_2_top28.clonotypes.IGHM	lun_lcp3_tum_bulk_1_2_2_top28.clonotypes.IGHM	28	28	8	8	584	348	224	206	1.0	1.0	0.3835616438356164	0.5919540229885057	0.8225073716883519	0.6428571428571429	0.0102040816	0.47649853948630055	0.4568807339490801	0.28933886489277844	0.1909945130897885	0.35549851203789445	0.20643019746315472	0.1666666667	0.7923475577364683	.	.
lun_lcp3_tum_bulk_1_2_1_top28.clonotypes.IGHM	lun_lcp3_tum_bulk_1_2_2_top28.clonotypes.IGHM	28	28	11	11	457	348	257	240	0.9999999999999999	1.0	0.562363238512035	0.689655172413793	0.922415706910919	0.7834434139630136	0.0140306122	0.6227653781442868	0.6072394111400237	0.16155134891977327	0.09952693627111972	0.21887925864027205	0.05334369961355393	0.2444444444	0.863233980033134	.	.
