1_sample_id	2_sample_id	div1	div2	div12	div21	count1	count2	count12	count21	freq1	freq2	freq12	freq21	R	Rs	D	F	F2	vJSD	vjJSD	vj2JSD	sJSD	Jaccard	MorisitaHorn	1_metadata_blank	2_metadata_blank
lun_lcp3_LN_bulk_1_1_1_top174.clonotypes.IGHA	lun_lcp3_LN_bulk_1_1_2_top174.clonotypes.IGHA	174	174	24	24	9564	5200	2399	1370	0.9999999999999992	1.0000000000000013	0.25083647009619403	0.26346153846153847	0.5826050086089559	0.48041775456919067	7.927071E-4	0.257071512061926	0.24482182065401348	0.0940896634439891	0.05561184442261546	0.2842603612939381	0.035423001340826134	0.0740740741	0.8403861964576144	.	.
lun_lcp3_LN_bulk_1_1_1_top174.clonotypes.IGHA	lun_lcp3_LN_bulk_1_2_1_top174.clonotypes.IGHA	174	174	18	18	9564	9232	2104	3020	0.9999999999999992	0.9999999999999999	0.21999163529903804	0.3271230502599653	0.6284678024974207	0.29839962675593096	5.945303E-4	0.2682616908369497	0.23414955894836048	0.12434474558482807	0.06490826642510451	0.30198497364489696	0.05912559827205917	0.0545454545	0.49804510582356615	.	.
lun_lcp3_LN_bulk_1_1_1_top174.clonotypes.IGHA	lun_lcp3_LN_bulk_1_2_2_top174.clonotypes.IGHA	174	174	7	7	9564	6500	1190	1442	0.9999999999999992	1.0000000000000007	0.12442492680886658	0.22184615384615383	0.6016655764112897	0.6071428571428571	2.312062E-4	0.16614208213193984	0.14590056955807493	0.12503967195940927	0.06523966410768502	0.3670089329476042	0.049667754585587885	0.0205278592	0.5078586246974854	.	.
lun_lcp3_LN_bulk_1_1_1_top174.clonotypes.IGHA	lun_lcp3_LN_bulk_1_3_1_top174.clonotypes.IGHA	174	174	27	27	9564	6027	2415	2094	0.9999999999999992	1.0000000000000018	0.25250941028858215	0.34743653558984566	0.6651767465061215	0.8134170223712455	8.917955E-4	0.2961941841334835	0.28334867507984396	0.10592319746236428	0.059813092087980184	0.24535713002476564	0.03306877526351995	0.0841121495	0.6652501976605713	.	.
lun_lcp3_LN_bulk_1_1_1_top174.clonotypes.IGHA	lun_lcp3_LN_bulk_1_3_2_top174.clonotypes.IGHA	174	174	27	27	9564	4752	2294	1886	0.9999999999999992	0.999999999999999	0.23985780008364702	0.3968855218855218	0.7309239361525754	0.6511979091548944	8.917955E-4	0.3085386331798846	0.2869696481606722	0.14929440190811158	0.0759136351404038	0.30682975220588915	0.06586718680401407	0.0841121495	0.5115494273656901	.	.
lun_lcp3_LN_bulk_1_1_1_top174.clonotypes.IGHA	lun_lcp3_norm_bulk_1_1_1_top174.clonotypes.IGHA	174	174	6	6	9564	3498	471	199	0.9999999999999992	1.0000000000000004	0.04924717691342534	0.05688965122927386	0.523567075867999	0.5428571428571429	1.981768E-4	0.05293065953330938	0.05099491422024216	0.09997140931449061	0.05697716093065786	0.32889576768583917	0.043354615769772877	0.0175438596	0.8340380938915193	.	.
lun_lcp3_LN_bulk_1_1_1_top174.clonotypes.IGHA	lun_lcp3_norm_bulk_1_1_2_top174.clonotypes.IGHA	174	174	11	11	9564	979	1132	101	0.9999999999999992	0.9999999999999993	0.11836051861145963	0.10316649642492338	-0.05052898783381306	0.2141235623617564	3.633241E-4	0.11050266974232445	0.0953798299960551	0.12333395850958277	0.07144306541018923	0.33937017979643663	0.048404309509283976	0.0326409496	0.578055886267418	.	.
lun_lcp3_LN_bulk_1_1_1_top174.clonotypes.IGHA	lun_lcp3_norm_bulk_1_2_1_top174.clonotypes.IGHA	174	174	11	11	9564	5334	1366	511	0.9999999999999992	1.000000000000001	0.14282726892513592	0.0958005249343832	0.7086842487789731	0.5330309956665001	3.633241E-4	0.11697404557410304	0.111945560296306	0.10510821205272923	0.0531463464266078	0.2847760103981791	0.02671789357429862	0.0326409496	0.8217060895723616	.	.
lun_lcp3_LN_bulk_1_1_1_top174.clonotypes.IGHA	lun_lcp3_norm_bulk_1_2_2_top174.clonotypes.IGHA	174	174	11	11	9564	5434	923	513	0.9999999999999992	1.0000000000000042	0.0965077373483898	0.0944055944055944	0.40451687580248435	0.259681767119577	3.633241E-4	0.09545087903793094	0.08699164724288873	0.10298746407225755	0.05778445490906692	0.30690409373120575	0.02077952119658375	0.0326409496	0.7173792734534525	.	.
lun_lcp3_LN_bulk_1_1_1_top174.clonotypes.IGHA	lun_lcp3_norm_bulk_1_3_1_top174.clonotypes.IGHA	174	66	6	6	9564	194	494	14	0.9999999999999992	0.9999999999999981	0.05165202843998327	0.07216494845360824	-0.36326929391451873	0.0	5.22466E-4	0.061052976748850664	0.05700073027312575	0.12691766308918898	0.06814097654376738	0.43306776349048565	0.09602434024784046	0.0256410256	0.7507882405878682	.	.
lun_lcp3_LN_bulk_1_1_1_top174.clonotypes.IGHA	lun_lcp3_norm_bulk_1_3_2_top174.clonotypes.IGHA	174	174	9	9	9564	7956	782	910	0.9999999999999992	0.9999999999999978	0.08176495190296948	0.11437908496732027	0.18514760468083244	0.3833333333333334	2.972652E-4	0.0967067752593302	0.08455806701913413	0.12216128605029518	0.06150927071296065	0.37409365461842975	0.043585434256378605	0.0265486726	0.5504817649716591	.	.
lun_lcp3_LN_bulk_1_1_1_top174.clonotypes.IGHA	lun_lcp3_PBMC_bulk_1_1_1_top174.clonotypes.IGHA	174	174	1	1	9564	55048	48	850	0.9999999999999992	0.9999999999999997	0.005018820577164366	0.015441069611975004	0.0	0.0	3.30295E-5	0.008803178852096982	0.008803178852096982	0.10332345033360513	0.054162757775617354	0.33877094864135243	0.044609032134353646	0.0028818444	0.5879475889247884	.	.
lun_lcp3_LN_bulk_1_1_1_top174.clonotypes.IGHA	lun_lcp3_PBMC_bulk_1_1_2_top174.clonotypes.IGHA	174	174	4	4	9564	43548	778	2514	0.9999999999999992	0.9999999999999987	0.08134671685487244	0.057729402039129234	-0.3660472083351686	-0.6000000000000001	1.321178E-4	0.068528076887347	0.06024990893543407	0.12110363643332801	0.06370033322271804	0.32007716268763303	0.05132082273128061	0.011627907	0.679771384646421	.	.
lun_lcp3_LN_bulk_1_1_1_top174.clonotypes.IGHA	lun_lcp3_tum_bulk_1_1_1_top174.clonotypes.IGHA	174	174	9	9	9564	1571	906	295	0.9999999999999992	1.000000000000002	0.09473023839397743	0.1877784850413749	0.9847696876616551	0.5702592353303637	2.972652E-4	0.13337278827867913	0.12645352446982042	0.16746366388564723	0.08869417563368406	0.4008656572742554	0.0609366181086198	0.0265486726	0.6456861296025938	.	.
lun_lcp3_LN_bulk_1_1_1_top174.clonotypes.IGHA	lun_lcp3_tum_bulk_1_1_2_top174.clonotypes.IGHA	174	174	6	6	9564	4279	760	885	0.9999999999999992	0.9999999999999997	0.07946465913843581	0.2068240243047441	0.8953463809842521	0.8406680016960502	1.981768E-4	0.12819984630652276	0.12006516721043878	0.18283658093585725	0.09811274166261037	0.41052702935496366	0.09308379517895146	0.0175438596	0.4656793116431678	.	.
lun_lcp3_LN_bulk_1_1_1_top174.clonotypes.IGHA	lun_lcp3_tum_bulk_1_2_1_top174.clonotypes.IGHA	174	174	4	4	9564	6794	589	736	0.9999999999999992	0.9999999999999994	0.061585110832287744	0.10833088018840152	0.8715674691565732	1.0	1.321178E-4	0.08167967472365442	0.07507778012657504	0.25199593755132776	0.13127742620587185	0.44655163120428604	0.09035524270246648	0.011627907	0.6222689490206464	.	.
lun_lcp3_LN_bulk_1_1_1_top174.clonotypes.IGHA	lun_lcp3_tum_bulk_1_2_2_top174.clonotypes.IGHA	174	174	3	3	9564	4913	588	698	0.9999999999999992	1.0	0.06148055207026349	0.14207205373498882	0.8753453019560979	1.0	9.90884E-5	0.09345944734152484	0.08102686420643845	0.279858599191298	0.14510601394206715	0.43674240383346713	0.08756717877826913	0.0086956522	0.46509474503706155	.	.
lun_lcp3_LN_bulk_1_1_2_top174.clonotypes.IGHA	lun_lcp3_LN_bulk_1_2_1_top174.clonotypes.IGHA	174	174	19	19	5200	9232	1035	2939	1.0000000000000013	0.9999999999999999	0.19903846153846158	0.31834922010398614	0.7214706782795741	0.08193835779400853	6.275598E-4	0.251721550530475	0.21604362128831894	0.10581901076501586	0.06050820744219293	0.2820987497094943	0.0661310128886551	0.0577507599	0.5366005486814072	.	.
lun_lcp3_LN_bulk_1_1_2_top174.clonotypes.IGHA	lun_lcp3_LN_bulk_1_2_2_top174.clonotypes.IGHA	174	174	17	17	5200	6500	857	1865	1.0000000000000013	1.0000000000000007	0.16480769230769232	0.286923076923077	0.9178801810109184	0.3741539169995651	5.615009E-4	0.21745604194299778	0.2025117135731836	0.1473934469897963	0.07684881071516567	0.336200562142053	0.03300198661079535	0.0513595166	0.628001003757338	.	.
lun_lcp3_LN_bulk_1_1_2_top174.clonotypes.IGHA	lun_lcp3_LN_bulk_1_3_1_top174.clonotypes.IGHA	174	174	35	35	5200	6027	1762	2489	1.0000000000000013	1.0000000000000018	0.33884615384615374	0.4129749460759914	0.7832733732894676	0.6639332837865197	0.0011560312	0.37407883141481346	0.3577001615692754	0.08123300632865439	0.047049566823294676	0.2447444794433472	0.02093223807406133	0.1118210863	0.7640229854520795	.	.
lun_lcp3_LN_bulk_1_1_2_top174.clonotypes.IGHA	lun_lcp3_LN_bulk_1_3_2_top174.clonotypes.IGHA	174	174	30	30	5200	4752	1661	1961	1.0000000000000013	0.999999999999999	0.31942307692307687	0.41266835016835013	0.7842052029508009	0.588523680533352	9.908839E-4	0.363064449043891	0.338336775590771	0.15717121056060204	0.085833271527029	0.2999624726878031	0.044887330061066176	0.0943396226	0.6318778209772733	.	.
lun_lcp3_LN_bulk_1_1_2_top174.clonotypes.IGHA	lun_lcp3_norm_bulk_1_1_1_top174.clonotypes.IGHA	174	174	8	8	5200	3498	291	238	1.0000000000000013	1.0000000000000004	0.055961538461538465	0.06803887935963407	0.8881991581232992	0.5662650602409638	2.642357E-4	0.0617054322095238	0.05973728966307127	0.12285613193884048	0.08528849473326977	0.3284203257558809	0.04390688749695672	0.0235294118	0.8978776488928361	.	.
lun_lcp3_LN_bulk_1_1_2_top174.clonotypes.IGHA	lun_lcp3_norm_bulk_1_1_2_top174.clonotypes.IGHA	174	174	11	11	5200	979	551	72	1.0000000000000013	0.9999999999999993	0.10596153846153847	0.0735444330949949	0.1138634338615846	-0.036869883038546304	3.633241E-4	0.08827729762530877	0.08114705264030976	0.134829092404046	0.0788881924155526	0.338091605422244	0.04272887001757737	0.0326409496	0.6920764789387162	.	.
lun_lcp3_LN_bulk_1_1_2_top174.clonotypes.IGHA	lun_lcp3_norm_bulk_1_2_1_top174.clonotypes.IGHA	174	174	13	13	5200	5334	561	595	1.0000000000000013	1.000000000000001	0.1078846153846154	0.1115485564304462	0.6629228067895879	0.5248698891043384	4.29383E-4	0.10970129036254658	0.10558935109999382	0.11871094172303887	0.06807248023925551	0.3165274168694626	0.023567110408508264	0.0388059701	0.8886535521482319	.	.
lun_lcp3_LN_bulk_1_1_2_top174.clonotypes.IGHA	lun_lcp3_norm_bulk_1_2_2_top174.clonotypes.IGHA	174	174	9	9	5200	5434	487	456	1.0000000000000013	1.0000000000000042	0.09365384615384616	0.08391608391608392	0.49434658578996266	0.34309923758984645	2.972652E-4	0.08865136216048893	0.08437363296891041	0.1085679895113265	0.06481908428494426	0.3052458984712302	0.030780484947728115	0.0265486726	0.8593900661888908	.	.
lun_lcp3_LN_bulk_1_1_2_top174.clonotypes.IGHA	lun_lcp3_norm_bulk_1_3_1_top174.clonotypes.IGHA	174	66	7	7	5200	194	271	23	1.0000000000000013	0.9999999999999981	0.05211538461538461	0.11855670103092783	-0.18643759230922852	-0.20597146021777485	6.095437E-4	0.07860424971309102	0.07074707016707786	0.12284416710273108	0.07871773847742808	0.40162086328838875	0.08590253424365778	0.0300429185	0.3772515298888398	.	.
lun_lcp3_LN_bulk_1_1_2_top174.clonotypes.IGHA	lun_lcp3_norm_bulk_1_3_2_top174.clonotypes.IGHA	174	174	10	10	5200	7956	481	942	1.0000000000000013	0.9999999999999978	0.09250000000000001	0.11840120663650075	0.25818207299036167	0.17593933440320791	3.302946E-4	0.10465233687728297	0.09085094621379888	0.1323489129744632	0.0714277811791695	0.3775620924934632	0.03650096931656277	0.0295857988	0.560686429393744	.	.
lun_lcp3_LN_bulk_1_1_2_top174.clonotypes.IGHA	lun_lcp3_PBMC_bulk_1_1_1_top174.clonotypes.IGHA	174	174	3	3	5200	55048	86	1547	1.0000000000000013	0.9999999999999997	0.01653846153846154	0.028102746693794506	0.995801727221221	1.0	9.90884E-5	0.02155866868154079	0.021504691340195923	0.13723469576779285	0.08661327873281327	0.3724274792943917	0.04645914815658577	0.0086956522	0.8531230904538025	.	.
lun_lcp3_LN_bulk_1_1_2_top174.clonotypes.IGHA	lun_lcp3_PBMC_bulk_1_1_2_top174.clonotypes.IGHA	174	174	4	4	5200	43548	299	2514	1.0000000000000013	0.9999999999999987	0.057499999999999996	0.057729402039129234	0.3844885566099974	0.39999999999999997	1.321178E-4	0.057614586844391504	0.05518959906215799	0.1252472219016357	0.06934148045510347	0.32970723624721604	0.04659988478652119	0.011627907	0.8718956392564635	.	.
lun_lcp3_LN_bulk_1_1_2_top174.clonotypes.IGHA	lun_lcp3_tum_bulk_1_1_1_top174.clonotypes.IGHA	174	174	10	10	5200	1571	498	311	1.0000000000000013	1.000000000000002	0.09576923076923077	0.19796308084022912	0.8496414514481496	0.23385611715924406	3.302946E-4	0.13769085653294408	0.12278359839106029	0.19275192845412567	0.09992425242451733	0.37987567380370557	0.04115471347993845	0.0295857988	0.5147144037591098	.	.
lun_lcp3_LN_bulk_1_1_2_top174.clonotypes.IGHA	lun_lcp3_tum_bulk_1_1_2_top174.clonotypes.IGHA	174	174	9	9	5200	4279	456	967	1.0000000000000013	0.9999999999999997	0.0876923076923077	0.22598738022902545	0.7450665972651869	0.23431167445160253	2.972652E-4	0.14077412717407356	0.12294440259154014	0.21378644820475903	0.10995476403996929	0.4204183261514806	0.07170041373316809	0.0265486726	0.3531714289416008	.	.
lun_lcp3_LN_bulk_1_1_2_top174.clonotypes.IGHA	lun_lcp3_tum_bulk_1_2_1_top174.clonotypes.IGHA	174	174	8	8	5200	6794	448	877	1.0000000000000013	0.9999999999999994	0.08615384615384615	0.12908448631145128	0.7453790577895963	0.2857142857142858	2.642357E-4	0.10545674456631512	0.08756202224518114	0.26023157758594484	0.13973894720404395	0.4404822500131867	0.09580409817252242	0.0235294118	0.4807629168298309	.	.
lun_lcp3_LN_bulk_1_1_2_top174.clonotypes.IGHA	lun_lcp3_tum_bulk_1_2_2_top174.clonotypes.IGHA	174	174	6	6	5200	4913	322	759	1.0000000000000013	1.0	0.061923076923076914	0.1544880928149807	0.7817561456903894	0.8285714285714286	1.981768E-4	0.09780786295120396	0.08347537007748533	0.32449378542256363	0.1715589140622764	0.48198829891423345	0.10677055747560632	0.0175438596	0.352305479622943	.	.
lun_lcp3_LN_bulk_1_2_1_top174.clonotypes.IGHA	lun_lcp3_LN_bulk_1_2_2_top174.clonotypes.IGHA	174	174	19	19	9232	6500	3064	2081	0.9999999999999999	1.0000000000000007	0.33188908145580587	0.3201538461538462	0.956058604542561	0.2909892639927076	6.275598E-4	0.3259686578868333	0.3071511442252565	0.1105572825253114	0.05774116538743617	0.2803728134349915	0.02994313173714223	0.0577507599	0.9587313587674916	.	.
lun_lcp3_LN_bulk_1_2_1_top174.clonotypes.IGHA	lun_lcp3_LN_bulk_1_3_1_top174.clonotypes.IGHA	174	174	25	25	9232	6027	3273	1807	0.9999999999999999	1.0000000000000018	0.3545277296360485	0.299817487970798	0.9575516337828955	0.14368263123860522	8.257366E-4	0.3260270131683421	0.3094048017811621	0.15429452569310986	0.08190071869109905	0.3375966729643777	0.030966743650182087	0.0773993808	0.9065783293376776	.	.
lun_lcp3_LN_bulk_1_2_1_top174.clonotypes.IGHA	lun_lcp3_LN_bulk_1_3_2_top174.clonotypes.IGHA	174	174	16	16	9232	4752	2766	1497	0.9999999999999999	0.999999999999999	0.29961005199306756	0.31502525252525254	0.9613801731891638	0.23122263662316597	5.284714E-4	0.3072209828254251	0.2925216679341211	0.1706883497637819	0.08872607413149965	0.36057962570076696	0.02277583441690999	0.0481927711	0.9692627134903646	.	.
lun_lcp3_LN_bulk_1_2_1_top174.clonotypes.IGHA	lun_lcp3_norm_bulk_1_1_1_top174.clonotypes.IGHA	174	174	4	4	9232	3498	88	69	0.9999999999999999	1.0000000000000004	0.009532062391681109	0.019725557461406522	0.16255596762165767	0.31622776601683794	1.321178E-4	0.013712229739645474	0.013309521356842593	0.1148156442844666	0.06901892876751402	0.328391234118342	0.08381368259980275	0.011627907	0.6525634768392831	.	.
lun_lcp3_LN_bulk_1_2_1_top174.clonotypes.IGHA	lun_lcp3_norm_bulk_1_1_2_top174.clonotypes.IGHA	174	174	7	7	9232	979	1220	47	0.9999999999999999	0.9999999999999993	0.13214904679376083	0.04800817160367722	0.5635052458222227	0.6454545454545454	2.312062E-4	0.07965070066067995	0.06904029126243279	0.13135133000907842	0.08177478819735592	0.33344855780240634	0.10152670279185938	0.0205278592	0.3192350870323866	.	.
lun_lcp3_LN_bulk_1_2_1_top174.clonotypes.IGHA	lun_lcp3_norm_bulk_1_2_1_top174.clonotypes.IGHA	174	174	8	8	9232	5334	1228	454	0.9999999999999999	1.000000000000001	0.13301559792027728	0.08511436070491188	0.7859597369541466	0.301226682944925	2.642357E-4	0.10640271416071118	0.09152191059527552	0.1320760184063923	0.06763611629693674	0.36980314953379206	0.06940775000145052	0.0235294118	0.5317005876399906	.	.
lun_lcp3_LN_bulk_1_2_1_top174.clonotypes.IGHA	lun_lcp3_norm_bulk_1_2_2_top174.clonotypes.IGHA	174	174	11	11	9232	5434	1148	501	0.9999999999999999	1.0000000000000042	0.12435008665511264	0.09219727640780272	0.5190123772822841	0.018306684086706805	3.633241E-4	0.10707352292082128	0.08873120477439037	0.13517684754334988	0.07259602174652297	0.3229515585127701	0.0692171691041864	0.0326409496	0.4370769260679197	.	.
lun_lcp3_LN_bulk_1_2_1_top174.clonotypes.IGHA	lun_lcp3_norm_bulk_1_3_1_top174.clonotypes.IGHA	174	66	3	3	9232	194	348	6	0.9999999999999999	0.9999999999999981	0.037694974003466206	0.030927835051546393	0.0	0.0	2.61233E-4	0.03414416404382354	0.028327599308210532	0.17093211601454766	0.09090469112296984	0.43344910674847553	0.10475976802251376	0.0126582278	0.5494205329479128	.	.
lun_lcp3_LN_bulk_1_2_1_top174.clonotypes.IGHA	lun_lcp3_norm_bulk_1_3_2_top174.clonotypes.IGHA	174	174	7	7	9232	7956	495	407	0.9999999999999999	0.9999999999999978	0.05361785095320624	0.05115635997988939	0.8481110040288277	0.17857142857142852	2.312062E-4	0.05237264634053041	0.04860014946735425	0.12237992414557536	0.06358382713182116	0.3481561674031108	0.07202517817749246	0.0205278592	0.7717388597490338	.	.
lun_lcp3_LN_bulk_1_2_1_top174.clonotypes.IGHA	lun_lcp3_PBMC_bulk_1_1_1_top174.clonotypes.IGHA	174	174	5	5	9232	55048	198	1234	0.9999999999999999	0.9999999999999997	0.021447140381282495	0.022416799883737827	0.9209828808011665	0.6668859288553501	1.651473E-4	0.02192661063652206	0.021817445294360315	0.149187081054924	0.08200720839447333	0.34738831203202586	0.06978739298954302	0.0145772595	0.9871053258658289	.	.
lun_lcp3_LN_bulk_1_2_1_top174.clonotypes.IGHA	lun_lcp3_PBMC_bulk_1_1_2_top174.clonotypes.IGHA	174	174	5	5	9232	43548	938	2586	0.9999999999999999	0.9999999999999987	0.10160311958405546	0.059382750068889496	2.462072499140188E-4	-0.30000000000000004	1.651473E-4	0.07767543148563423	0.05744750727155092	0.19461963873322255	0.09803841474919939	0.40176449888993787	0.11441887196887983	0.0145772595	0.3054421164275332	.	.
lun_lcp3_LN_bulk_1_2_1_top174.clonotypes.IGHA	lun_lcp3_tum_bulk_1_1_1_top174.clonotypes.IGHA	174	174	13	13	9232	1571	1313	447	0.9999999999999999	1.000000000000002	0.14222270363951472	0.2845321451304901	0.713195527689224	0.4404449031458784	4.29383E-4	0.20116394048837152	0.17457981791269625	0.16799781968588026	0.09162359318745507	0.34343522639055263	0.05903767388611191	0.0388059701	0.7192314379619299	.	.
lun_lcp3_LN_bulk_1_2_1_top174.clonotypes.IGHA	lun_lcp3_tum_bulk_1_1_2_top174.clonotypes.IGHA	174	174	15	15	9232	4279	1412	1336	0.9999999999999999	0.9999999999999997	0.15294627383015597	0.3122224818882917	0.9535475971810687	0.3891891891891891	4.954419E-4	0.21852520497832184	0.20660957742451183	0.19634133715901367	0.10311535490625287	0.39786623247683406	0.07037749768146949	0.045045045	0.8048203038889055	.	.
lun_lcp3_LN_bulk_1_2_1_top174.clonotypes.IGHA	lun_lcp3_tum_bulk_1_2_1_top174.clonotypes.IGHA	174	174	9	9	9232	6794	1116	1925	0.9999999999999999	0.9999999999999994	0.12088388214904677	0.28333823962319693	0.5965285815766943	0.5523060897787772	2.972652E-4	0.18507032816453564	0.1598668108465442	0.2169984514787896	0.11654081148844968	0.39224570026613326	0.14437165737398783	0.0265486726	0.5984291203722667	.	.
lun_lcp3_LN_bulk_1_2_1_top174.clonotypes.IGHA	lun_lcp3_tum_bulk_1_2_2_top174.clonotypes.IGHA	174	174	11	11	9232	4913	1225	1552	0.9999999999999999	1.0	0.1326906412478336	0.3158966008548748	0.7445958976420657	0.30593607305936077	3.633241E-4	0.20473524986050712	0.1792813166047502	0.2936884531361527	0.15511277203030396	0.4504594164169246	0.13701190946095576	0.0326409496	0.6230774547197235	.	.
lun_lcp3_LN_bulk_1_2_2_top174.clonotypes.IGHA	lun_lcp3_LN_bulk_1_3_1_top174.clonotypes.IGHA	174	174	19	19	6500	6027	1978	1641	1.0000000000000007	1.0000000000000018	0.30430769230769233	0.2722747635639622	0.9477181281253161	0.516681299385426	6.275598E-4	0.28784597439215975	0.2774941889980075	0.15512803123711572	0.07995051284525848	0.33640911471129814	0.021065615633184348	0.0577507599	0.9400467159142477	.	.
lun_lcp3_LN_bulk_1_2_2_top174.clonotypes.IGHA	lun_lcp3_LN_bulk_1_3_2_top174.clonotypes.IGHA	174	174	13	13	6500	4752	1773	1270	1.0000000000000007	0.999999999999999	0.2727692307692308	0.26725589225589225	0.9803515101287618	0.5462115728182627	4.29383E-4	0.2699984891609287	0.2633509956138506	0.20726933836848482	0.1055321530825232	0.3769462877729472	0.031332041101011274	0.0388059701	0.982281963884743	.	.
lun_lcp3_LN_bulk_1_2_2_top174.clonotypes.IGHA	lun_lcp3_norm_bulk_1_1_1_top174.clonotypes.IGHA	174	174	2	2	6500	3498	56	43	1.0000000000000007	1.0000000000000004	0.008615384615384615	0.012292738707833047	0.0	0.0	6.60589E-5	0.010291096731855541	0.009956536280752434	0.13763314702478086	0.07953117591438275	0.3475771052673929	0.07168504680849078	0.0057803468	0.8265808675378707	.	.
lun_lcp3_LN_bulk_1_2_2_top174.clonotypes.IGHA	lun_lcp3_norm_bulk_1_1_2_top174.clonotypes.IGHA	174	174	5	5	6500	979	593	35	1.0000000000000007	0.9999999999999993	0.09123076923076923	0.035750766087844735	0.33249321444788654	-0.30000000000000004	1.651473E-4	0.05711015575870349	0.04597594305344744	0.17406352309001785	0.09823365789769133	0.3647671863155414	0.08228930341573476	0.0145772595	0.303725069997972	.	.
lun_lcp3_LN_bulk_1_2_2_top174.clonotypes.IGHA	lun_lcp3_norm_bulk_1_2_1_top174.clonotypes.IGHA	174	174	8	8	6500	5334	672	451	1.0000000000000007	1.000000000000001	0.10338461538461538	0.08455193100862392	0.7225228843782139	0.1428571428571426	2.642357E-4	0.09349528794197662	0.08098097225078173	0.15592180562270813	0.08006885840972505	0.3716462935342433	0.047913450274110314	0.0235294118	0.5911004719382036	.	.
lun_lcp3_LN_bulk_1_2_2_top174.clonotypes.IGHA	lun_lcp3_norm_bulk_1_2_2_top174.clonotypes.IGHA	174	174	8	8	6500	5434	731	435	1.0000000000000007	1.0000000000000042	0.11246153846153846	0.08005152741994846	0.46921878121105304	0.26190476190476186	2.642357E-4	0.0948826534717671	0.08223970579696002	0.13195890661592424	0.07236916473428412	0.3055209312840671	0.0492595449820498	0.0235294118	0.5169257378099417	.	.
lun_lcp3_LN_bulk_1_2_2_top174.clonotypes.IGHA	lun_lcp3_norm_bulk_1_3_1_top174.clonotypes.IGHA	174	66	1	1	6500	194	13	2	1.0000000000000007	0.9999999999999981	0.002	0.010309278350515464	0.0	0.0	8.70777E-5	0.004540766091864998	0.004540766091864998	0.1941975427003274	0.10571689129070448	0.49751600039403576	0.08977469720928016	0.0041841004	0.3739268876561723	.	.
lun_lcp3_LN_bulk_1_2_2_top174.clonotypes.IGHA	lun_lcp3_norm_bulk_1_3_2_top174.clonotypes.IGHA	174	174	7	7	6500	7956	228	344	1.0000000000000007	0.9999999999999978	0.03507692307692308	0.043237807943690296	-0.2988995985331085	-0.5	2.312062E-4	0.03894418137868093	0.033567167571840355	0.14790191493159935	0.07529531243434295	0.388570856228294	0.05456026704550479	0.0205278592	0.5338379258635181	.	.
lun_lcp3_LN_bulk_1_2_2_top174.clonotypes.IGHA	lun_lcp3_PBMC_bulk_1_1_1_top174.clonotypes.IGHA	174	174	1	1	6500	55048	19	850	1.0000000000000007	0.9999999999999997	0.002923076923076923	0.015441069611975004	0.0	0.0	3.30295E-5	0.006718291021561099	0.006718291021561099	0.152705774371479	0.08371581379520973	0.3613166392433037	0.052529519795170294	0.0028818444	0.3655120036077238	.	.
lun_lcp3_LN_bulk_1_2_2_top174.clonotypes.IGHA	lun_lcp3_PBMC_bulk_1_1_2_top174.clonotypes.IGHA	174	174	6	6	6500	43548	621	2902	1.0000000000000007	0.9999999999999987	0.09553846153846154	0.06663911086617066	0.2015917000242433	0.4857142857142858	1.981768E-4	0.07979096521815562	0.06561538757964336	0.1287437969297597	0.06572150528496087	0.32140736137650205	0.057880709110617365	0.0175438596	0.4226953936476901	.	.
lun_lcp3_LN_bulk_1_2_2_top174.clonotypes.IGHA	lun_lcp3_tum_bulk_1_1_1_top174.clonotypes.IGHA	174	174	14	14	6500	1571	979	441	1.0000000000000007	1.000000000000002	0.1506153846153846	0.2807129217059197	0.6879921783695787	0.16463561404829008	4.624125E-4	0.20562024382157862	0.17212561004808136	0.18921460621327058	0.0994050683009702	0.3539774210821828	0.03711082077774059	0.0419161677	0.6792240711402191	.	.
lun_lcp3_LN_bulk_1_2_2_top174.clonotypes.IGHA	lun_lcp3_tum_bulk_1_1_2_top174.clonotypes.IGHA	174	174	14	14	6500	4279	984	1082	1.0000000000000007	0.9999999999999997	0.1513846153846154	0.25286281841551767	0.9355822166771937	0.14317180616740094	4.624125E-4	0.1956515793723705	0.1772366065079592	0.20764116970714155	0.1087924234806518	0.37712540279067214	0.04641979596829994	0.0419161677	0.7559489999636849	.	.
lun_lcp3_LN_bulk_1_2_2_top174.clonotypes.IGHA	lun_lcp3_tum_bulk_1_2_1_top174.clonotypes.IGHA	174	174	11	11	6500	6794	882	1619	1.0000000000000007	0.9999999999999994	0.13569230769230767	0.23829849867530173	0.5466970187390315	0.6255707762557078	3.633241E-4	0.179820113460269	0.1421946847541713	0.2336877846010703	0.12440459253207195	0.4514351794354943	0.11767451722619159	0.0326409496	0.540189228473535	.	.
lun_lcp3_LN_bulk_1_2_2_top174.clonotypes.IGHA	lun_lcp3_tum_bulk_1_2_2_top174.clonotypes.IGHA	174	174	9	9	6500	4913	788	1338	1.0000000000000007	1.0	0.12123076923076923	0.2723386932627722	0.6741044894064597	0.4453781512605042	2.972652E-4	0.18170258466942177	0.14709198029660372	0.2508172943689145	0.13300863776816627	0.4474829889009747	0.1177016164857355	0.0265486726	0.5469282886535295	.	.
lun_lcp3_LN_bulk_1_3_1_top174.clonotypes.IGHA	lun_lcp3_LN_bulk_1_3_2_top174.clonotypes.IGHA	174	174	36	36	6027	4752	2515	2153	1.0000000000000018	0.999999999999999	0.4172888667662186	0.45307239057239046	0.9294655015586188	0.5390615645157326	0.0011890606	0.43481267739684687	0.4168344700126928	0.17245943725662147	0.09050703965250545	0.3081725994923811	0.022373334098013845	0.1153846154	0.9134515199194316	.	.
lun_lcp3_LN_bulk_1_3_1_top174.clonotypes.IGHA	lun_lcp3_norm_bulk_1_1_1_top174.clonotypes.IGHA	174	174	6	6	6027	3498	205	175	1.0000000000000018	1.0000000000000004	0.03401360544217687	0.05002858776443682	0.7603798192553727	0.4411764705882353	1.981768E-4	0.041251092652787646	0.039096316189621845	0.16118018943594548	0.09553792724675962	0.3746146083179375	0.04356445385274876	0.0175438596	0.7037457310378633	.	.
lun_lcp3_LN_bulk_1_3_1_top174.clonotypes.IGHA	lun_lcp3_norm_bulk_1_1_2_top174.clonotypes.IGHA	174	174	9	9	6027	979	653	55	1.0000000000000018	0.9999999999999993	0.10834577733532437	0.05617977528089888	0.42578754328353674	0.3122613048507972	2.972652E-4	0.07801821212596986	0.07217757836354655	0.1750225310790449	0.10612476808753571	0.3435842858125853	0.060365921193526836	0.0265486726	0.542081564564604	.	.
lun_lcp3_LN_bulk_1_3_1_top174.clonotypes.IGHA	lun_lcp3_norm_bulk_1_2_1_top174.clonotypes.IGHA	174	174	15	15	6027	5334	815	631	1.0000000000000018	1.000000000000001	0.13522482163597146	0.11829771278590177	0.7029196389628835	0.21024267246060996	4.954419E-4	0.12647840571187222	0.11899942425179742	0.12848996868033014	0.07012163997872731	0.3135690933684318	0.04438576540836848	0.045045045	0.7901361361771946	.	.
lun_lcp3_LN_bulk_1_3_1_top174.clonotypes.IGHA	lun_lcp3_norm_bulk_1_2_2_top174.clonotypes.IGHA	174	174	15	15	6027	5434	799	704	1.0000000000000018	1.0000000000000042	0.13257010121121618	0.12955465587044535	0.420679565709785	-0.010762370794312248	4.954419E-4	0.13105370594198862	0.11968970816657179	0.15334958954487118	0.08782602299945158	0.31028392692297474	0.03910997867248146	0.045045045	0.696488899373589	.	.
lun_lcp3_LN_bulk_1_3_1_top174.clonotypes.IGHA	lun_lcp3_norm_bulk_1_3_1_top174.clonotypes.IGHA	174	66	6	6	6027	194	216	21	1.0000000000000018	0.9999999999999981	0.035838725734196115	0.10824742268041238	-0.08944271909999134	0.13093073414159564	5.22466E-4	0.06228522852873624	0.05619041531229717	0.1474767005660105	0.08839610484682874	0.4371218674026412	0.11426218332096098	0.0256410256	0.31192499732297385	.	.
lun_lcp3_LN_bulk_1_3_1_top174.clonotypes.IGHA	lun_lcp3_norm_bulk_1_3_2_top174.clonotypes.IGHA	174	174	11	11	6027	7956	458	976	1.0000000000000018	0.9999999999999978	0.07599137215861956	0.12267471091000502	0.063718980739802	-0.08200476856407683	3.633241E-4	0.09655164219842798	0.0834310237341681	0.14896380804682782	0.08004367594230341	0.39252404602912405	0.06303339960221738	0.0326409496	0.43585792276845736	.	.
lun_lcp3_LN_bulk_1_3_1_top174.clonotypes.IGHA	lun_lcp3_PBMC_bulk_1_1_1_top174.clonotypes.IGHA	174	174	1	1	6027	55048	48	850	1.0000000000000018	0.9999999999999997	0.007964161274265804	0.015441069611975004	0.0	0.0	3.30295E-5	0.011089416965599851	0.011089416965599851	0.1479641528607637	0.08542691364335181	0.3778312512056336	0.06692378820419889	0.0028818444	0.8147976620789358	.	.
lun_lcp3_LN_bulk_1_3_1_top174.clonotypes.IGHA	lun_lcp3_PBMC_bulk_1_1_2_top174.clonotypes.IGHA	174	174	5	5	6027	43548	506	2780	1.0000000000000018	0.9999999999999987	0.08395553343288537	0.06383760448241022	0.13467868262288352	0.30000000000000004	1.651473E-4	0.07320874358571046	0.06605288920733624	0.13342583486101275	0.06938788732849202	0.31029586395320896	0.08031363796872999	0.0145772595	0.6446640865004272	.	.
lun_lcp3_LN_bulk_1_3_1_top174.clonotypes.IGHA	lun_lcp3_tum_bulk_1_1_1_top174.clonotypes.IGHA	174	174	9	9	6027	1571	800	332	1.0000000000000018	1.000000000000002	0.1327360212377634	0.2113303628262253	0.6421336062656906	0.4100454302903041	2.972652E-4	0.16748477998996233	0.14682838089496655	0.2012704238448456	0.11160951684682346	0.3745608908052181	0.03694551795451891	0.0265486726	0.6712426259742128	.	.
lun_lcp3_LN_bulk_1_3_1_top174.clonotypes.IGHA	lun_lcp3_tum_bulk_1_1_2_top174.clonotypes.IGHA	174	174	10	10	6027	4279	796	1148	1.0000000000000018	0.9999999999999997	0.1320723411315746	0.26828698293993924	0.6692410281461529	0.29787371640323146	3.302946E-4	0.188237323429772	0.1611464553185107	0.2079843378433325	0.11193912548023223	0.42116267527761303	0.056815367115581564	0.0295857988	0.5298001887468321	.	.
lun_lcp3_LN_bulk_1_3_1_top174.clonotypes.IGHA	lun_lcp3_tum_bulk_1_2_1_top174.clonotypes.IGHA	174	174	8	8	6027	6794	728	1095	1.0000000000000018	0.9999999999999994	0.1207897793263647	0.1611716220194289	0.5893590471844015	0.33333333333333326	2.642357E-4	0.13952736168006288	0.11161907496218736	0.29088143609966755	0.1566050831994212	0.46684793226598925	0.13283122100480188	0.0235294118	0.6283782989458844	.	.
lun_lcp3_LN_bulk_1_3_1_top174.clonotypes.IGHA	lun_lcp3_tum_bulk_1_2_2_top174.clonotypes.IGHA	174	174	7	7	6027	4913	479	958	1.0000000000000018	1.0	0.07947569271611082	0.19499287604315085	0.8998631928130053	0.4684874806016906	2.312062E-4	0.12448772589390548	0.11267687492769199	0.3093142426856553	0.16597194048776154	0.502590474278943	0.13523556915222595	0.0205278592	0.563959480413364	.	.
lun_lcp3_LN_bulk_1_3_2_top174.clonotypes.IGHA	lun_lcp3_norm_bulk_1_1_1_top174.clonotypes.IGHA	174	174	9	9	4752	3498	166	232	0.999999999999999	1.0000000000000004	0.03493265993265993	0.0663236134934248	0.7867851300114742	0.23500483554019205	2.972652E-4	0.04813377437590973	0.046252620739634334	0.16695439652971955	0.09087891905233121	0.40018531889584386	0.07804364106114368	0.0265486726	0.6613332855306009	.	.
lun_lcp3_LN_bulk_1_3_2_top174.clonotypes.IGHA	lun_lcp3_norm_bulk_1_1_2_top174.clonotypes.IGHA	174	174	10	10	4752	979	655	63	0.999999999999999	0.9999999999999993	0.13783670033670034	0.06435137895812054	0.41776376767632545	0.3333905039594864	3.302946E-4	0.09418058047020046	0.0837947835096926	0.19844345000351404	0.11315711049336452	0.38135583979700016	0.09005069935703912	0.0295857988	0.40753347788821026	.	.
lun_lcp3_LN_bulk_1_3_2_top174.clonotypes.IGHA	lun_lcp3_norm_bulk_1_2_1_top174.clonotypes.IGHA	174	174	13	13	4752	5334	679	547	0.999999999999999	1.000000000000001	0.14288720538720537	0.10254968128983877	0.7323482898185862	0.5820695192102697	4.29383E-4	0.12104973099042246	0.11067621065183299	0.1896921635938069	0.09590789422817395	0.3405609299276205	0.07079115943105943	0.0388059701	0.6453948503678995	.	.
lun_lcp3_LN_bulk_1_3_2_top174.clonotypes.IGHA	lun_lcp3_norm_bulk_1_2_2_top174.clonotypes.IGHA	174	174	10	10	4752	5434	634	516	0.999999999999999	1.0000000000000042	0.1334175084175084	0.09495767390504233	0.4438899042229371	0.21951627599487755	3.302946E-4	0.11255672462155694	0.1003565980891553	0.19099947735316467	0.10575053675387773	0.35858060698784966	0.05460508055670605	0.0295857988	0.5701617973756817	.	.
lun_lcp3_LN_bulk_1_3_2_top174.clonotypes.IGHA	lun_lcp3_norm_bulk_1_3_1_top174.clonotypes.IGHA	174	66	3	3	4752	194	95	6	0.999999999999999	0.9999999999999981	0.01999158249158249	0.030927835051546393	0.0	0.0	2.61233E-4	0.024865565863640547	0.02475774395341929	0.195678671938903	0.10291697711111114	0.4555127014566624	0.11042438624853472	0.0126582278	0.9022069257300983	.	.
lun_lcp3_LN_bulk_1_3_2_top174.clonotypes.IGHA	lun_lcp3_norm_bulk_1_3_2_top174.clonotypes.IGHA	174	174	10	10	4752	7956	395	762	0.999999999999999	0.9999999999999978	0.08312289562289563	0.09577677224736049	0.02202284817269541	0.25532032834562707	3.302946E-4	0.08922579583626696	0.07524336362990475	0.2078536860881516	0.10518803297476224	0.4154132944236333	0.06851009209575196	0.0295857988	0.43449753783908585	.	.
lun_lcp3_LN_bulk_1_3_2_top174.clonotypes.IGHA	lun_lcp3_PBMC_bulk_1_1_1_top174.clonotypes.IGHA	174	174	2	2	4752	55048	52	1353	0.999999999999999	0.9999999999999997	0.010942760942760943	0.02457854962941433	0.0	0.0	6.60589E-5	0.01639991441790068	0.016300467583487622	0.17916007266452916	0.09295504428582282	0.37040190198055456	0.07456382349263131	0.0057803468	0.762378831598216	.	.
lun_lcp3_LN_bulk_1_3_2_top174.clonotypes.IGHA	lun_lcp3_PBMC_bulk_1_1_2_top174.clonotypes.IGHA	174	174	6	6	4752	43548	504	3258	0.999999999999999	0.9999999999999987	0.10606060606060606	0.07481399834665198	0.27996586224739506	0.7714285714285715	1.981768E-4	0.0890775954236703	0.07864028538807309	0.19714038138588363	0.10070869202268304	0.39628565724056586	0.10340170755065053	0.0175438596	0.5423020154288272	.	.
lun_lcp3_LN_bulk_1_3_2_top174.clonotypes.IGHA	lun_lcp3_tum_bulk_1_1_1_top174.clonotypes.IGHA	174	174	12	12	4752	1571	660	344	0.999999999999999	1.000000000000002	0.13888888888888887	0.21896880967536597	0.9504794515942552	0.6572444091074812	3.963535E-4	0.1743913262669166	0.16802074409015708	0.2269121290913476	0.12035915775205287	0.41718617747783354	0.02733545667298773	0.0357142857	0.8612440051896332	.	.
lun_lcp3_LN_bulk_1_3_2_top174.clonotypes.IGHA	lun_lcp3_tum_bulk_1_1_2_top174.clonotypes.IGHA	174	174	11	11	4752	4279	612	1127	0.999999999999999	0.9999999999999997	0.12878787878787878	0.2633792942276233	0.9323686290254422	0.6247155944588186	3.633241E-4	0.18417399550486005	0.1742709435626749	0.20499501613421953	0.10861043336076633	0.415048898880016	0.05289087980818912	0.0326409496	0.698448456608128	.	.
lun_lcp3_LN_bulk_1_3_2_top174.clonotypes.IGHA	lun_lcp3_tum_bulk_1_2_1_top174.clonotypes.IGHA	174	174	10	10	4752	6794	589	1188	0.999999999999999	0.9999999999999994	0.12394781144781146	0.17486017073888724	0.8574551431159776	0.3404271044608362	3.302946E-4	0.14721934476309734	0.13268614666084863	0.3091985950223557	0.16394666215640363	0.48966312238715237	0.15322721505295941	0.0295857988	0.8132783961394144	.	.
lun_lcp3_LN_bulk_1_3_2_top174.clonotypes.IGHA	lun_lcp3_tum_bulk_1_2_2_top174.clonotypes.IGHA	174	174	8	8	4752	4913	532	983	0.999999999999999	1.0	0.11195286195286196	0.20008141664970489	0.8987712027950137	0.6826469692905577	2.642357E-4	0.14966525053437577	0.13619524684243925	0.33457806880147983	0.17636387131045989	0.5054941460991882	0.1613470156300731	0.0235294118	0.7182401947166129	.	.
lun_lcp3_norm_bulk_1_1_1_top174.clonotypes.IGHA	lun_lcp3_norm_bulk_1_1_2_top174.clonotypes.IGHA	174	174	21	21	3498	979	594	181	1.0000000000000004	0.9999999999999993	0.16981132075471697	0.18488253319713988	0.2531590080078292	0.32864338605707294	6.936187E-4	0.1771867578197765	0.15988570982354566	0.10307130327637078	0.07282624000323591	0.2912488153038834	0.05004911496306448	0.0642201835	0.6740050006059137	.	.
lun_lcp3_norm_bulk_1_1_1_top174.clonotypes.IGHA	lun_lcp3_norm_bulk_1_2_1_top174.clonotypes.IGHA	174	174	19	19	3498	5334	476	890	1.0000000000000004	1.000000000000001	0.13607775871926817	0.16685414323209602	0.03193854307077303	0.11987670240012237	6.275598E-4	0.15068224130284025	0.1348836227546394	0.1320041828159858	0.07174367992961396	0.31842728909063944	0.049488566110648044	0.0577507599	0.6092349884031669	.	.
lun_lcp3_norm_bulk_1_1_1_top174.clonotypes.IGHA	lun_lcp3_norm_bulk_1_2_2_top174.clonotypes.IGHA	174	174	13	13	3498	5434	310	624	1.0000000000000004	1.0000000000000042	0.08862206975414523	0.11483253588516748	0.05231031593119249	0.06371411145135325	4.29383E-4	0.10087961640123687	0.09002924539237132	0.14731622673491457	0.089322633723667	0.32098273211592937	0.045086480442375614	0.0388059701	0.6266651729604472	.	.
lun_lcp3_norm_bulk_1_1_1_top174.clonotypes.IGHA	lun_lcp3_norm_bulk_1_3_1_top174.clonotypes.IGHA	174	66	6	6	3498	194	214	22	1.0000000000000004	0.9999999999999981	0.061177815894797025	0.1134020618556701	-0.1476086707583041	0.0338061701891406	5.22466E-4	0.08329279958253637	0.07136361102523756	0.14035028757577797	0.07659616850788402	0.4258360569524307	0.14209193755260047	0.0256410256	0.4282772914956499	.	.
lun_lcp3_norm_bulk_1_1_1_top174.clonotypes.IGHA	lun_lcp3_norm_bulk_1_3_2_top174.clonotypes.IGHA	174	174	15	15	3498	7956	388	1341	1.0000000000000004	0.9999999999999978	0.11092052601486566	0.16855203619909503	0.7729582014284451	0.5590339892665475	4.954419E-4	0.13673288015718932	0.13006173438117574	0.14521117185602214	0.0816796920715855	0.29507764112503376	0.07056819390073366	0.045045045	0.760058221038401	.	.
lun_lcp3_norm_bulk_1_1_1_top174.clonotypes.IGHA	lun_lcp3_PBMC_bulk_1_1_1_top174.clonotypes.IGHA	174	174	0	0	3498	55048	0	0	1.0000000000000004	0.9999999999999997	0.0	0.0	0.0	0.0	0.0	0.0	0.0	0.1364149779849832	0.06998175056724697	0.3425306662915444	0.05675533951427255	0.0	NaN	.	.
lun_lcp3_norm_bulk_1_1_1_top174.clonotypes.IGHA	lun_lcp3_PBMC_bulk_1_1_2_top174.clonotypes.IGHA	174	174	0	0	3498	43548	0	0	1.0000000000000004	0.9999999999999987	0.0	0.0	0.0	0.0	0.0	0.0	0.0	0.12545510451317343	0.07264342535199263	0.3477425436505545	0.06450858796948084	0.0	NaN	.	.
lun_lcp3_norm_bulk_1_1_1_top174.clonotypes.IGHA	lun_lcp3_tum_bulk_1_1_1_top174.clonotypes.IGHA	174	174	2	2	3498	1571	40	11	1.0000000000000004	1.000000000000002	0.011435105774728416	0.007001909611712286	0.0	0.0	6.60589E-5	0.008948048783674436	0.008136096008800851	0.18338523940642723	0.11126254040209127	0.39327469342711163	0.08198626993862039	0.0057803468	0.6104069192508089	.	.
lun_lcp3_norm_bulk_1_1_1_top174.clonotypes.IGHA	lun_lcp3_tum_bulk_1_1_2_top174.clonotypes.IGHA	174	174	2	2	3498	4279	17	21	1.0000000000000004	0.9999999999999997	0.004859919954259577	0.004907688712315962	0.0	0.0	6.60589E-5	0.004883745929333223	0.004876824187804993	0.174552287599957	0.11179367916322422	0.42423797450693085	0.1037170068073666	0.0057803468	0.9943093860866717	.	.
lun_lcp3_norm_bulk_1_1_1_top174.clonotypes.IGHA	lun_lcp3_tum_bulk_1_2_1_top174.clonotypes.IGHA	174	174	3	3	3498	6794	30	37	1.0000000000000004	0.9999999999999994	0.008576329331046312	0.0054459817486017074	-0.6546536707079772	-0.8660254037844386	9.90884E-5	0.00683421780505097	0.00659397454064307	0.271592658136943	0.1553969084135926	0.5008049081692838	0.14223587705687857	0.0086956522	0.7962305977077456	.	.
lun_lcp3_norm_bulk_1_1_1_top174.clonotypes.IGHA	lun_lcp3_tum_bulk_1_2_2_top174.clonotypes.IGHA	174	174	3	3	3498	4913	30	36	1.0000000000000004	1.0	0.008576329331046312	0.007327498473437818	-0.6933752452815365	-1.0	9.90884E-5	0.007927360221469807	0.007317146348828154	0.2916629699110649	0.165738258185206	0.5146591908158209	0.1485043657270261	0.0086956522	0.7401677559250379	.	.
lun_lcp3_norm_bulk_1_1_2_top174.clonotypes.IGHA	lun_lcp3_norm_bulk_1_2_1_top174.clonotypes.IGHA	174	174	20	20	979	5334	186	845	0.9999999999999993	1.000000000000001	0.18998978549540346	0.15841769778777653	0.17532425397430362	0.4994745683351954	6.605892E-4	0.17348701513766185	0.16166754408505246	0.114789356419451	0.07053292264148808	0.31059832685716665	0.03909485363511217	0.0609756098	0.7036394041496512	.	.
lun_lcp3_norm_bulk_1_1_2_top174.clonotypes.IGHA	lun_lcp3_norm_bulk_1_2_2_top174.clonotypes.IGHA	174	174	17	17	979	5434	141	881	0.9999999999999993	1.0000000000000042	0.14402451481103168	0.16212734633787265	0.3138264264360835	0.21996124206360992	5.615009E-4	0.15280809008004845	0.13947047574099405	0.09324934523184178	0.054165732822200933	0.2736215332220173	0.02863203439441166	0.0513595166	0.7244421695248648	.	.
lun_lcp3_norm_bulk_1_1_2_top174.clonotypes.IGHA	lun_lcp3_norm_bulk_1_3_1_top174.clonotypes.IGHA	174	66	7	7	979	194	53	19	0.9999999999999993	0.9999999999999981	0.05413687436159346	0.09793814432989692	-0.28890437833520494	-0.26874192494328497	6.095437E-4	0.0728152800914426	0.06884647011258938	0.17832493289900805	0.1120848977089352	0.406384109600338	0.10725556492777062	0.0300429185	0.7221967733745139	.	.
lun_lcp3_norm_bulk_1_1_2_top174.clonotypes.IGHA	lun_lcp3_norm_bulk_1_3_2_top174.clonotypes.IGHA	174	174	18	18	979	7956	166	1249	0.9999999999999993	0.9999999999999978	0.16956077630234934	0.1569884364002011	0.2436560241735899	0.46809387968431676	5.945303E-4	0.1631535508240936	0.14615889171208113	0.14783485324165274	0.0822400250668315	0.308902081760928	0.033302748110798766	0.0545454545	0.5989169799440979	.	.
lun_lcp3_norm_bulk_1_1_2_top174.clonotypes.IGHA	lun_lcp3_PBMC_bulk_1_1_1_top174.clonotypes.IGHA	174	174	1	1	979	55048	4	850	0.9999999999999993	0.9999999999999997	0.0040858018386108275	0.015441069611975004	0.0	0.0	3.30295E-5	0.007942867908427362	0.007942867908427362	0.13025083544793245	0.0811261645939328	0.3729146123174428	0.06816650947357009	0.0028818444	0.4945833322170602	.	.
lun_lcp3_norm_bulk_1_1_2_top174.clonotypes.IGHA	lun_lcp3_PBMC_bulk_1_1_2_top174.clonotypes.IGHA	174	174	3	3	979	43548	17	2387	0.9999999999999993	0.9999999999999987	0.01736465781409602	0.05481307981996877	-0.9534126768238633	-1.0	9.90884E-5	0.030851424194200328	0.028562915786630998	0.1755708655824388	0.10539250740078233	0.3644248521235096	0.08274198473285269	0.0086956522	0.46443982949728335	.	.
lun_lcp3_norm_bulk_1_1_2_top174.clonotypes.IGHA	lun_lcp3_tum_bulk_1_1_1_top174.clonotypes.IGHA	174	174	6	6	979	1571	24	247	0.9999999999999993	1.000000000000002	0.024514811031664963	0.15722469764481223	0.8285270141238461	0.492592183071889	1.981768E-4	0.06208328077891206	0.0539036069537118	0.24930828574461242	0.12829151001994943	0.43822390814696444	0.05878067000056254	0.0175438596	0.1937671999196005	.	.
lun_lcp3_norm_bulk_1_1_2_top174.clonotypes.IGHA	lun_lcp3_tum_bulk_1_1_2_top174.clonotypes.IGHA	174	174	5	5	979	4279	27	763	0.9999999999999993	0.9999999999999997	0.027579162410623085	0.17831268988081325	0.8414511089550477	0.10526315789473656	1.651473E-4	0.07012641894534481	0.05842626533627325	0.2201508271952737	0.12565767152079044	0.4563813809661558	0.07683717109352124	0.0145772595	0.147078191519661	.	.
lun_lcp3_norm_bulk_1_1_2_top174.clonotypes.IGHA	lun_lcp3_tum_bulk_1_2_1_top174.clonotypes.IGHA	174	174	5	5	979	6794	29	797	0.9999999999999993	0.9999999999999994	0.029622063329928495	0.11730939063879893	0.7432162989673745	0.051298917604258434	1.651473E-4	0.05894867427430258	0.048801606151880936	0.306707593638643	0.1581553633588713	0.49423264549837415	0.1012716518120113	0.0145772595	0.2215594885921247	.	.
lun_lcp3_norm_bulk_1_1_2_top174.clonotypes.IGHA	lun_lcp3_tum_bulk_1_2_2_top174.clonotypes.IGHA	174	174	6	6	979	4913	31	750	0.9999999999999993	1.0	0.031664964249233915	0.15265621819662123	0.7675776449674434	0.3188740696088466	1.981768E-4	0.06952592100518527	0.05519759234109405	0.3118871924659594	0.16069307959380855	0.5173793655775072	0.09833612996402408	0.0175438596	0.15760371655957528	.	.
lun_lcp3_norm_bulk_1_2_1_top174.clonotypes.IGHA	lun_lcp3_norm_bulk_1_2_2_top174.clonotypes.IGHA	174	174	25	25	5334	5434	1287	1323	1.000000000000001	1.0000000000000042	0.24128233970753657	0.24346705925653292	0.5821738858848572	0.46617887860413193	8.257366E-4	0.2423722378886033	0.23111209867395224	0.1236899915585984	0.06832089289623025	0.24503590258432076	0.022069219661786342	0.0773993808	0.8539385147345261	.	.
lun_lcp3_norm_bulk_1_2_1_top174.clonotypes.IGHA	lun_lcp3_norm_bulk_1_3_1_top174.clonotypes.IGHA	174	66	10	10	5334	194	561	30	1.000000000000001	0.9999999999999981	0.10517435320584927	0.15463917525773196	-0.21633391683476816	-0.07374872089184153	8.707767E-4	0.1275306835158423	0.11611368960435758	0.13359826638704017	0.06968505546371177	0.3987065932224489	0.0794683159352584	0.0434782609	0.5360394528214614	.	.
lun_lcp3_norm_bulk_1_2_1_top174.clonotypes.IGHA	lun_lcp3_norm_bulk_1_3_2_top174.clonotypes.IGHA	174	174	22	22	5334	7956	896	1775	1.000000000000001	0.9999999999999978	0.16797900262467194	0.2231020613373555	0.39953113426031667	0.6311180287630308	7.266482E-4	0.19358838226235933	0.18164260400047463	0.11859456308112869	0.06020155911658431	0.3231446019765434	0.030435890837945387	0.0674846626	0.6608614968791576	.	.
lun_lcp3_norm_bulk_1_2_1_top174.clonotypes.IGHA	lun_lcp3_PBMC_bulk_1_1_1_top174.clonotypes.IGHA	174	174	0	0	5334	55048	0	0	1.000000000000001	0.9999999999999997	0.0	0.0	0.0	0.0	0.0	0.0	0.0	0.15833827948114385	0.08169408278311194	0.3740387009845355	0.039018687943665274	0.0	NaN	.	.
lun_lcp3_norm_bulk_1_2_1_top174.clonotypes.IGHA	lun_lcp3_PBMC_bulk_1_1_2_top174.clonotypes.IGHA	174	174	3	3	5334	43548	198	1695	1.000000000000001	0.9999999999999987	0.03712035995500562	0.03892256820060623	0.04855336478168401	0.5	9.90884E-5	0.03801078454833258	0.03492396084817627	0.18577606566478788	0.09438953123245519	0.36386895128790464	0.0490730453583386	0.0086956522	0.7370819486842111	.	.
lun_lcp3_norm_bulk_1_2_1_top174.clonotypes.IGHA	lun_lcp3_tum_bulk_1_1_1_top174.clonotypes.IGHA	174	174	6	6	5334	1571	305	252	1.000000000000001	1.000000000000002	0.057180352455943	0.16040738383195416	0.715730478119814	0.31887406960884657	1.981768E-4	0.09577134615346529	0.08313858795791489	0.2113771481845429	0.11252431080734081	0.3919048034000701	0.05704656856445349	0.0175438596	0.41569772622374945	.	.
lun_lcp3_norm_bulk_1_2_1_top174.clonotypes.IGHA	lun_lcp3_tum_bulk_1_1_2_top174.clonotypes.IGHA	174	174	9	9	5334	4279	421	796	1.000000000000001	0.9999999999999997	0.07892763404574428	0.18602477214302404	0.7802469116850175	0.7395219099980958	2.972652E-4	0.1211713461968116	0.09861307481020033	0.21087149628118995	0.11247931487906254	0.4089645358726224	0.07624013984087852	0.0265486726	0.31669183867484835	.	.
lun_lcp3_norm_bulk_1_2_1_top174.clonotypes.IGHA	lun_lcp3_tum_bulk_1_2_1_top174.clonotypes.IGHA	174	174	9	9	5334	6794	423	838	1.000000000000001	0.9999999999999994	0.07930258717660292	0.12334412717103325	0.7734585232257462	0.3933088821151898	2.972652E-4	0.09890150857142099	0.08087368059763919	0.2950020870761532	0.15565475746307844	0.44122054807372013	0.09106108097374152	0.0265486726	0.4510076511936581	.	.
lun_lcp3_norm_bulk_1_2_1_top174.clonotypes.IGHA	lun_lcp3_tum_bulk_1_2_2_top174.clonotypes.IGHA	174	174	7	7	5334	4913	381	756	1.000000000000001	1.0	0.07142857142857142	0.1538774679421942	0.7892934689787303	0.37839373433213475	2.312062E-4	0.10483915160929493	0.08342639624839884	0.3202309130843685	0.1682967931415683	0.46133475889210024	0.0853586580920076	0.0205278592	0.33249753420089223	.	.
lun_lcp3_norm_bulk_1_2_2_top174.clonotypes.IGHA	lun_lcp3_norm_bulk_1_3_1_top174.clonotypes.IGHA	174	66	7	7	5434	194	242	24	1.0000000000000042	0.9999999999999981	0.04453441295546559	0.12371134020618557	-0.3830582835908683	-0.44543540318737435	6.095437E-4	0.0742254128450382	0.06625587524873021	0.1432549944986196	0.0846123237224273	0.35413315926232614	0.0897236317050782	0.0300429185	0.31792714532870686	.	.
lun_lcp3_norm_bulk_1_2_2_top174.clonotypes.IGHA	lun_lcp3_norm_bulk_1_3_2_top174.clonotypes.IGHA	174	174	21	21	5434	7956	873	1530	1.0000000000000042	0.9999999999999978	0.1606551343393449	0.1923076923076923	0.3251066929271692	0.5167371088617754	6.936187E-4	0.17577035626686802	0.16135366805472032	0.09115669649832706	0.051027103057454865	0.2931475607618419	0.027721916997267206	0.0642201835	0.6268893918216436	.	.
lun_lcp3_norm_bulk_1_2_2_top174.clonotypes.IGHA	lun_lcp3_PBMC_bulk_1_1_1_top174.clonotypes.IGHA	174	174	5	5	5434	55048	157	2007	1.0000000000000042	0.9999999999999997	0.02889216047110784	0.03645909024851039	-0.2929367170395943	-0.15389675281277299	1.651473E-4	0.03245584517603209	0.030164188756454186	0.08767052130389852	0.05599627323930334	0.290349540799772	0.030583480272466903	0.0145772595	0.7096945990629872	.	.
lun_lcp3_norm_bulk_1_2_2_top174.clonotypes.IGHA	lun_lcp3_PBMC_bulk_1_1_2_top174.clonotypes.IGHA	174	174	7	7	5434	43548	272	3340	1.0000000000000042	0.9999999999999987	0.050055207949944794	0.07669697804721227	0.12047787564617851	0.035714285714285206	2.312062E-4	0.061960335580801704	0.056994393159407256	0.09645871398325805	0.05551049609549484	0.2562020050777919	0.04787877013446431	0.0205278592	0.6733954176676785	.	.
lun_lcp3_norm_bulk_1_2_2_top174.clonotypes.IGHA	lun_lcp3_tum_bulk_1_1_1_top174.clonotypes.IGHA	174	174	11	11	5434	1571	466	343	1.0000000000000042	1.000000000000002	0.08575634891424365	0.2183322724379376	0.3931561555829972	0.12873869378259062	3.633241E-4	0.1368333969995172	0.11143925996510788	0.20875579469424044	0.11033193435147086	0.3593047952387454	0.03228468879139855	0.0326409496	0.3506856057897196	.	.
lun_lcp3_norm_bulk_1_2_2_top174.clonotypes.IGHA	lun_lcp3_tum_bulk_1_1_2_top174.clonotypes.IGHA	174	174	11	11	5434	4279	480	1079	1.0000000000000042	0.9999999999999997	0.08833271991166727	0.25216172002804393	0.44308926977498997	0.2465753424657536	3.633241E-4	0.14924520289671445	0.11670610399064657	0.23962752872677393	0.13082618348599398	0.4098060813188399	0.05822583762272051	0.0326409496	0.255754921061293	.	.
lun_lcp3_norm_bulk_1_2_2_top174.clonotypes.IGHA	lun_lcp3_tum_bulk_1_2_1_top174.clonotypes.IGHA	174	174	10	10	5434	6794	479	1200	1.0000000000000042	0.9999999999999994	0.0881486934118513	0.1766264350897851	0.34907777245018856	-0.1768292682926829	3.302946E-4	0.12477735962568579	0.09585126455094153	0.23284919008930158	0.12133234253935048	0.39531154257214723	0.09554114565862568	0.0295857988	0.343279498042993	.	.
lun_lcp3_norm_bulk_1_2_2_top174.clonotypes.IGHA	lun_lcp3_tum_bulk_1_2_2_top174.clonotypes.IGHA	174	174	11	11	5434	4913	504	1023	1.0000000000000042	1.0	0.09274935590725064	0.20822308162019135	0.43054216679816953	-0.06392694063926917	3.633241E-4	0.1389696251174897	0.10325592724033633	0.32269756691200024	0.16688796596692956	0.4536308406164633	0.09380556302549253	0.0326409496	0.2648544511888841	.	.
lun_lcp3_norm_bulk_1_3_1_top174.clonotypes.IGHA	lun_lcp3_norm_bulk_1_3_2_top174.clonotypes.IGHA	66	174	17	17	194	7956	75	2272	0.9999999999999981	0.9999999999999978	0.38659793814432997	0.28557063851181497	0.38192756463973115	0.2730790876999909	0.0014803204	0.33226648949785387	0.30678502202286234	0.11342015244391909	0.0626739352200481	0.32490606642746256	0.04857267197949925	0.0762331839	0.7537494617157154	.	.
lun_lcp3_norm_bulk_1_3_1_top174.clonotypes.IGHA	lun_lcp3_PBMC_bulk_1_1_1_top174.clonotypes.IGHA	66	174	1	1	194	55048	2	440	0.9999999999999981	0.9999999999999997	0.010309278350515464	0.007993024269728238	0.0	0.0	8.70777E-5	0.009077571925303264	0.009077571925303264	0.11858690830461137	0.06350592673665668	0.3857420768036047	0.05866016405665061	0.0041841004	0.9684724465062085	.	.
lun_lcp3_norm_bulk_1_3_1_top174.clonotypes.IGHA	lun_lcp3_PBMC_bulk_1_1_2_top174.clonotypes.IGHA	66	174	0	0	194	43548	0	0	0.9999999999999981	0.9999999999999987	0.0	0.0	0.0	0.0	0.0	0.0	0.0	0.15318331926008638	0.08224935219148186	0.4003079157397184	0.09312636660953277	0.0	NaN	.	.
lun_lcp3_norm_bulk_1_3_1_top174.clonotypes.IGHA	lun_lcp3_tum_bulk_1_1_1_top174.clonotypes.IGHA	66	174	1	1	194	1571	3	3	0.9999999999999981	1.000000000000002	0.015463917525773196	0.0019096117122851686	0.0	0.0	8.70777E-5	0.005434158446809256	0.005434158446809256	0.1939813363048459	0.11116856236236891	0.49110253750635097	0.09822828456136126	0.0041841004	0.2432667897737817	.	.
lun_lcp3_norm_bulk_1_3_1_top174.clonotypes.IGHA	lun_lcp3_tum_bulk_1_1_2_top174.clonotypes.IGHA	66	174	1	1	194	4279	2	11	0.9999999999999981	0.9999999999999997	0.010309278350515464	0.002570694087403599	0.0	0.0	8.70777E-5	0.005148009411517041	0.005148009411517041	0.23144904852358564	0.12836411830376238	0.5676405976646313	0.13242769931399492	0.0041841004	0.46952031356933993	.	.
lun_lcp3_norm_bulk_1_3_1_top174.clonotypes.IGHA	lun_lcp3_tum_bulk_1_2_1_top174.clonotypes.IGHA	66	174	2	2	194	6794	4	28	0.9999999999999981	0.9999999999999994	0.020618556701030927	0.004121283485428319	0.0	0.0	1.741553E-4	0.009218184052476179	0.00906492469418992	0.2806370594144302	0.158199001486948	0.5246922637483238	0.13178965792063463	0.0084033613	0.382531840936029	.	.
lun_lcp3_norm_bulk_1_3_1_top174.clonotypes.IGHA	lun_lcp3_tum_bulk_1_2_2_top174.clonotypes.IGHA	66	174	1	1	194	4913	2	23	0.9999999999999981	1.0	0.010309278350515464	0.004681457358029717	0.0	0.0	8.70777E-5	0.006947117890895266	0.006947117890895266	0.3446560167424642	0.19012316426213582	0.5782572516608309	0.1318482271014945	0.0041841004	0.7529403642735876	.	.
lun_lcp3_norm_bulk_1_3_2_top174.clonotypes.IGHA	lun_lcp3_PBMC_bulk_1_1_1_top174.clonotypes.IGHA	174	174	1	1	7956	55048	25	850	0.9999999999999978	0.9999999999999997	0.00314228255404726	0.015441069611975004	0.0	0.0	3.30295E-5	0.006965644525637118	0.006965644525637118	0.1229214102724662	0.06589753185495972	0.3504906673491152	0.03237061234726413	0.0028818444	0.390818302005196	.	.
lun_lcp3_norm_bulk_1_3_2_top174.clonotypes.IGHA	lun_lcp3_PBMC_bulk_1_1_2_top174.clonotypes.IGHA	174	174	4	4	7956	43548	159	2435	0.9999999999999978	0.9999999999999987	0.019984917043740575	0.05591531183980894	-0.27490129197506463	0.210818510677892	1.321178E-4	0.03342847391960134	0.0309964241232542	0.13195190176105806	0.06853706643322005	0.3341189248736615	0.04483354281368203	0.011627907	0.4668674518578069	.	.
lun_lcp3_norm_bulk_1_3_2_top174.clonotypes.IGHA	lun_lcp3_tum_bulk_1_1_1_top174.clonotypes.IGHA	174	174	5	5	7956	1571	236	104	0.9999999999999978	1.000000000000002	0.029663147310206132	0.06619987269255251	-0.1813945848823638	0.05129891760425807	1.651473E-4	0.0443136161421755	0.032394305339849494	0.14610556789946735	0.07609776063555754	0.4003147931191474	0.062453224828007914	0.0145772595	0.20859768274709933	.	.
lun_lcp3_norm_bulk_1_3_2_top174.clonotypes.IGHA	lun_lcp3_tum_bulk_1_1_2_top174.clonotypes.IGHA	174	174	4	4	7956	4279	211	179	0.9999999999999978	0.9999999999999997	0.026520864756158873	0.04183220378593129	-0.6510909204858204	-0.6000000000000001	1.321178E-4	0.033308050364120094	0.028674426564982272	0.2114927539740566	0.11042220272082047	0.4760436091637526	0.0931593401308715	0.011627907	0.5013960595096659	.	.
lun_lcp3_norm_bulk_1_3_2_top174.clonotypes.IGHA	lun_lcp3_tum_bulk_1_2_1_top174.clonotypes.IGHA	174	174	4	4	7956	6794	211	139	0.9999999999999978	0.9999999999999994	0.026520864756158873	0.020459228731233438	0.05398445329389006	0.0	1.321178E-4	0.02329369953863838	0.021110693766952106	0.22996785404412057	0.11974205512316245	0.4209521259168917	0.10133910240431453	0.011627907	0.7722231453777093	.	.
lun_lcp3_norm_bulk_1_3_2_top174.clonotypes.IGHA	lun_lcp3_tum_bulk_1_2_2_top174.clonotypes.IGHA	174	174	4	4	7956	4913	211	83	0.9999999999999978	1.0	0.026520864756158873	0.016893954813759413	-0.5657264370845642	-0.6000000000000001	1.321178E-4	0.021167009491479247	0.01949474069076773	0.2965779387013286	0.15292183588634353	0.5008192201030687	0.10179028293587174	0.011627907	0.7100379368339859	.	.
lun_lcp3_PBMC_bulk_1_1_1_top174.clonotypes.IGHA	lun_lcp3_PBMC_bulk_1_1_2_top174.clonotypes.IGHA	174	174	16	16	55048	43548	7709	5708	0.9999999999999997	0.9999999999999987	0.14004141839848858	0.13107375769266097	0.2289343231734582	0.2676470588235295	5.284714E-4	0.13548341205512962	0.12907230363961855	0.1023378579784738	0.05797922418019892	0.26952745413956114	0.0401543246964399	0.0481927711	0.8093409695642367	.	.
lun_lcp3_PBMC_bulk_1_1_1_top174.clonotypes.IGHA	lun_lcp3_tum_bulk_1_1_1_top174.clonotypes.IGHA	174	174	4	4	55048	1571	1951	18	0.9999999999999997	1.000000000000002	0.03544179625054498	0.011457670273711014	-0.08315002739085561	0.21081851067789203	1.321178E-4	0.02015143705413566	0.01829960031504538	0.22965491953299563	0.12775485646149368	0.42153173887193013	0.06434090720718039	0.011627907	0.45421087156424833	.	.
lun_lcp3_PBMC_bulk_1_1_1_top174.clonotypes.IGHA	lun_lcp3_tum_bulk_1_1_2_top174.clonotypes.IGHA	174	174	3	3	55048	4279	1065	85	0.9999999999999997	0.9999999999999997	0.01934675192559221	0.019864454311755084	0.47212783305705175	-0.5	9.90884E-5	0.019603894248510577	0.017445773386903347	0.2599639100022635	0.14619612822493622	0.4449003833753949	0.09614190511485678	0.0086956522	0.7089031553168778	.	.
lun_lcp3_PBMC_bulk_1_1_1_top174.clonotypes.IGHA	lun_lcp3_tum_bulk_1_2_1_top174.clonotypes.IGHA	174	174	3	3	55048	6794	1044	36	0.9999999999999997	0.9999999999999994	0.01896526667635518	0.005298793052693553	-0.4271210980886245	-0.5	9.90884E-5	0.010024620856029986	0.009709127016804549	0.2866159619436351	0.15571943545167374	0.4645748740804676	0.10859614617557961	0.0086956522	0.45056354757842704	.	.
lun_lcp3_PBMC_bulk_1_1_1_top174.clonotypes.IGHA	lun_lcp3_tum_bulk_1_2_2_top174.clonotypes.IGHA	174	174	1	1	55048	4913	264	17	0.9999999999999997	1.0	0.004795814561836942	0.0034602076124567475	0.0	0.0	3.30295E-5	0.004073636465714523	0.004073636465714523	0.34384376320871934	0.18433162824807123	0.48535626183522373	0.10970457583789613	0.0028818444	0.9489934421300896	.	.
lun_lcp3_PBMC_bulk_1_1_2_top174.clonotypes.IGHA	lun_lcp3_tum_bulk_1_1_1_top174.clonotypes.IGHA	174	174	7	7	43548	1571	3497	326	0.9999999999999987	1.000000000000002	0.08030219527877286	0.207511139401655	0.25271692307939947	0.1982062417930229	2.312062E-4	0.1290875673283541	0.10644890872678138	0.19996537199293532	0.10876006047665376	0.36418090402603626	0.08795942385591025	0.0205278592	0.38767779436545713	.	.
lun_lcp3_PBMC_bulk_1_1_2_top174.clonotypes.IGHA	lun_lcp3_tum_bulk_1_1_2_top174.clonotypes.IGHA	174	174	5	5	43548	4279	2203	988	0.9999999999999987	0.9999999999999997	0.05058785707724809	0.23089506894134143	0.20027967981581352	0.6	1.651473E-4	0.10807630058179232	0.09309193541318052	0.24319925065307832	0.12727200345470865	0.4129568792602197	0.12029761084587155	0.0145772595	0.22086491754358487	.	.
lun_lcp3_PBMC_bulk_1_1_2_top174.clonotypes.IGHA	lun_lcp3_tum_bulk_1_2_1_top174.clonotypes.IGHA	174	174	8	8	43548	6794	3718	1111	0.9999999999999987	0.9999999999999994	0.08537705520345366	0.16352664115395935	0.04476859897403689	0.1666666666666665	2.642357E-4	0.11815846592198523	0.08844152059540077	0.25378718279653517	0.13738648405928455	0.4417598090103211	0.11747078280102452	0.0235294118	0.28938525706834506	.	.
lun_lcp3_PBMC_bulk_1_1_2_top174.clonotypes.IGHA	lun_lcp3_tum_bulk_1_2_2_top174.clonotypes.IGHA	174	174	5	5	43548	4913	2719	960	0.9999999999999987	1.0	0.06243685129052999	0.19539995929167517	-0.14224328980950035	-0.4999999999999999	1.651473E-4	0.11045432630942953	0.08210077520123264	0.30095219116245286	0.16113701248677562	0.44945089299364077	0.1263990011208962	0.0145772595	0.2072314991309672	.	.
lun_lcp3_tum_bulk_1_1_1_top174.clonotypes.IGHA	lun_lcp3_tum_bulk_1_1_2_top174.clonotypes.IGHA	174	174	103	103	1571	4279	1340	3652	1.000000000000002	0.9999999999999997	0.8529598981540425	0.8534704370179949	0.8679458105568699	0.6572730632397381	0.0034020346	0.8532151293995877	0.8191091024670357	0.0936115861141211	0.05137761531396752	0.15367923367172145	0.022215211327115576	0.4204081633	0.8903213833080338	.	.
lun_lcp3_tum_bulk_1_1_1_top174.clonotypes.IGHA	lun_lcp3_tum_bulk_1_2_1_top174.clonotypes.IGHA	174	174	43	43	1571	6794	687	3687	1.000000000000002	0.9999999999999994	0.4373010821133037	0.5426847218133648	0.7317128456852583	0.3880451614395602	0.0014202669	0.48715153299085656	0.41662375004703184	0.12465879749701109	0.06605194128201809	0.27608291153977754	0.1030720060013593	0.1409836066	0.7691039406014912	.	.
lun_lcp3_tum_bulk_1_1_1_top174.clonotypes.IGHA	lun_lcp3_tum_bulk_1_2_2_top174.clonotypes.IGHA	174	174	38	38	1571	4913	796	2726	1.000000000000002	1.0	0.506683640992998	0.5548544677386525	0.6171288162124807	0.4303674082291249	0.0012551196	0.5302222948302461	0.43442716483722227	0.22151777280487348	0.11416966503676075	0.359770122976549	0.10765486345637053	0.1225806452	0.6966995905013319	.	.
lun_lcp3_tum_bulk_1_1_2_top174.clonotypes.IGHA	lun_lcp3_tum_bulk_1_2_1_top174.clonotypes.IGHA	174	174	41	41	4279	6794	1836	3658	0.9999999999999997	0.9999999999999994	0.42907221313390975	0.5384162496320284	0.6378454939018692	0.49496009639785576	0.001354208	0.4806448291793786	0.41114609449530815	0.20457182514539643	0.11104081921861621	0.36405938976005653	0.12400597507840329	0.1335504886	0.706046550824727	.	.
lun_lcp3_tum_bulk_1_1_2_top174.clonotypes.IGHA	lun_lcp3_tum_bulk_1_2_2_top174.clonotypes.IGHA	174	174	39	39	4279	4913	2159	2740	0.9999999999999997	1.0	0.5045571395185791	0.5577040504783228	0.6554941187696958	0.48495007812995333	0.001288149	0.5304654186723842	0.44164804246005934	0.18392127154670374	0.10020336163025878	0.31482529088773487	0.11693051477380481	0.1262135922	0.7241881528271014	.	.
lun_lcp3_tum_bulk_1_2_1_top174.clonotypes.IGHA	lun_lcp3_tum_bulk_1_2_2_top174.clonotypes.IGHA	174	174	87	87	6794	4913	5993	4383	0.9999999999999994	1.0	0.8821018545775683	0.892122939141054	0.9592974673997456	0.8391012277419239	0.0028735632	0.8870982466037879	0.8700772222890996	0.13096992904788377	0.0655303241660616	0.18292596884720266	0.006711194350714387	0.3333333333	0.9602742719938516	.	.
