1_sample_id	2_sample_id	div1	div2	div12	div21	count1	count2	count12	count21	freq1	freq2	freq12	freq21	R	Rs	D	F	F2	vJSD	vjJSD	vj2JSD	sJSD	Jaccard	MorisitaHorn	1_metadata_blank	2_metadata_blank
lun_lcp3_LN_bulk_1_1_1_top52.clonotypes.IGHG	lun_lcp3_LN_bulk_1_1_2_top52.clonotypes.IGHG	52	52	9	9	2561	1216	550	384	1.0000000000000004	1.0	0.21475985942991022	0.3157894736842105	0.9016252335398001	0.7016806722689075	0.0033284024	0.2604206270207227	0.25559743396706186	0.16161412752485102	0.09771109389443247	0.40988031260212926	0.09053804918906774	0.0947368421	0.8346924537641722	.	.
lun_lcp3_LN_bulk_1_1_1_top52.clonotypes.IGHG	lun_lcp3_LN_bulk_1_2_1_top52.clonotypes.IGHG	52	52	4	4	2561	2590	186	286	1.0000000000000004	1.0	0.07262787973447872	0.11042471042471044	0.18591973521948632	0.39999999999999997	0.0014792899	0.089553964671814	0.0882964309246701	0.21025650664836446	0.11850088440303641	0.4776887558727806	0.09531481414814393	0.04	0.8659309808515655	.	.
lun_lcp3_LN_bulk_1_1_1_top52.clonotypes.IGHG	lun_lcp3_LN_bulk_1_2_2_top52.clonotypes.IGHG	52	52	5	5	2561	1610	318	151	1.0000000000000004	0.9999999999999997	0.12417024599765718	0.09378881987577639	0.12657966717950372	0.6	0.0018491124	0.1079156190539864	0.1045134315951604	0.28374417905254007	0.15553617269862757	0.5187388720241306	0.20830122932944906	0.0505050505	0.8220726260245376	.	.
lun_lcp3_LN_bulk_1_1_1_top52.clonotypes.IGHG	lun_lcp3_LN_bulk_1_3_1_top52.clonotypes.IGHG	52	52	12	12	2561	1488	828	453	1.0000000000000004	1.0000000000000004	0.32331120655993756	0.3044354838709677	0.345253485278607	0.5385964912280704	0.0044378698	0.3137314195454146	0.29744205239910415	0.23986138494847958	0.13696289600932754	0.43893043952744326	0.04159388295028351	0.1304347826	0.8022073270283108	.	.
lun_lcp3_LN_bulk_1_1_1_top52.clonotypes.IGHG	lun_lcp3_LN_bulk_1_3_2_top52.clonotypes.IGHG	52	52	11	11	2561	1134	646	371	1.0000000000000004	1.0000000000000002	0.25224521671222183	0.32716049382716045	0.5393578761369218	0.4236913042477307	0.0040680473	0.2872710734917625	0.27766956193675846	0.1910253894202057	0.1010434952159832	0.3627457015185956	0.10229591671048456	0.1182795699	0.8364319440184517	.	.
lun_lcp3_LN_bulk_1_1_1_top52.clonotypes.IGHG	lun_lcp3_norm_bulk_1_1_1_top52.clonotypes.IGHG	52	52	3	3	2561	728	196	46	1.0000000000000004	0.9999999999999992	0.07653260445138617	0.06318681318681318	0.991711306887601	1.0	0.0011094675	0.06954028602306728	0.06914657886759809	0.3386959172020359	0.19881290386447387	0.5409399381423832	0.2413335575742909	0.0297029703	0.9790430529805562	.	.
lun_lcp3_LN_bulk_1_1_1_top52.clonotypes.IGHG	lun_lcp3_norm_bulk_1_1_2_top52.clonotypes.IGHG	52	52	1	1	2561	220	103	3	1.0000000000000004	0.9999999999999996	0.040218664584146815	0.013636363636363636	0.0	0.0	3.698225E-4	0.023418717625830105	0.023418717625830105	0.3060124440172088	0.1838307545898247	0.5853313239817304	0.16450818264919978	0.0097087379	0.6081940141391724	.	.
lun_lcp3_LN_bulk_1_1_1_top52.clonotypes.IGHG	lun_lcp3_norm_bulk_1_2_1_top52.clonotypes.IGHG	52	52	3	3	2561	1447	129	118	1.0000000000000004	0.9999999999999996	0.05037094884810621	0.08154803040774014	0.45155561509038006	0.5	0.0011094675	0.06409096401468843	0.06262973706502498	0.3430450411701413	0.18759806877342536	0.6415634228616213	0.0502471391412175	0.0297029703	0.8154317129551669	.	.
lun_lcp3_LN_bulk_1_1_1_top52.clonotypes.IGHG	lun_lcp3_norm_bulk_1_2_2_top52.clonotypes.IGHG	52	52	3	3	2561	3168	132	286	1.0000000000000004	0.9999999999999998	0.051542366263178443	0.09027777777777776	-0.9584375205267074	-1.0	0.0011094675	0.06821385700609557	0.06282820804705509	0.42596836825724477	0.2512687960767167	0.6615343939958817	0.039132789094866956	0.0297029703	0.587836130010666	.	.
lun_lcp3_LN_bulk_1_1_1_top52.clonotypes.IGHG	lun_lcp3_norm_bulk_1_3_2_top52.clonotypes.IGHG	52	52	7	7	2561	3848	353	441	1.0000000000000004	1.0000000000000002	0.13783678250683326	0.1146049896049896	-0.14883910168763678	-0.0714285714285713	0.0025887574	0.12568525381436296	0.11715568582413544	0.44041211199318236	0.31174123616907035	0.6238053223723787	0.20043828280073553	0.0721649485	0.774244815366398	.	.
lun_lcp3_LN_bulk_1_1_1_top52.clonotypes.IGHG	lun_lcp3_PBMC_bulk_1_1_1_top52.clonotypes.IGHG	52	52	0	0	2561	14763	0	0	1.0000000000000004	0.9999999999999998	0.0	0.0	0.0	0.0	0.0	0.0	0.0	0.2993168412138553	0.17203314103602318	0.5751493933360516	0.23755670301139964	0.0	NaN	.	.
lun_lcp3_LN_bulk_1_1_1_top52.clonotypes.IGHG	lun_lcp3_PBMC_bulk_1_1_2_top52.clonotypes.IGHG	52	52	1	1	2561	10037	32	398	1.0000000000000004	1.0	0.012495119094103866	0.039653282853442266	0.0	0.0	3.698225E-4	0.022259211390477155	0.022259211390477155	0.28312097402143044	0.14532506447767574	0.47656249103395815	0.18441359128906787	0.0097087379	0.5732940512961507	.	.
lun_lcp3_LN_bulk_1_1_1_top52.clonotypes.IGHG	lun_lcp3_tum_bulk_1_1_1_top52.clonotypes.IGHG	52	52	2	2	2561	1060	115	410	1.0000000000000004	1.0000000000000013	0.04490433424443577	0.3867924528301887	0.0	0.0	7.39645E-4	0.1317902029177888	0.10062061719415569	0.41594559313225343	0.217817408803722	0.6184289801014747	0.23271773394664946	0.0196078431	0.10542033021000817	.	.
lun_lcp3_LN_bulk_1_1_1_top52.clonotypes.IGHG	lun_lcp3_tum_bulk_1_1_2_top52.clonotypes.IGHG	52	52	4	4	2561	2254	168	965	1.0000000000000004	1.0000000000000002	0.0655993752440453	0.42812777284826975	0.7103706911996844	0.2000000000000001	0.0014792899	0.16758554359929448	0.11556654015723038	0.5050537383248364	0.26013204868669426	0.6793518401637596	0.2805322627504513	0.04	0.09635385895627682	.	.
lun_lcp3_LN_bulk_1_1_1_top52.clonotypes.IGHG	lun_lcp3_tum_bulk_1_2_1_top52.clonotypes.IGHG	52	52	2	2	2561	2776	82	55	1.0000000000000004	0.9999999999999996	0.03201874267864116	0.019812680115273776	0.0	0.0	7.39645E-4	0.025186843914734167	0.025159209989073734	0.36740061071847857	0.21106455523750617	0.7101231765429362	0.09931833297270802	0.0196078431	0.8851035227905911	.	.
lun_lcp3_LN_bulk_1_1_1_top52.clonotypes.IGHG	lun_lcp3_tum_bulk_1_2_2_top52.clonotypes.IGHG	52	52	1	1	2561	1512	50	15	1.0000000000000004	0.9999999999999997	0.01952362358453729	0.00992063492063492	0.0	0.0	3.698225E-4	0.013917138423903535	0.013917138423903535	0.36729107401842453	0.21728563019392244	0.6605566370473236	0.08476833664392128	0.0097087379	0.807716543272516	.	.
lun_lcp3_LN_bulk_1_1_2_top52.clonotypes.IGHG	lun_lcp3_LN_bulk_1_2_1_top52.clonotypes.IGHG	52	52	3	3	1216	2590	106	244	1.0	1.0	0.08717105263157895	0.09420849420849421	0.9407182669546028	1.0	0.0011094675	0.09062148534972515	0.09035848182308029	0.29292708279787216	0.17511028009092652	0.5865033204823832	0.13480224209829858	0.0297029703	0.9870257321472908	.	.
lun_lcp3_LN_bulk_1_1_2_top52.clonotypes.IGHG	lun_lcp3_LN_bulk_1_2_2_top52.clonotypes.IGHG	52	52	4	4	1216	1610	124	130	1.0	0.9999999999999997	0.10197368421052631	0.08074534161490685	-0.015639383339143456	-0.2000000000000001	0.0014792899	0.09074083957794075	0.08469646553958597	0.43350751970966733	0.25537044205782317	0.6401920973317093	0.17513793630041094	0.04	0.7106811592946551	.	.
lun_lcp3_LN_bulk_1_1_2_top52.clonotypes.IGHG	lun_lcp3_LN_bulk_1_3_1_top52.clonotypes.IGHG	52	52	13	13	1216	1488	375	562	1.0	1.0000000000000004	0.3083881578947369	0.3776881720430107	0.9395746739394444	0.8885793871866295	0.0048076923	0.34128369377246043	0.3386029395185918	0.19380254091259244	0.10259538478406766	0.48310626131558415	0.09208544163738876	0.1428571429	0.9443466398964567	.	.
lun_lcp3_LN_bulk_1_1_2_top52.clonotypes.IGHG	lun_lcp3_LN_bulk_1_3_2_top52.clonotypes.IGHG	52	52	12	12	1216	1134	366	372	1.0	1.0000000000000002	0.30098684210526316	0.3280423280423281	0.6987305937899118	0.5947035442744275	0.0044378698	0.3142235261630153	0.3060163244840484	0.16798923220247627	0.09662982490576008	0.4058649234365686	0.06828015322800313	0.1304347826	0.8964753600659973	.	.
lun_lcp3_LN_bulk_1_1_2_top52.clonotypes.IGHG	lun_lcp3_norm_bulk_1_1_1_top52.clonotypes.IGHG	52	52	1	1	1216	728	14	13	1.0	0.9999999999999992	0.011513157894736841	0.017857142857142856	0.0	0.0	3.698225E-4	0.01433848336691011	0.01433848336691011	0.37420421460295	0.2009116443374996	0.644003582425871	0.2250414896652139	0.0097087379	0.9108474990827933	.	.
lun_lcp3_LN_bulk_1_1_2_top52.clonotypes.IGHG	lun_lcp3_norm_bulk_1_1_2_top52.clonotypes.IGHG	52	52	1	1	1216	220	17	3	1.0	0.9999999999999996	0.013980263157894737	0.013636363636363636	0.0	0.0	3.698225E-4	0.013807242742601073	0.013807242742601073	0.3030640503626331	0.16187681651811328	0.6101784836428794	0.16052643037905845	0.0097087379	0.9996899123020406	.	.
lun_lcp3_LN_bulk_1_1_2_top52.clonotypes.IGHG	lun_lcp3_norm_bulk_1_2_1_top52.clonotypes.IGHG	52	52	4	4	1216	1447	137	152	1.0	0.9999999999999996	0.11266447368421054	0.1050449205252246	-0.5453802149387287	-0.316227766016838	0.0014792899	0.10878800799800571	0.09098668105267037	0.4003243694644003	0.20128601210354544	0.7574896662751054	0.07051047628495484	0.04	0.4997785573230887	.	.
lun_lcp3_LN_bulk_1_1_2_top52.clonotypes.IGHG	lun_lcp3_norm_bulk_1_2_2_top52.clonotypes.IGHG	52	52	3	3	1216	3168	93	220	1.0	0.9999999999999998	0.07648026315789473	0.06944444444444445	0.9838931977884701	0.8660254037844386	0.0011094675	0.07287749574433051	0.07264129926266182	0.44627538490811736	0.2380734984308341	0.6792620636951101	0.11580666299743256	0.0297029703	0.9808624944729524	.	.
lun_lcp3_LN_bulk_1_1_2_top52.clonotypes.IGHG	lun_lcp3_norm_bulk_1_3_2_top52.clonotypes.IGHG	52	52	2	2	1216	3848	40	81	1.0	1.0000000000000002	0.03289473684210526	0.02104989604989605	0.0	0.0	7.39645E-4	0.026314079712484752	0.026273313874034303	0.440883078824191	0.30811110234509537	0.7157286674301584	0.1740332829166698	0.0196078431	0.9047644481578413	.	.
lun_lcp3_LN_bulk_1_1_2_top52.clonotypes.IGHG	lun_lcp3_PBMC_bulk_1_1_1_top52.clonotypes.IGHG	52	52	0	0	1216	14763	0	0	1.0	0.9999999999999998	0.0	0.0	0.0	0.0	0.0	0.0	0.0	0.3406350811787518	0.2251320807650038	0.5724576131651091	0.21813254569729862	0.0	NaN	.	.
lun_lcp3_LN_bulk_1_1_2_top52.clonotypes.IGHG	lun_lcp3_PBMC_bulk_1_1_2_top52.clonotypes.IGHG	52	52	0	0	1216	10037	0	0	1.0	1.0	0.0	0.0	0.0	0.0	0.0	0.0	0.0	0.29325420897526205	0.17563037290271505	0.6263868783241143	0.19891961265785127	0.0	NaN	.	.
lun_lcp3_LN_bulk_1_1_2_top52.clonotypes.IGHG	lun_lcp3_tum_bulk_1_1_1_top52.clonotypes.IGHG	52	52	2	2	1216	1060	54	408	1.0	1.0000000000000013	0.044407894736842105	0.3849056603773585	0.0	0.0	7.39645E-4	0.13073962692945254	0.11326890777124615	0.45879213384575546	0.24923965957975772	0.6175346451975144	0.1908041572017875	0.0196078431	0.1482042215867622	.	.
lun_lcp3_LN_bulk_1_1_2_top52.clonotypes.IGHG	lun_lcp3_tum_bulk_1_1_2_top52.clonotypes.IGHG	52	52	2	2	1216	2254	48	941	1.0	1.0000000000000002	0.039473684210526314	0.4174800354924579	0.0	0.0	7.39645E-4	0.1283724078033461	0.11430375377302805	0.5241190708305153	0.2807364465071951	0.6480746473130885	0.23634701752946588	0.0196078431	0.1350454997229376	.	.
lun_lcp3_LN_bulk_1_1_2_top52.clonotypes.IGHG	lun_lcp3_tum_bulk_1_2_1_top52.clonotypes.IGHG	52	52	2	2	1216	2776	52	53	1.0	0.9999999999999996	0.04276315789473684	0.019092219020172913	0.0	0.0	7.39645E-4	0.028573476801407146	0.028501357291718078	0.39709006345535086	0.2426091747456208	0.6329263103021571	0.13257448840380814	0.0196078431	0.7228941172244892	.	.
lun_lcp3_LN_bulk_1_1_2_top52.clonotypes.IGHG	lun_lcp3_tum_bulk_1_2_2_top52.clonotypes.IGHG	52	52	1	1	1216	1512	34	15	1.0	0.9999999999999997	0.027960526315789474	0.00992063492063492	0.0	0.0	3.698225E-4	0.0166549144028948	0.0166549144028948	0.32717329786918375	0.21024631022538845	0.6320902635147528	0.11819607931670348	0.0097087379	0.6302726953844581	.	.
lun_lcp3_LN_bulk_1_2_1_top52.clonotypes.IGHG	lun_lcp3_LN_bulk_1_2_2_top52.clonotypes.IGHG	52	52	4	4	2590	1610	187	113	1.0	0.9999999999999997	0.0722007722007722	0.07018633540372671	-0.3321611243659986	-0.2000000000000001	0.0014792899	0.07118642858081493	0.0703883118818302	0.2467323742015999	0.14454865203174774	0.588701182386346	0.10756903588555512	0.04	0.95451785336511	.	.
lun_lcp3_LN_bulk_1_2_1_top52.clonotypes.IGHG	lun_lcp3_LN_bulk_1_3_1_top52.clonotypes.IGHG	52	52	5	5	2590	1488	372	240	1.0	1.0000000000000004	0.14362934362934365	0.16129032258064516	0.8973740338084836	1.0	0.0018491124	0.15220388682955233	0.15036692984140718	0.3042280485054118	0.17172479724309037	0.4909044420973155	0.05435482893339136	0.0505050505	0.9285157470480303	.	.
lun_lcp3_LN_bulk_1_2_1_top52.clonotypes.IGHG	lun_lcp3_LN_bulk_1_3_2_top52.clonotypes.IGHG	52	52	8	8	2590	1134	508	208	1.0	1.0000000000000002	0.19613899613899616	0.18342151675485008	0.5752437088611724	0.6204819277108434	0.0029585799	0.1896736991957197	0.1846966519646754	0.3286116759625147	0.17607453505331147	0.5481240997905199	0.07892023117757985	0.0833333333	0.877683013931275	.	.
lun_lcp3_LN_bulk_1_2_1_top52.clonotypes.IGHG	lun_lcp3_norm_bulk_1_1_1_top52.clonotypes.IGHG	52	52	0	0	2590	728	0	0	1.0	0.9999999999999992	0.0	0.0	0.0	0.0	0.0	0.0	0.0	0.4085571402432979	0.22843096013319808	0.6448370852229953	0.20726080355763676	0.0	NaN	.	.
lun_lcp3_LN_bulk_1_2_1_top52.clonotypes.IGHG	lun_lcp3_norm_bulk_1_1_2_top52.clonotypes.IGHG	52	52	0	0	2590	220	0	0	1.0	0.9999999999999996	0.0	0.0	0.0	0.0	0.0	0.0	0.0	0.34005525898556294	0.20003473413109454	0.613599590712552	0.1894272621588643	0.0	NaN	.	.
lun_lcp3_LN_bulk_1_2_1_top52.clonotypes.IGHG	lun_lcp3_norm_bulk_1_2_1_top52.clonotypes.IGHG	52	52	1	1	2590	1447	114	19	1.0	0.9999999999999996	0.044015444015444015	0.013130615065653075	0.0	0.0	3.698225E-4	0.024040587603272066	0.024040587603272066	0.3778215291563247	0.21672946516450836	0.677872082968698	0.12321900903523232	0.0097087379	0.5478788728163793	.	.
lun_lcp3_LN_bulk_1_2_1_top52.clonotypes.IGHG	lun_lcp3_norm_bulk_1_2_2_top52.clonotypes.IGHG	52	52	3	3	2590	3168	199	246	1.0	0.9999999999999998	0.07683397683397683	0.07765151515151515	0.7452798255843704	1.0	0.0011094675	0.0772416643805318	0.07581613389341992	0.35974167123493583	0.21973406777340518	0.6595665692353783	0.16075928048087787	0.0297029703	0.9505894727031855	.	.
lun_lcp3_LN_bulk_1_2_1_top52.clonotypes.IGHG	lun_lcp3_norm_bulk_1_3_2_top52.clonotypes.IGHG	52	52	2	2	2590	3848	108	62	1.0	1.0000000000000002	0.0416988416988417	0.016112266112266113	0.0	0.0	7.39645E-4	0.025920317012432473	0.025366884470622332	0.38860923551992527	0.23595382987576421	0.6424002864016057	0.19648027812405983	0.0196078431	0.6216184506086444	.	.
lun_lcp3_LN_bulk_1_2_1_top52.clonotypes.IGHG	lun_lcp3_PBMC_bulk_1_1_1_top52.clonotypes.IGHG	52	52	0	0	2590	14763	0	0	1.0	0.9999999999999998	0.0	0.0	0.0	0.0	0.0	0.0	0.0	0.23211482898028124	0.15898883217093568	0.5711748205547597	0.18486216968473124	0.0	NaN	.	.
lun_lcp3_LN_bulk_1_2_1_top52.clonotypes.IGHG	lun_lcp3_PBMC_bulk_1_1_2_top52.clonotypes.IGHG	52	52	0	0	2590	10037	0	0	1.0	1.0	0.0	0.0	0.0	0.0	0.0	0.0	0.0	0.3283931441370619	0.18901455774746512	0.6428674757418075	0.10919606493974365	0.0	NaN	.	.
lun_lcp3_LN_bulk_1_2_1_top52.clonotypes.IGHG	lun_lcp3_tum_bulk_1_1_1_top52.clonotypes.IGHG	52	52	3	3	2590	1060	203	432	1.0	1.0000000000000013	0.07837837837837838	0.4075471698113208	0.9094211853314335	0.5	0.0011094675	0.17872572921241342	0.1510582095101358	0.4295041423826089	0.22909139797397024	0.5966650639194936	0.22561569459343186	0.0297029703	0.19797554421019944	.	.
lun_lcp3_LN_bulk_1_2_1_top52.clonotypes.IGHG	lun_lcp3_tum_bulk_1_1_2_top52.clonotypes.IGHG	52	52	3	3	2590	2254	210	962	1.0	1.0000000000000002	0.08108108108108109	0.4267968056787933	0.8425048555853415	0.5	0.0011094675	0.1860245854890924	0.1461954512331299	0.5650497130605595	0.30038862185871723	0.6703775282542752	0.2914262254463764	0.0297029703	0.177957647224572	.	.
lun_lcp3_LN_bulk_1_2_1_top52.clonotypes.IGHG	lun_lcp3_tum_bulk_1_2_1_top52.clonotypes.IGHG	52	52	4	4	2590	2776	241	325	1.0	0.9999999999999996	0.09305019305019306	0.11707492795389049	-0.1532447618206136	-0.2000000000000001	0.0014792899	0.10437358213382807	0.09337213651574522	0.40266117713763055	0.21316666800866702	0.6815978766286396	0.052275763600796124	0.04	0.597207768431112	.	.
lun_lcp3_LN_bulk_1_2_1_top52.clonotypes.IGHG	lun_lcp3_tum_bulk_1_2_2_top52.clonotypes.IGHG	52	52	5	5	2590	1512	279	155	1.0	0.9999999999999997	0.10772200772200773	0.1025132275132275	-0.09939745976534149	-0.2051956704170309	0.0018491124	0.10508534952974095	0.09763166579038449	0.45377523292495786	0.23883871086487615	0.7191033891802543	0.05379267822566456	0.0505050505	0.7470551747434796	.	.
lun_lcp3_LN_bulk_1_2_2_top52.clonotypes.IGHG	lun_lcp3_LN_bulk_1_3_1_top52.clonotypes.IGHG	52	52	3	3	1610	1488	105	169	0.9999999999999997	1.0000000000000004	0.06521739130434782	0.11357526881720431	-0.25432609540178464	-0.5	0.0011094675	0.08606441046651112	0.0780613987077925	0.36571287247583095	0.20987357055611897	0.5851900844069575	0.16313765085372567	0.0297029703	0.5710909685131521	.	.
lun_lcp3_LN_bulk_1_2_2_top52.clonotypes.IGHG	lun_lcp3_LN_bulk_1_3_2_top52.clonotypes.IGHG	52	52	5	5	1610	1134	169	161	0.9999999999999997	1.0000000000000002	0.10496894409937887	0.1419753086419753	0.11317021858010655	0.8	0.0018491124	0.12207783679411906	0.11556620883512486	0.3431560319594309	0.19027691390633303	0.5733580927948588	0.15577588590392977	0.0505050505	0.6988654002535604	.	.
lun_lcp3_LN_bulk_1_2_2_top52.clonotypes.IGHG	lun_lcp3_norm_bulk_1_1_1_top52.clonotypes.IGHG	52	52	0	0	1610	728	0	0	0.9999999999999997	0.9999999999999992	0.0	0.0	0.0	0.0	0.0	0.0	0.0	0.42307666829061363	0.2517551532264311	0.6966917123852145	0.1833094677944356	0.0	NaN	.	.
lun_lcp3_LN_bulk_1_2_2_top52.clonotypes.IGHG	lun_lcp3_norm_bulk_1_1_2_top52.clonotypes.IGHG	52	52	0	0	1610	220	0	0	0.9999999999999997	0.9999999999999996	0.0	0.0	0.0	0.0	0.0	0.0	0.0	0.39702521495939785	0.24288932100320787	0.6376075609685087	0.17380770165389367	0.0	NaN	.	.
lun_lcp3_LN_bulk_1_2_2_top52.clonotypes.IGHG	lun_lcp3_norm_bulk_1_2_1_top52.clonotypes.IGHG	52	52	1	1	1610	1447	24	16	0.9999999999999997	0.9999999999999996	0.014906832298136646	0.0110573600552868	0.0	0.0	3.698225E-4	0.012838621888827293	0.012838621888827293	0.30424337957293573	0.19394627031498693	0.6072108443452339	0.1535297658395442	0.0097087379	0.9569830307598266	.	.
lun_lcp3_LN_bulk_1_2_2_top52.clonotypes.IGHG	lun_lcp3_norm_bulk_1_2_2_top52.clonotypes.IGHG	52	52	1	1	1610	3168	23	42	0.9999999999999997	0.9999999999999998	0.014285714285714285	0.013257575757575758	0.0	0.0	3.698225E-4	0.013762047064079507	0.013762047064079507	0.3822453687523133	0.2548822973848298	0.672049436911381	0.23793203179989159	0.0097087379	0.9972171044009835	.	.
lun_lcp3_LN_bulk_1_2_2_top52.clonotypes.IGHG	lun_lcp3_norm_bulk_1_3_2_top52.clonotypes.IGHG	52	52	1	1	1610	3848	24	24	0.9999999999999997	1.0000000000000002	0.014906832298136646	0.006237006237006237	0.0	0.0	3.698225E-4	0.00964230294159462	0.00964230294159462	0.45646387696004254	0.3367682135402549	0.7669687692552664	0.2977187925382546	0.0097087379	0.712133727496959	.	.
lun_lcp3_LN_bulk_1_2_2_top52.clonotypes.IGHG	lun_lcp3_PBMC_bulk_1_1_1_top52.clonotypes.IGHG	52	52	0	0	1610	14763	0	0	0.9999999999999997	0.9999999999999998	0.0	0.0	0.0	0.0	0.0	0.0	0.0	0.27407716097567447	0.17895205921311444	0.5404864023344275	0.11871715175892678	0.0	NaN	.	.
lun_lcp3_LN_bulk_1_2_2_top52.clonotypes.IGHG	lun_lcp3_PBMC_bulk_1_1_2_top52.clonotypes.IGHG	52	52	0	0	1610	10037	0	0	0.9999999999999997	1.0	0.0	0.0	0.0	0.0	0.0	0.0	0.0	0.3418920138307602	0.19101583186480572	0.5908340021527863	0.05453981840754838	0.0	NaN	.	.
lun_lcp3_LN_bulk_1_2_2_top52.clonotypes.IGHG	lun_lcp3_tum_bulk_1_1_1_top52.clonotypes.IGHG	52	52	1	1	1610	1060	24	9	0.9999999999999997	1.0000000000000013	0.014906832298136646	0.008490566037735849	0.0	0.0	3.698225E-4	0.01125021973300001	0.01125021973300001	0.443404778045869	0.23832468615909483	0.6999396193207389	0.3377901239782461	0.0097087379	0.8601155195386777	.	.
lun_lcp3_LN_bulk_1_2_2_top52.clonotypes.IGHG	lun_lcp3_tum_bulk_1_1_2_top52.clonotypes.IGHG	52	52	2	2	1610	2254	71	20	0.9999999999999997	1.0000000000000002	0.044099378881987575	0.008873114463176575	0.0	0.0	7.39645E-4	0.019781274897611317	0.01926037433455128	0.5498412896563262	0.2909674191563766	0.7717434762385044	0.40704658907306446	0.0196078431	0.3332939451020734	.	.
lun_lcp3_LN_bulk_1_2_2_top52.clonotypes.IGHG	lun_lcp3_tum_bulk_1_2_1_top52.clonotypes.IGHG	52	52	1	1	1610	2776	23	22	0.9999999999999997	0.9999999999999996	0.014285714285714285	0.00792507204610951	0.0	0.0	3.698225E-4	0.010640268556029099	0.010640268556029099	0.32009059757276775	0.17975467896523545	0.5976948619465707	0.08577124189554486	0.0097087379	0.8484094109652766	.	.
lun_lcp3_LN_bulk_1_2_2_top52.clonotypes.IGHG	lun_lcp3_tum_bulk_1_2_2_top52.clonotypes.IGHG	52	52	0	0	1610	1512	0	0	0.9999999999999997	0.9999999999999997	0.0	0.0	0.0	0.0	0.0	0.0	0.0	0.4425836737183748	0.2509405894325856	0.6853106236349155	0.09900514634951992	0.0	NaN	.	.
lun_lcp3_LN_bulk_1_3_1_top52.clonotypes.IGHG	lun_lcp3_LN_bulk_1_3_2_top52.clonotypes.IGHG	52	52	16	16	1488	1134	678	504	1.0000000000000004	1.0000000000000002	0.4556451612903225	0.4444444444444443	0.543983015315116	0.42477876106194684	0.0059171598	0.45000995608261446	0.43268628482479227	0.15108788348384325	0.09077601978893624	0.31782925521127164	0.06424405549112133	0.1818181818	0.8629775254001847	.	.
lun_lcp3_LN_bulk_1_3_1_top52.clonotypes.IGHG	lun_lcp3_norm_bulk_1_1_1_top52.clonotypes.IGHG	52	52	3	3	1488	728	73	46	1.0000000000000004	0.9999999999999992	0.049059139784946235	0.06318681318681318	0.8379346624073288	1.0	0.0011094675	0.055676662082933384	0.0542811098160549	0.3255759923274375	0.178475032882664	0.6238952536636553	0.1787043472668961	0.0297029703	0.8486420706054694	.	.
lun_lcp3_LN_bulk_1_3_1_top52.clonotypes.IGHG	lun_lcp3_norm_bulk_1_1_2_top52.clonotypes.IGHG	52	52	3	3	1488	220	73	11	1.0000000000000004	0.9999999999999996	0.049059139784946235	0.049999999999999996	-0.8141523424379788	-0.8660254037844386	0.0011094675	0.049527335777803674	0.048889150276612926	0.2403850028101685	0.1300443840004918	0.5707399465158599	0.12105832713535421	0.0297029703	0.9515460635420226	.	.
lun_lcp3_LN_bulk_1_3_1_top52.clonotypes.IGHG	lun_lcp3_norm_bulk_1_2_1_top52.clonotypes.IGHG	52	52	5	5	1488	1447	226	176	1.0000000000000004	0.9999999999999996	0.15188172043010753	0.1216309606081548	-0.1285284063206105	0.15389675281277299	0.0018491124	0.13591732617563218	0.11791455951803198	0.29501226457921104	0.1553048252927646	0.5388333996045803	0.07370286816806675	0.0505050505	0.5426685069012955	.	.
lun_lcp3_LN_bulk_1_3_1_top52.clonotypes.IGHG	lun_lcp3_norm_bulk_1_2_2_top52.clonotypes.IGHG	52	52	7	7	1488	3168	271	422	1.0000000000000004	0.9999999999999998	0.1821236559139785	0.13320707070707072	0.7233442639796137	0.38546712656253485	0.0025887574	0.15575672926318	0.15112534806016534	0.3345183691009465	0.19608316418412	0.5358829419698017	0.08065161950165065	0.0721649485	0.8336890959523582	.	.
lun_lcp3_LN_bulk_1_3_1_top52.clonotypes.IGHG	lun_lcp3_norm_bulk_1_3_2_top52.clonotypes.IGHG	52	52	4	4	1488	3848	125	177	1.0000000000000004	1.0000000000000002	0.08400537634408602	0.045997920997921	0.9776307184839955	0.8	0.0014792899	0.06216166555422956	0.06169054630432125	0.3342555694625606	0.23997695357698495	0.6107159927786865	0.13952025626555611	0.04	0.7841481249601003	.	.
lun_lcp3_LN_bulk_1_3_1_top52.clonotypes.IGHG	lun_lcp3_PBMC_bulk_1_1_1_top52.clonotypes.IGHG	52	52	0	0	1488	14763	0	0	1.0000000000000004	0.9999999999999998	0.0	0.0	0.0	0.0	0.0	0.0	0.0	0.3006378677542038	0.20090909607053384	0.5690530136730559	0.1752883525190922	0.0	NaN	.	.
lun_lcp3_LN_bulk_1_3_1_top52.clonotypes.IGHG	lun_lcp3_PBMC_bulk_1_1_2_top52.clonotypes.IGHG	52	52	0	0	1488	10037	0	0	1.0000000000000004	1.0	0.0	0.0	0.0	0.0	0.0	0.0	0.0	0.2614182285002787	0.16041875344382986	0.5934540045122995	0.16176867872725834	0.0	NaN	.	.
lun_lcp3_LN_bulk_1_3_1_top52.clonotypes.IGHG	lun_lcp3_tum_bulk_1_1_1_top52.clonotypes.IGHG	52	52	2	2	1488	1060	70	423	1.0000000000000004	1.0000000000000013	0.04704301075268817	0.39905660377358493	0.0	0.0	7.39645E-4	0.13701395586673637	0.13014753592162673	0.40268050942599226	0.21029536288237685	0.6308920166157878	0.22124654905425303	0.0196078431	0.18264672373044488	.	.
lun_lcp3_LN_bulk_1_3_1_top52.clonotypes.IGHG	lun_lcp3_tum_bulk_1_1_2_top52.clonotypes.IGHG	52	52	3	3	1488	2254	88	962	1.0000000000000004	1.0000000000000002	0.059139784946236555	0.4267968056787933	0.999882832137353	1.0	0.0011094675	0.15887312958327646	0.13690292598853349	0.517840753303298	0.26909853358067065	0.6630051129216434	0.28820606089759476	0.0297029703	0.16619531976873553	.	.
lun_lcp3_LN_bulk_1_3_1_top52.clonotypes.IGHG	lun_lcp3_tum_bulk_1_2_1_top52.clonotypes.IGHG	52	52	3	3	1488	2776	107	93	1.0000000000000004	0.9999999999999996	0.07190860215053763	0.0335014409221902	-0.5610408535732833	-0.5	0.0011094675	0.04908199045213545	0.04716597605108846	0.24891699264995953	0.14648764920058532	0.5033753166314814	0.05134064862619305	0.0297029703	0.6497072451299196	.	.
lun_lcp3_LN_bulk_1_3_1_top52.clonotypes.IGHG	lun_lcp3_tum_bulk_1_2_2_top52.clonotypes.IGHG	52	52	3	3	1488	1512	95	72	1.0000000000000004	0.9999999999999997	0.06384408602150538	0.047619047619047616	-0.7952424280595337	-1.0	0.0011094675	0.05513795945129487	0.05102393966819598	0.26821777398935714	0.16053196641942952	0.5215272114818879	0.06996689716655294	0.0297029703	0.7019541233689252	.	.
lun_lcp3_LN_bulk_1_3_2_top52.clonotypes.IGHG	lun_lcp3_norm_bulk_1_1_1_top52.clonotypes.IGHG	52	52	3	3	1134	728	69	63	1.0000000000000002	0.9999999999999992	0.06084656084656084	0.08653846153846154	0.2875430708824756	0.5	0.0011094675	0.07256423199874554	0.07032724222731253	0.3134503110273638	0.17569907840793125	0.5884521369045188	0.1623241255539615	0.0297029703	0.8522856619608964	.	.
lun_lcp3_LN_bulk_1_3_2_top52.clonotypes.IGHG	lun_lcp3_norm_bulk_1_1_2_top52.clonotypes.IGHG	52	52	4	4	1134	220	100	16	1.0000000000000002	0.9999999999999996	0.08818342151675485	0.07272727272727272	-0.940223706655337	-0.8	0.0014792899	0.080083330017383	0.07467720298008815	0.26927056355009843	0.1623057881043465	0.5364520955237634	0.1541084223428289	0.04	0.7591650951488293	.	.
lun_lcp3_LN_bulk_1_3_2_top52.clonotypes.IGHG	lun_lcp3_norm_bulk_1_2_1_top52.clonotypes.IGHG	52	52	2	2	1134	1447	68	38	1.0000000000000002	0.9999999999999996	0.059964726631393295	0.02626123013130615	0.0	0.0	7.39645E-4	0.039683088158910744	0.03952708405958483	0.33424662063236166	0.1783073356127715	0.6282952296740785	0.11676827652071042	0.0196078431	0.7162175969998437	.	.
lun_lcp3_LN_bulk_1_3_2_top52.clonotypes.IGHG	lun_lcp3_norm_bulk_1_2_2_top52.clonotypes.IGHG	52	52	5	5	1134	3168	99	346	1.0000000000000002	0.9999999999999998	0.0873015873015873	0.10921717171717171	0.6359808350563481	0.35909242322980384	0.0018491124	0.09764646666162129	0.09566290973354567	0.49704514918767395	0.2702597206224439	0.671235868108931	0.15781138276610426	0.0505050505	0.8982948080101663	.	.
lun_lcp3_LN_bulk_1_3_2_top52.clonotypes.IGHG	lun_lcp3_norm_bulk_1_3_2_top52.clonotypes.IGHG	52	52	5	5	1134	3848	97	208	1.0000000000000002	1.0000000000000002	0.0855379188712522	0.05405405405405406	-0.2543729428221381	-0.051298917604258434	0.0018491124	0.06799758297423487	0.06664744459942808	0.47851535563512193	0.3146029948267063	0.6645774457332291	0.179773179803486	0.0505050505	0.8196520407764245	.	.
lun_lcp3_LN_bulk_1_3_2_top52.clonotypes.IGHG	lun_lcp3_PBMC_bulk_1_1_1_top52.clonotypes.IGHG	52	52	0	0	1134	14763	0	0	1.0000000000000002	0.9999999999999998	0.0	0.0	0.0	0.0	0.0	0.0	0.0	0.3967648655628394	0.2379116024923455	0.5944684195074678	0.19240346995159205	0.0	NaN	.	.
lun_lcp3_LN_bulk_1_3_2_top52.clonotypes.IGHG	lun_lcp3_PBMC_bulk_1_1_2_top52.clonotypes.IGHG	52	52	0	0	1134	10037	0	0	1.0000000000000002	1.0	0.0	0.0	0.0	0.0	0.0	0.0	0.0	0.265380956382309	0.14653191855243963	0.553144134611497	0.13573667835561032	0.0	NaN	.	.
lun_lcp3_LN_bulk_1_3_2_top52.clonotypes.IGHG	lun_lcp3_tum_bulk_1_1_1_top52.clonotypes.IGHG	52	52	3	3	1134	1060	106	430	1.0000000000000002	1.0000000000000013	0.09347442680776014	0.4056603773584906	0.9984462238285695	1.0	0.0011094675	0.19472768486325867	0.18446764393693296	0.3654533674162964	0.20186668451560213	0.5609607851712323	0.13863011317035423	0.0297029703	0.33873327325735614	.	.
lun_lcp3_LN_bulk_1_3_2_top52.clonotypes.IGHG	lun_lcp3_tum_bulk_1_1_2_top52.clonotypes.IGHG	52	52	3	3	1134	2254	117	962	1.0000000000000002	1.0000000000000002	0.10317460317460317	0.4267968056787933	0.9956203992626366	0.5	0.0011094675	0.20984420664411424	0.18594996892665352	0.479305891821635	0.25669179863852026	0.6180276452094726	0.20202800079033748	0.0297029703	0.3092446944314957	.	.
lun_lcp3_LN_bulk_1_3_2_top52.clonotypes.IGHG	lun_lcp3_tum_bulk_1_2_1_top52.clonotypes.IGHG	52	52	3	3	1134	2776	112	107	1.0000000000000002	0.9999999999999996	0.09876543209876543	0.03854466858789626	-0.8962581595302721	-0.8660254037844386	0.0011094675	0.061699925836157084	0.0572731426191168	0.3429444139000551	0.20059659354324963	0.5679179990354116	0.07304224094819033	0.0297029703	0.44637848163116745	.	.
lun_lcp3_LN_bulk_1_3_2_top52.clonotypes.IGHG	lun_lcp3_tum_bulk_1_2_2_top52.clonotypes.IGHG	52	52	3	3	1134	1512	112	77	1.0000000000000002	0.9999999999999997	0.09876543209876543	0.05092592592592592	-0.8386278693775346	-0.8660254037844386	0.0011094675	0.07092052650046948	0.062336496637648994	0.3788634829699855	0.21818711006063957	0.575936431482726	0.08896329543931922	0.0297029703	0.4609070077808274	.	.
lun_lcp3_norm_bulk_1_1_1_top52.clonotypes.IGHG	lun_lcp3_norm_bulk_1_1_2_top52.clonotypes.IGHG	52	52	14	14	728	220	400	92	0.9999999999999992	0.9999999999999996	0.5494505494505494	0.41818181818181815	0.9843157610927743	0.4298157328990347	0.0051775148	0.4793435404490497	0.4715438721338554	0.1869393148400012	0.0994278744260562	0.37713128385217415	0.08967297290707316	0.1555555556	0.9474543839599174	.	.
lun_lcp3_norm_bulk_1_1_1_top52.clonotypes.IGHG	lun_lcp3_norm_bulk_1_2_1_top52.clonotypes.IGHG	52	52	6	6	728	1447	81	318	0.9999999999999992	0.9999999999999996	0.11126373626373626	0.21976503109882514	0.197086915119759	0.40583972495671394	0.0022189349	0.1563709642490302	0.14680050572525377	0.2705302158529146	0.15430442123462892	0.6248137914999656	0.22063886735873933	0.0612244898	0.5907493676609679	.	.
lun_lcp3_norm_bulk_1_1_1_top52.clonotypes.IGHG	lun_lcp3_norm_bulk_1_2_2_top52.clonotypes.IGHG	52	52	9	9	728	3168	136	579	0.9999999999999992	0.9999999999999998	0.18681318681318682	0.18276515151515152	-0.019239334536786695	0.21848739495798308	0.0033284024	0.18477808417921318	0.1746173225764815	0.32725776374967935	0.1719433742423601	0.5854958217878202	0.22843613211975547	0.0947368421	0.785356836688991	.	.
lun_lcp3_norm_bulk_1_1_1_top52.clonotypes.IGHG	lun_lcp3_norm_bulk_1_3_2_top52.clonotypes.IGHG	52	52	9	9	728	3848	324	445	0.9999999999999992	1.0000000000000002	0.4450549450549451	0.11564449064449064	-0.21902640924384598	-0.4050668969422623	0.0033284024	0.2268659349256536	0.17449423556552335	0.5044716868151946	0.32113836167857607	0.6947027555471064	0.3249951921601849	0.0947368421	0.11404757304988791	.	.
lun_lcp3_norm_bulk_1_1_1_top52.clonotypes.IGHG	lun_lcp3_PBMC_bulk_1_1_1_top52.clonotypes.IGHG	52	52	0	0	728	14763	0	0	0.9999999999999992	0.9999999999999998	0.0	0.0	0.0	0.0	0.0	0.0	0.0	0.409116601283542	0.29499714883076505	0.7727026771583239	0.09208709946331677	0.0	NaN	.	.
lun_lcp3_norm_bulk_1_1_1_top52.clonotypes.IGHG	lun_lcp3_PBMC_bulk_1_1_2_top52.clonotypes.IGHG	52	52	0	0	728	10037	0	0	0.9999999999999992	1.0	0.0	0.0	0.0	0.0	0.0	0.0	0.0	0.3448212961838857	0.22442314095191493	0.7286169620272404	0.1434420366929564	0.0	NaN	.	.
lun_lcp3_norm_bulk_1_1_1_top52.clonotypes.IGHG	lun_lcp3_tum_bulk_1_1_1_top52.clonotypes.IGHG	52	52	0	0	728	1060	0	0	0.9999999999999992	1.0000000000000013	0.0	0.0	0.0	0.0	0.0	0.0	0.0	0.31984231793096374	0.19408584130920783	0.6385796742705336	0.35081838195260406	0.0	NaN	.	.
lun_lcp3_norm_bulk_1_1_1_top52.clonotypes.IGHG	lun_lcp3_tum_bulk_1_1_2_top52.clonotypes.IGHG	52	52	0	0	728	2254	0	0	0.9999999999999992	1.0000000000000002	0.0	0.0	0.0	0.0	0.0	0.0	0.0	0.4546764610642003	0.2658643162863358	0.7132146117873601	0.4289865955410121	0.0	NaN	.	.
lun_lcp3_norm_bulk_1_1_1_top52.clonotypes.IGHG	lun_lcp3_tum_bulk_1_2_1_top52.clonotypes.IGHG	52	52	0	0	728	2776	0	0	0.9999999999999992	0.9999999999999996	0.0	0.0	0.0	0.0	0.0	0.0	0.0	0.3876370480509262	0.23786329948005278	0.6576688365034017	0.13780432403813728	0.0	NaN	.	.
lun_lcp3_norm_bulk_1_1_1_top52.clonotypes.IGHG	lun_lcp3_tum_bulk_1_2_2_top52.clonotypes.IGHG	52	52	0	0	728	1512	0	0	0.9999999999999992	0.9999999999999997	0.0	0.0	0.0	0.0	0.0	0.0	0.0	0.36703368592962604	0.22953603195666886	0.6234295415886214	0.20055726771466947	0.0	NaN	.	.
lun_lcp3_norm_bulk_1_1_2_top52.clonotypes.IGHG	lun_lcp3_norm_bulk_1_2_1_top52.clonotypes.IGHG	52	52	2	2	220	1447	8	97	0.9999999999999996	0.9999999999999996	0.03636363636363636	0.06703524533517623	0.0	0.0	7.39645E-4	0.04937251548093837	0.04714636665155872	0.268176519924968	0.15060366283186602	0.6458346972426885	0.12781687374365924	0.0196078431	0.6714560810380322	.	.
lun_lcp3_norm_bulk_1_1_2_top52.clonotypes.IGHG	lun_lcp3_norm_bulk_1_2_2_top52.clonotypes.IGHG	52	52	8	8	220	3168	31	477	0.9999999999999996	0.9999999999999998	0.14090909090909093	0.15056818181818182	-0.06015452979959205	-0.07824607964359556	0.0029585799	0.1456585926742213	0.1383031888713514	0.25524001005165825	0.146400613844377	0.5410992907608736	0.1543998055976555	0.0833333333	0.7758176344411071	.	.
lun_lcp3_norm_bulk_1_1_2_top52.clonotypes.IGHG	lun_lcp3_norm_bulk_1_3_2_top52.clonotypes.IGHG	52	52	9	9	220	3848	87	313	0.9999999999999996	1.0000000000000002	0.3954545454545454	0.08134095634095634	-0.14545096252905124	0.017407765595568673	0.0033284024	0.17935063678908675	0.15442737029056725	0.33236108411191445	0.24515057668055	0.5930850021612778	0.250008149444941	0.0947368421	0.14800242081381332	.	.
lun_lcp3_norm_bulk_1_1_2_top52.clonotypes.IGHG	lun_lcp3_PBMC_bulk_1_1_1_top52.clonotypes.IGHG	52	52	0	0	220	14763	0	0	0.9999999999999996	0.9999999999999998	0.0	0.0	0.0	0.0	0.0	0.0	0.0	0.42281350021427794	0.2932029599764274	0.6879730671153892	0.04844303661132808	0.0	NaN	.	.
lun_lcp3_norm_bulk_1_1_2_top52.clonotypes.IGHG	lun_lcp3_PBMC_bulk_1_1_2_top52.clonotypes.IGHG	52	52	0	0	220	10037	0	0	0.9999999999999996	1.0	0.0	0.0	0.0	0.0	0.0	0.0	0.0	0.3577075636810829	0.23035889202679033	0.7831012082608184	0.19100914708854624	0.0	NaN	.	.
lun_lcp3_norm_bulk_1_1_2_top52.clonotypes.IGHG	lun_lcp3_tum_bulk_1_1_1_top52.clonotypes.IGHG	52	52	0	0	220	1060	0	0	0.9999999999999996	1.0000000000000013	0.0	0.0	0.0	0.0	0.0	0.0	0.0	0.42735594487667466	0.23853008302882098	0.668513517538869	0.3435364535016011	0.0	NaN	.	.
lun_lcp3_norm_bulk_1_1_2_top52.clonotypes.IGHG	lun_lcp3_tum_bulk_1_1_2_top52.clonotypes.IGHG	52	52	0	0	220	2254	0	0	0.9999999999999996	1.0000000000000002	0.0	0.0	0.0	0.0	0.0	0.0	0.0	0.5869407864008052	0.3232385385631043	0.790285294450937	0.4325915117371771	0.0	NaN	.	.
lun_lcp3_norm_bulk_1_1_2_top52.clonotypes.IGHG	lun_lcp3_tum_bulk_1_2_1_top52.clonotypes.IGHG	52	52	1	1	220	2776	2	31	0.9999999999999996	0.9999999999999996	0.00909090909090909	0.0111671469740634	0.0	0.0	3.698225E-4	0.010075689452639503	0.010075689452639503	0.302782525667287	0.1959809260420909	0.6110919000052324	0.10232920952995767	0.0097087379	0.9792101860964435	.	.
lun_lcp3_norm_bulk_1_1_2_top52.clonotypes.IGHG	lun_lcp3_tum_bulk_1_2_2_top52.clonotypes.IGHG	52	52	1	1	220	1512	2	27	0.9999999999999996	0.9999999999999997	0.00909090909090909	0.017857142857142856	0.0	0.0	3.698225E-4	0.012741179785940637	0.012741179785940637	0.30222848291384524	0.2025403302554337	0.564603507235963	0.16060103035801826	0.0097087379	0.8086111840378052	.	.
lun_lcp3_norm_bulk_1_2_1_top52.clonotypes.IGHG	lun_lcp3_norm_bulk_1_2_2_top52.clonotypes.IGHG	52	52	16	16	1447	3168	820	1764	0.9999999999999996	0.9999999999999998	0.5666897028334485	0.5568181818181819	0.3710785007254826	0.4646022752614057	0.0059171598	0.561732258275067	0.5238192357958622	0.22299351237050985	0.12827025580908352	0.3973796601405738	0.05230422875486934	0.1818181818	0.775324209329894	.	.
lun_lcp3_norm_bulk_1_2_1_top52.clonotypes.IGHG	lun_lcp3_norm_bulk_1_3_2_top52.clonotypes.IGHG	52	52	6	6	1447	3848	319	635	0.9999999999999996	1.0000000000000002	0.22045611610228058	0.16502079002079	-0.40665267931556415	-0.6000000000000001	0.0022189349	0.19073500581726824	0.1601857495827935	0.41091862230045373	0.2889239548104335	0.5869307549858837	0.1692780256208925	0.0612244898	0.5612812412432842	.	.
lun_lcp3_norm_bulk_1_2_1_top52.clonotypes.IGHG	lun_lcp3_PBMC_bulk_1_1_1_top52.clonotypes.IGHG	52	52	0	0	1447	14763	0	0	0.9999999999999996	0.9999999999999998	0.0	0.0	0.0	0.0	0.0	0.0	0.0	0.3699795264900413	0.23314301738842766	0.7537750312618232	0.18075459503126187	0.0	NaN	.	.
lun_lcp3_norm_bulk_1_2_1_top52.clonotypes.IGHG	lun_lcp3_PBMC_bulk_1_1_2_top52.clonotypes.IGHG	52	52	0	0	1447	10037	0	0	0.9999999999999996	1.0	0.0	0.0	0.0	0.0	0.0	0.0	0.0	0.28572676093794064	0.16849950447531667	0.5536774474527015	0.15805546477963126	0.0	NaN	.	.
lun_lcp3_norm_bulk_1_2_1_top52.clonotypes.IGHG	lun_lcp3_tum_bulk_1_1_1_top52.clonotypes.IGHG	52	52	0	0	1447	1060	0	0	0.9999999999999996	1.0000000000000013	0.0	0.0	0.0	0.0	0.0	0.0	0.0	0.4440051741310677	0.24284517018576154	0.7454169906584448	0.2715760929962717	0.0	NaN	.	.
lun_lcp3_norm_bulk_1_2_1_top52.clonotypes.IGHG	lun_lcp3_tum_bulk_1_1_2_top52.clonotypes.IGHG	52	52	0	0	1447	2254	0	0	0.9999999999999996	1.0000000000000002	0.0	0.0	0.0	0.0	0.0	0.0	0.0	0.5243140470695438	0.2807935548878457	0.7483100891603747	0.3255880122238186	0.0	NaN	.	.
lun_lcp3_norm_bulk_1_2_1_top52.clonotypes.IGHG	lun_lcp3_tum_bulk_1_2_1_top52.clonotypes.IGHG	52	52	1	1	1447	2776	13	52	0.9999999999999996	0.9999999999999996	0.008984105044920525	0.018731988472622477	0.0	0.0	3.698225E-4	0.012972669429931555	0.012972669429931555	0.3363778506961572	0.2124295707921462	0.6999007726202734	0.09373702718083936	0.0097087379	0.7798403770998797	.	.
lun_lcp3_norm_bulk_1_2_1_top52.clonotypes.IGHG	lun_lcp3_tum_bulk_1_2_2_top52.clonotypes.IGHG	52	52	1	1	1447	1512	13	16	0.9999999999999996	0.9999999999999997	0.008984105044920525	0.010582010582010581	0.0	0.0	3.698225E-4	0.009750379205715214	0.009750379205715214	0.38095899051149595	0.2349562937330093	0.744993777553771	0.0830588322542582	0.0097087379	0.9867493842840921	.	.
lun_lcp3_norm_bulk_1_2_2_top52.clonotypes.IGHG	lun_lcp3_norm_bulk_1_3_2_top52.clonotypes.IGHG	52	52	10	10	3168	3848	1116	804	0.9999999999999998	1.0000000000000002	0.35227272727272724	0.20893970893970898	-0.22864321047779995	-0.1515151515151514	0.0036982249	0.27130013104265377	0.2165803614410892	0.3576682804940657	0.2595658002012253	0.5644066426703601	0.21245069116377369	0.1063829787	0.3595195384622424	.	.
lun_lcp3_norm_bulk_1_2_2_top52.clonotypes.IGHG	lun_lcp3_PBMC_bulk_1_1_1_top52.clonotypes.IGHG	52	52	0	0	3168	14763	0	0	0.9999999999999998	0.9999999999999998	0.0	0.0	0.0	0.0	0.0	0.0	0.0	0.28218392790375574	0.24079623783218682	0.7001393136459133	0.23711658765312377	0.0	NaN	.	.
lun_lcp3_norm_bulk_1_2_2_top52.clonotypes.IGHG	lun_lcp3_PBMC_bulk_1_1_2_top52.clonotypes.IGHG	52	52	0	0	3168	10037	0	0	0.9999999999999998	1.0	0.0	0.0	0.0	0.0	0.0	0.0	0.0	0.3774158514074537	0.24745519320648224	0.7233628325261768	0.22453103758602574	0.0	NaN	.	.
lun_lcp3_norm_bulk_1_2_2_top52.clonotypes.IGHG	lun_lcp3_tum_bulk_1_1_1_top52.clonotypes.IGHG	52	52	1	1	3168	1060	95	22	0.9999999999999998	1.0000000000000013	0.029987373737373736	0.020754716981132074	0.0	0.0	3.698225E-4	0.02494753404500382	0.02494753404500382	0.46219861533379214	0.28597805928661796	0.7499692084033504	0.2942846547945368	0.0097087379	0.9359083491584508	.	.
lun_lcp3_norm_bulk_1_2_2_top52.clonotypes.IGHG	lun_lcp3_tum_bulk_1_1_2_top52.clonotypes.IGHG	52	52	1	1	3168	2254	95	21	0.9999999999999998	1.0000000000000002	0.029987373737373736	0.009316770186335404	0.0	0.0	3.698225E-4	0.016714827836470852	0.016714827836470852	0.5918657740323663	0.3517593594472418	0.7723966320520824	0.3537103692909877	0.0097087379	0.566679064341586	.	.
lun_lcp3_norm_bulk_1_2_2_top52.clonotypes.IGHG	lun_lcp3_tum_bulk_1_2_1_top52.clonotypes.IGHG	52	52	2	2	3168	2776	137	62	0.9999999999999998	0.9999999999999996	0.043244949494949496	0.0223342939481268	0.0	0.0	7.39645E-4	0.03107805357148513	0.031037119598681252	0.38385786284936446	0.2637838547168538	0.6717187124427364	0.13668245110237381	0.0196078431	0.7984936194414919	.	.
lun_lcp3_norm_bulk_1_2_2_top52.clonotypes.IGHG	lun_lcp3_tum_bulk_1_2_2_top52.clonotypes.IGHG	52	52	2	2	3168	1512	129	57	0.9999999999999998	0.9999999999999997	0.04071969696969697	0.037698412698412696	0.0	0.0	7.39645E-4	0.039179943099983454	0.0390038539728355	0.34596078600647184	0.24078143282365402	0.6841714070356051	0.12525247077856055	0.0196078431	0.9795005562501222	.	.
lun_lcp3_norm_bulk_1_3_2_top52.clonotypes.IGHG	lun_lcp3_PBMC_bulk_1_1_1_top52.clonotypes.IGHG	52	52	0	0	3848	14763	0	0	1.0000000000000002	0.9999999999999998	0.0	0.0	0.0	0.0	0.0	0.0	0.0	0.344405810584676	0.2976631278736605	0.7295480335372914	0.31081236172782895	0.0	NaN	.	.
lun_lcp3_norm_bulk_1_3_2_top52.clonotypes.IGHG	lun_lcp3_PBMC_bulk_1_1_2_top52.clonotypes.IGHG	52	52	1	1	3848	10037	25	154	1.0000000000000002	1.0	0.006496881496881497	0.015343230048819368	0.0	0.0	3.698225E-4	0.00998414480096171	0.00998414480096171	0.4387652898217234	0.33111054449829647	0.7330599916186213	0.3184988049055377	0.0097087379	0.7181157512911501	.	.
lun_lcp3_norm_bulk_1_3_2_top52.clonotypes.IGHG	lun_lcp3_tum_bulk_1_1_1_top52.clonotypes.IGHG	52	52	3	3	3848	1060	122	53	1.0000000000000002	1.0000000000000013	0.03170478170478171	0.049999999999999996	0.7953559537197223	0.8660254037844386	0.0011094675	0.039815061035229936	0.03958282239093189	0.5109210343084113	0.33588924008432364	0.7328970612271907	0.3671627300363493	0.0297029703	0.8857030757220212	.	.
lun_lcp3_norm_bulk_1_3_2_top52.clonotypes.IGHG	lun_lcp3_tum_bulk_1_1_2_top52.clonotypes.IGHG	52	52	2	2	3848	2254	98	87	1.0000000000000002	1.0000000000000002	0.02546777546777547	0.0385980479148181	0.0	0.0	7.39645E-4	0.031352933160854767	0.030959421271218777	0.6156132518932812	0.3980486917576397	0.7839860855679404	0.42865524564162627	0.0196078431	0.8539166585603899	.	.
lun_lcp3_norm_bulk_1_3_2_top52.clonotypes.IGHG	lun_lcp3_tum_bulk_1_2_1_top52.clonotypes.IGHG	52	52	1	1	3848	2776	38	40	1.0000000000000002	0.9999999999999996	0.009875259875259876	0.01440922190201729	0.0	0.0	3.698225E-4	0.011928738863882769	0.011928738863882769	0.44925350274238823	0.2774807803107806	0.7702699020401893	0.23378658767142318	0.0097087379	0.9326329610695006	.	.
lun_lcp3_norm_bulk_1_3_2_top52.clonotypes.IGHG	lun_lcp3_tum_bulk_1_2_2_top52.clonotypes.IGHG	52	52	1	1	3848	1512	38	37	1.0000000000000002	0.9999999999999997	0.009875259875259876	0.02447089947089947	0.0	0.0	3.698225E-4	0.015545304489024706	0.015545304489024706	0.4642750252042236	0.26944556726344376	0.7613553107576334	0.25253164181960464	0.0097087379	0.6940704857119965	.	.
lun_lcp3_PBMC_bulk_1_1_1_top52.clonotypes.IGHG	lun_lcp3_PBMC_bulk_1_1_2_top52.clonotypes.IGHG	52	52	4	4	14763	10037	2067	991	0.9999999999999998	1.0	0.1400121926437716	0.09873468167779217	0.9154768653079602	0.39999999999999997	0.0014792899	0.11757575971131339	0.11076715259917266	0.32563569049111346	0.17317439410994565	0.5989368726757042	0.14131109125191885	0.04	0.6981925732820029	.	.
lun_lcp3_PBMC_bulk_1_1_1_top52.clonotypes.IGHG	lun_lcp3_tum_bulk_1_1_1_top52.clonotypes.IGHG	52	52	0	0	14763	1060	0	0	0.9999999999999998	1.0000000000000013	0.0	0.0	0.0	0.0	0.0	0.0	0.0	0.43640855427466385	0.2440571517445904	0.7515663770632932	0.36707550345133133	0.0	NaN	.	.
lun_lcp3_PBMC_bulk_1_1_1_top52.clonotypes.IGHG	lun_lcp3_tum_bulk_1_1_2_top52.clonotypes.IGHG	52	52	0	0	14763	2254	0	0	0.9999999999999998	1.0000000000000002	0.0	0.0	0.0	0.0	0.0	0.0	0.0	0.5021619861483053	0.27141050047927945	0.738503727198918	0.44447447902415965	0.0	NaN	.	.
lun_lcp3_PBMC_bulk_1_1_1_top52.clonotypes.IGHG	lun_lcp3_tum_bulk_1_2_1_top52.clonotypes.IGHG	52	52	0	0	14763	2776	0	0	0.9999999999999998	0.9999999999999996	0.0	0.0	0.0	0.0	0.0	0.0	0.0	0.37752587108227437	0.23592336435138664	0.7122262062304524	0.09462673371516361	0.0	NaN	.	.
lun_lcp3_PBMC_bulk_1_1_1_top52.clonotypes.IGHG	lun_lcp3_tum_bulk_1_2_2_top52.clonotypes.IGHG	52	52	0	0	14763	1512	0	0	0.9999999999999998	0.9999999999999997	0.0	0.0	0.0	0.0	0.0	0.0	0.0	0.3484941393722093	0.22939014890276732	0.6917233133357716	0.14224560796574895	0.0	NaN	.	.
lun_lcp3_PBMC_bulk_1_1_2_top52.clonotypes.IGHG	lun_lcp3_tum_bulk_1_1_1_top52.clonotypes.IGHG	52	52	1	1	10037	1060	157	10	1.0	1.0000000000000013	0.015642124140679486	0.009433962264150943	0.0	0.0	3.698225E-4	0.01214772443193929	0.01214772443193929	0.3862520000876653	0.20891014607813896	0.6599603499921405	0.324110430124149	0.0097087379	0.8844948108252536	.	.
lun_lcp3_PBMC_bulk_1_1_2_top52.clonotypes.IGHG	lun_lcp3_tum_bulk_1_1_2_top52.clonotypes.IGHG	52	52	2	2	10037	2254	555	37	1.0	1.0000000000000002	0.05529540699412175	0.016415261756876662	0.0	0.0	7.39645E-4	0.03012787048169082	0.028028422963649886	0.4541642902153027	0.23790117827546095	0.6555532275409963	0.36406744051007905	0.0196078431	0.4025614927842126	.	.
lun_lcp3_PBMC_bulk_1_1_2_top52.clonotypes.IGHG	lun_lcp3_tum_bulk_1_2_1_top52.clonotypes.IGHG	52	52	2	2	10037	2776	555	222	1.0	0.9999999999999996	0.05529540699412175	0.07997118155619597	0.0	0.0	7.39645E-4	0.06649841375514651	0.051917366751961264	0.35648477960381747	0.2146035107293193	0.7362264561892902	0.10771429099192886	0.0196078431	0.41796148441795705	.	.
lun_lcp3_PBMC_bulk_1_1_2_top52.clonotypes.IGHG	lun_lcp3_tum_bulk_1_2_2_top52.clonotypes.IGHG	52	52	1	1	10037	1512	157	120	1.0	0.9999999999999997	0.015642124140679486	0.07936507936507936	0.0	0.0	3.698225E-4	0.035234052050019046	0.035234052050019046	0.3995494267075946	0.24332261329353536	0.7633901870721634	0.12284468555255065	0.0097087379	0.37944218422771453	.	.
lun_lcp3_tum_bulk_1_1_1_top52.clonotypes.IGHG	lun_lcp3_tum_bulk_1_1_2_top52.clonotypes.IGHG	52	52	32	32	1060	2254	908	2008	1.0000000000000013	1.0000000000000002	0.856603773584906	0.890860692102928	0.9916174257273904	0.7409674108136788	0.0118343195	0.8735643253898532	0.8627557098090589	0.10957308711605453	0.05584028929877647	0.1544252514747606	0.022811711653529493	0.4444444444	0.9874011443002251	.	.
lun_lcp3_tum_bulk_1_1_1_top52.clonotypes.IGHG	lun_lcp3_tum_bulk_1_2_1_top52.clonotypes.IGHG	52	52	11	11	1060	2776	590	827	1.0000000000000013	0.9999999999999996	0.5566037735849058	0.2979106628242075	-0.12335190818672077	0.2949340072583097	0.0040680473	0.4072078082737785	0.2649501208316918	0.4277931298045726	0.22758322596807182	0.6664917280200757	0.222317422409424	0.1182795699	0.13179366263112396	.	.
lun_lcp3_tum_bulk_1_1_1_top52.clonotypes.IGHG	lun_lcp3_tum_bulk_1_2_2_top52.clonotypes.IGHG	52	52	12	12	1060	1512	595	538	1.0000000000000013	0.9999999999999997	0.5613207547169813	0.35582010582010576	-0.13727795429554973	0.4194854528023373	0.0044378698	0.44691074091189387	0.28530749937170224	0.49508381122676715	0.27035170279439114	0.7024936720333141	0.2062071195786709	0.1304347826	0.13449453793096203	.	.
lun_lcp3_tum_bulk_1_1_2_top52.clonotypes.IGHG	lun_lcp3_tum_bulk_1_2_1_top52.clonotypes.IGHG	52	52	9	9	2254	2776	1357	743	1.0000000000000002	0.9999999999999996	0.6020408163265306	0.2676512968299712	-0.21024846734495856	0.1833333333333333	0.0033284024	0.401418740512162	0.23977457977842778	0.45246193181809263	0.2436644877865845	0.6326898636728845	0.3092700812047553	0.0947368421	0.10372858021776199	.	.
lun_lcp3_tum_bulk_1_1_2_top52.clonotypes.IGHG	lun_lcp3_tum_bulk_1_2_2_top52.clonotypes.IGHG	52	52	8	8	2254	1512	1344	465	1.0000000000000002	0.9999999999999997	0.5962732919254659	0.3075396825396825	-0.3378445991800545	-0.2857142857142858	0.0029585799	0.42822622398172816	0.2454667705123856	0.5126866252097554	0.28254743010897054	0.652310833660987	0.27760708616097	0.0833333333	0.10433399048235496	.	.
lun_lcp3_tum_bulk_1_2_1_top52.clonotypes.IGHG	lun_lcp3_tum_bulk_1_2_2_top52.clonotypes.IGHG	52	52	40	40	2776	1512	2423	1333	0.9999999999999996	0.9999999999999997	0.8728386167146973	0.8816137566137565	0.9162843728399893	0.5816738706855995	0.0147928994	0.8772152140720082	0.8653209764803195	0.10029169730177388	0.05340713440202242	0.18542515306067575	0.019592992319396547	0.625	0.9644158706863162	.	.
