1_sample_id	2_sample_id	div1	div2	div12	div21	count1	count2	count12	count21	freq1	freq2	freq12	freq21	R	Rs	D	F	F2	vJSD	vjJSD	vj2JSD	sJSD	Jaccard	MorisitaHorn	1_metadata_blank	2_metadata_blank
lun_lcp4_norm_bulk_1_1_1_top54.clonotypes.IGHG	lun_lcp4_norm_bulk_1_1_2_top54.clonotypes.IGHG	54	54	13	13	7155	5381	2138	1612	0.9999999999999997	0.9999999999999997	0.2988120195667366	0.29957257015424643	0.10737811696311556	0.25034411578573185	0.0044581619	0.2991920531942455	0.27289156983861856	0.22909860512135535	0.15142039642806712	0.46785031104870506	0.11394875731998842	0.1368421053	0.6860360187163737	.	.
lun_lcp4_norm_bulk_1_1_1_top54.clonotypes.IGHG	lun_lcp4_norm_bulk_1_2_1_top54.clonotypes.IGHG	54	54	9	9	7155	9961	1588	4272	0.9999999999999997	0.9999999999999999	0.22194269741439554	0.4288726031522939	0.44806401892766806	0.4166666666666666	0.0030864198	0.3085208945772615	0.25372959977368276	0.28891141581911045	0.19303907934695033	0.4531157774030545	0.2742200370304931	0.0909090909	0.3079236731570166	.	.
lun_lcp4_norm_bulk_1_1_1_top54.clonotypes.IGHG	lun_lcp4_norm_bulk_1_2_2_top54.clonotypes.IGHG	54	54	9	9	7155	6623	1620	2133	0.9999999999999997	1.0000000000000007	0.22641509433962265	0.322059489657255	0.41466691034697767	0.33333333333333326	0.0030864198	0.2700354231091138	0.2380688662277093	0.3161798816284137	0.18255688129364048	0.5095452461376409	0.19571580739566366	0.0909090909	0.5249971408775262	.	.
lun_lcp4_norm_bulk_1_1_1_top54.clonotypes.IGHG	lun_lcp4_PBMC_bulk_1_1_1_top54.clonotypes.IGHG	54	54	0	0	7155	16246	0	0	0.9999999999999997	1.0000000000000009	0.0	0.0	0.0	0.0	0.0	0.0	0.0	0.49793916048549347	0.2759501248544404	0.7268925867818683	0.34713048946850217	0.0	NaN	.	.
lun_lcp4_norm_bulk_1_1_1_top54.clonotypes.IGHG	lun_lcp4_PBMC_bulk_1_1_2_top54.clonotypes.IGHG	54	54	0	0	7155	19805	0	0	0.9999999999999997	0.9999999999999997	0.0	0.0	0.0	0.0	0.0	0.0	0.0	0.4379202592339395	0.24904788782215828	0.7572200110427645	0.43567394432412826	0.0	NaN	.	.
lun_lcp4_norm_bulk_1_1_1_top54.clonotypes.IGHG	lun_lcp4_PBMC_notPCsort_1_1_1_top54.clonotypes.IGHG	54	54	0	0	7155	5214	0	0	0.9999999999999997	0.9999999999999993	0.0	0.0	0.0	0.0	0.0	0.0	0.0	0.4962813047365749	0.2673121285586134	0.7666221158027076	0.24576325723080766	0.0	NaN	.	.
lun_lcp4_norm_bulk_1_1_1_top54.clonotypes.IGHG	lun_lcp4_PBMC_PCsort_1_1_1_top54.clonotypes.IGHG	54	54	0	0	7155	35176	0	0	0.9999999999999997	1.0	0.0	0.0	0.0	0.0	0.0	0.0	0.0	0.46474362480879916	0.2677546654502104	0.7196693480181465	0.39714909907808477	0.0	NaN	.	.
lun_lcp4_norm_bulk_1_1_1_top54.clonotypes.IGHG	lun_lcp4_tum_bulk_1_1_1_top54.clonotypes.IGHG	54	54	2	2	7155	11922	176	138	0.9999999999999997	1.0	0.024598183088749125	0.011575239053850026	0.0	0.0	6.858711E-4	0.016873939953153862	0.016412597447746827	0.22458842599007883	0.15895972220251112	0.6568059195634663	0.342311732040042	0.0188679245	0.6861651744171111	.	.
lun_lcp4_norm_bulk_1_1_1_top54.clonotypes.IGHG	lun_lcp4_tum_bulk_1_1_2_top54.clonotypes.IGHG	54	54	2	2	7155	12492	176	402	0.9999999999999997	0.9999999999999999	0.024598183088749125	0.03218059558117195	0.0	0.0	6.858711E-4	0.028135105864571734	0.027746963773378503	0.2779189599811925	0.1854794342672019	0.6263789305690545	0.2318728964392607	0.0188679245	0.9036942616286749	.	.
lun_lcp4_norm_bulk_1_1_1_top54.clonotypes.IGHG	lun_lcp4_tum_bulk_1_2_1_top54.clonotypes.IGHG	54	54	1	1	7155	9167	111	184	0.9999999999999997	1.0	0.01551362683438155	0.020071997381913384	0.0	0.0	3.429355E-4	0.01764623124646415	0.01764623124646415	0.29831623134370655	0.20569134869594238	0.6409712686684486	0.2644332700837073	0.0093457944	0.9677126974581572	.	.
lun_lcp4_norm_bulk_1_1_1_top54.clonotypes.IGHG	lun_lcp4_tum_bulk_1_2_2_top54.clonotypes.IGHG	54	54	1	1	7155	15961	298	460	0.9999999999999997	1.0	0.0416491963661775	0.02882024935780966	0.0	0.0	3.429355E-4	0.034645926525720384	0.034645926525720384	0.29190954539318087	0.17293709177032154	0.66094052112409	0.22417142809337076	0.0093457944	0.9358420854838306	.	.
lun_lcp4_norm_bulk_1_1_1_top54.clonotypes.IGHG	lun_lcp4_tum_PCsort_1_1_1_top54.clonotypes.IGHG	54	54	1	1	7155	24203	65	1106	0.9999999999999997	1.0000000000000002	0.009084556254367574	0.04569681444449035	0.0	0.0	3.429355E-4	0.020374868869918385	0.020374868869918385	0.238335304522769	0.16289692662776886	0.5632985426844086	0.2910059780027232	0.0093457944	0.3824848429053421	.	.
lun_lcp4_norm_bulk_1_1_1_top54.clonotypes.IGHG	lun_lcp4_tum_PCsort_1_2_1_top54.clonotypes.IGHG	54	54	0	0	7155	16416	0	0	0.9999999999999997	1.0000000000000004	0.0	0.0	0.0	0.0	0.0	0.0	0.0	0.3986182532997046	0.25501372873154726	0.6036982959404905	0.2855226718116631	0.0	NaN	.	.
lun_lcp4_norm_bulk_1_1_2_top54.clonotypes.IGHG	lun_lcp4_norm_bulk_1_2_1_top54.clonotypes.IGHG	54	54	11	11	5381	9961	1516	4362	0.9999999999999997	0.9999999999999999	0.28173202007061887	0.43790784057825516	0.4427183817131722	0.1867886395070641	0.0037722908	0.35124444555163337	0.28568375947146024	0.35332186842390767	0.21099171930738417	0.5105681536145277	0.17667379448201515	0.1134020619	0.34745881050777133	.	.
lun_lcp4_norm_bulk_1_1_2_top54.clonotypes.IGHG	lun_lcp4_norm_bulk_1_2_2_top54.clonotypes.IGHG	54	54	10	10	5381	6623	1443	2179	0.9999999999999997	1.0000000000000007	0.26816576844452705	0.32900498263626754	0.3986230125867811	0.2121212121212123	0.0034293553	0.2970317726956713	0.2604862527655924	0.27081610435650366	0.15486664953295157	0.4479739101219737	0.13210285644854414	0.1020408163	0.5580829438325094	.	.
lun_lcp4_norm_bulk_1_1_2_top54.clonotypes.IGHG	lun_lcp4_PBMC_bulk_1_1_1_top54.clonotypes.IGHG	54	54	0	0	5381	16246	0	0	0.9999999999999997	1.0000000000000009	0.0	0.0	0.0	0.0	0.0	0.0	0.0	0.5500567433255763	0.31125921941726903	0.7097826137597744	0.33491216528744905	0.0	NaN	.	.
lun_lcp4_norm_bulk_1_1_2_top54.clonotypes.IGHG	lun_lcp4_PBMC_bulk_1_1_2_top54.clonotypes.IGHG	54	54	0	0	5381	19805	0	0	0.9999999999999997	0.9999999999999997	0.0	0.0	0.0	0.0	0.0	0.0	0.0	0.5046971833290214	0.29704210232695966	0.7394934586114938	0.4213578330764092	0.0	NaN	.	.
lun_lcp4_norm_bulk_1_1_2_top54.clonotypes.IGHG	lun_lcp4_PBMC_notPCsort_1_1_1_top54.clonotypes.IGHG	54	54	0	0	5381	5214	0	0	0.9999999999999997	0.9999999999999993	0.0	0.0	0.0	0.0	0.0	0.0	0.0	0.49128349828491963	0.28106457879238234	0.7769152612546529	0.18173312227311703	0.0	NaN	.	.
lun_lcp4_norm_bulk_1_1_2_top54.clonotypes.IGHG	lun_lcp4_PBMC_PCsort_1_1_1_top54.clonotypes.IGHG	54	54	0	0	5381	35176	0	0	0.9999999999999997	1.0	0.0	0.0	0.0	0.0	0.0	0.0	0.0	0.4840408583702259	0.274384376818663	0.6864452008514026	0.3318740895883237	0.0	NaN	.	.
lun_lcp4_norm_bulk_1_1_2_top54.clonotypes.IGHG	lun_lcp4_tum_bulk_1_1_1_top54.clonotypes.IGHG	54	54	1	1	5381	11922	100	55	0.9999999999999997	1.0	0.01858390633711206	0.004613319912766314	0.0	0.0	3.429355E-4	0.009259238908354357	0.009259238908354357	0.3021119871160681	0.2153871247475916	0.7038900465605302	0.2297871768759804	0.0093457944	0.46766583441233844	.	.
lun_lcp4_norm_bulk_1_1_2_top54.clonotypes.IGHG	lun_lcp4_tum_bulk_1_1_2_top54.clonotypes.IGHG	54	54	1	1	5381	12492	100	314	0.9999999999999997	0.9999999999999999	0.01858390633711206	0.025136087095741274	0.0	0.0	3.429355E-4	0.02161311380316929	0.02161311380316929	0.3086519929959445	0.2403051240252474	0.7421642404007708	0.14152898825812005	0.0093457944	0.9560665617146025	.	.
lun_lcp4_norm_bulk_1_1_2_top54.clonotypes.IGHG	lun_lcp4_tum_bulk_1_2_1_top54.clonotypes.IGHG	54	54	1	1	5381	9167	100	184	0.9999999999999997	1.0	0.01858390633711206	0.020071997381913384	0.0	0.0	3.429355E-4	0.0193136252253231	0.0193136252253231	0.32931321689795584	0.1791316729756389	0.5384589213641735	0.23102428998997807	0.0093457944	0.9970405280841185	.	.
lun_lcp4_norm_bulk_1_1_2_top54.clonotypes.IGHG	lun_lcp4_tum_bulk_1_2_2_top54.clonotypes.IGHG	54	54	0	0	5381	15961	0	0	0.9999999999999997	1.0	0.0	0.0	0.0	0.0	0.0	0.0	0.0	0.34128122006466804	0.18897615406509885	0.6529918718858797	0.14670551499660112	0.0	NaN	.	.
lun_lcp4_norm_bulk_1_1_2_top54.clonotypes.IGHG	lun_lcp4_tum_PCsort_1_1_1_top54.clonotypes.IGHG	54	54	0	0	5381	24203	0	0	0.9999999999999997	1.0000000000000002	0.0	0.0	0.0	0.0	0.0	0.0	0.0	0.26548615647450624	0.1775306695975649	0.6583114978545397	0.2325249722590243	0.0	NaN	.	.
lun_lcp4_norm_bulk_1_1_2_top54.clonotypes.IGHG	lun_lcp4_tum_PCsort_1_2_1_top54.clonotypes.IGHG	54	54	0	0	5381	16416	0	0	0.9999999999999997	1.0000000000000004	0.0	0.0	0.0	0.0	0.0	0.0	0.0	0.4894521086083779	0.28988187101767116	0.6955048077338816	0.25799730097595575	0.0	NaN	.	.
lun_lcp4_norm_bulk_1_2_1_top54.clonotypes.IGHG	lun_lcp4_norm_bulk_1_2_2_top54.clonotypes.IGHG	54	54	13	13	9961	6623	5497	3102	0.9999999999999999	1.0000000000000007	0.5518522236723221	0.4683678091499321	0.8759199899517092	0.7307692307692307	0.0044581619	0.5083992692519569	0.48540337124696864	0.22792148526882217	0.1387565899159052	0.385104682663902	0.07239626258448861	0.1368421053	0.8437446690732988	.	.
lun_lcp4_norm_bulk_1_2_1_top54.clonotypes.IGHG	lun_lcp4_PBMC_bulk_1_1_1_top54.clonotypes.IGHG	54	54	2	2	9961	16246	293	1571	0.9999999999999999	1.0000000000000009	0.02941471739785162	0.09670072633263573	0.0	0.0	6.858711E-4	0.053333146702978895	0.052578327655104354	0.45500889369175934	0.262373517711818	0.6962972219271997	0.34350924794324533	0.0188679245	0.49607240283592297	.	.
lun_lcp4_norm_bulk_1_2_1_top54.clonotypes.IGHG	lun_lcp4_PBMC_bulk_1_1_2_top54.clonotypes.IGHG	54	54	2	2	9961	19805	293	2650	0.9999999999999999	0.9999999999999997	0.02941471739785162	0.1338045947992931	0.0	0.0	6.858711E-4	0.0627361486111098	0.06271321031862484	0.469613870513674	0.26579977879167027	0.7318049125686369	0.3966688601029614	0.0188679245	0.4119832647735347	.	.
lun_lcp4_norm_bulk_1_2_1_top54.clonotypes.IGHG	lun_lcp4_PBMC_notPCsort_1_1_1_top54.clonotypes.IGHG	54	54	2	2	9961	5214	293	172	0.9999999999999999	0.9999999999999993	0.02941471739785162	0.03298810893747603	0.0	0.0	6.858711E-4	0.03115021511780297	0.031049133939332146	0.6059288958168811	0.36133557831603474	0.7689877567825756	0.25665642176982456	0.0188679245	0.9804678461183723	.	.
lun_lcp4_norm_bulk_1_2_1_top54.clonotypes.IGHG	lun_lcp4_PBMC_PCsort_1_1_1_top54.clonotypes.IGHG	54	54	1	1	9961	35176	219	2763	0.9999999999999999	1.0	0.021985744403172372	0.07854787355014783	0.0	0.0	3.429355E-4	0.04155638905494863	0.04155638905494863	0.46533047859093984	0.2899667851060453	0.7739808212286788	0.383471200800352	0.0093457944	0.5191332540353301	.	.
lun_lcp4_norm_bulk_1_2_1_top54.clonotypes.IGHG	lun_lcp4_tum_bulk_1_1_1_top54.clonotypes.IGHG	54	54	2	2	9961	11922	245	189	0.9999999999999999	1.0	0.024595924104005622	0.015853044791142426	0.0	0.0	6.858711E-4	0.019746399330013074	0.01972843721877124	0.46475140279145005	0.3684961622965543	0.7560226261976787	0.1810556629555891	0.0188679245	0.897953322270253	.	.
lun_lcp4_norm_bulk_1_2_1_top54.clonotypes.IGHG	lun_lcp4_tum_bulk_1_1_2_top54.clonotypes.IGHG	54	54	2	2	9961	12492	245	455	0.9999999999999999	0.9999999999999999	0.024595924104005622	0.03642331091898815	0.0	0.0	6.858711E-4	0.029931003841836508	0.026908324553206065	0.40990239413791424	0.33991441452836585	0.7349831834541736	0.18355409316535418	0.0188679245	0.6408175253938476	.	.
lun_lcp4_norm_bulk_1_2_1_top54.clonotypes.IGHG	lun_lcp4_tum_bulk_1_2_1_top54.clonotypes.IGHG	54	54	2	2	9961	9167	245	516	0.9999999999999999	1.0	0.024595924104005622	0.056288862223191884	0.0	0.0	6.858711E-4	0.037208555241267524	0.036972012886140035	0.4939878718548762	0.3156909448000575	0.7319381806733489	0.23401989270398996	0.0188679245	0.7559738851222656	.	.
lun_lcp4_norm_bulk_1_2_1_top54.clonotypes.IGHG	lun_lcp4_tum_bulk_1_2_2_top54.clonotypes.IGHG	54	54	0	0	9961	15961	0	0	0.9999999999999999	1.0	0.0	0.0	0.0	0.0	0.0	0.0	0.0	0.39302876739138987	0.2569973854549851	0.7182750875150563	0.1466018550731691	0.0	NaN	.	.
lun_lcp4_norm_bulk_1_2_1_top54.clonotypes.IGHG	lun_lcp4_tum_PCsort_1_1_1_top54.clonotypes.IGHG	54	54	1	1	9961	24203	264	1006	0.9999999999999999	1.0000000000000002	0.026503363116152995	0.04156509523612775	0.0	0.0	3.429355E-4	0.03319058318259224	0.03319058318259224	0.5002623919285942	0.3656527117770587	0.7012530913666727	0.18493960878814558	0.0093457944	0.9066469949582403	.	.
lun_lcp4_norm_bulk_1_2_1_top54.clonotypes.IGHG	lun_lcp4_tum_PCsort_1_2_1_top54.clonotypes.IGHG	54	54	0	0	9961	16416	0	0	0.9999999999999999	1.0000000000000004	0.0	0.0	0.0	0.0	0.0	0.0	0.0	0.5290445187587942	0.3801853592067343	0.8319055445731677	0.2020354418643563	0.0	NaN	.	.
lun_lcp4_norm_bulk_1_2_2_top54.clonotypes.IGHG	lun_lcp4_PBMC_bulk_1_1_1_top54.clonotypes.IGHG	54	54	3	3	6623	16246	327	789	1.0000000000000007	1.0000000000000009	0.049373395742110825	0.04856580081250769	0.3074640442362417	-0.5	0.0010288066	0.048967933416149696	0.04671166374441929	0.424384101722475	0.24234826819071262	0.6830798758451598	0.34867627804988716	0.0285714286	0.8436520777065012	.	.
lun_lcp4_norm_bulk_1_2_2_top54.clonotypes.IGHG	lun_lcp4_PBMC_bulk_1_1_2_top54.clonotypes.IGHG	54	54	4	4	6623	19805	389	1030	1.0000000000000007	0.9999999999999997	0.05873471236599728	0.05200706892198939	0.9860058128421929	1.0	0.0013717421	0.055268618891117983	0.05510994893550396	0.4067308989029638	0.24177568724662182	0.7386427030482761	0.4125345784303265	0.0384615385	0.978487706686521	.	.
lun_lcp4_norm_bulk_1_2_2_top54.clonotypes.IGHG	lun_lcp4_PBMC_notPCsort_1_1_1_top54.clonotypes.IGHG	54	54	1	1	6623	5214	62	314	1.0000000000000007	0.9999999999999993	0.009361316623886456	0.06022247794399693	0.0	0.0	3.429355E-4	0.02374366618508553	0.02374366618508553	0.5141094503267462	0.2725356674035657	0.7863793121494637	0.2542341494622753	0.0093457944	0.30355618819727503	.	.
lun_lcp4_norm_bulk_1_2_2_top54.clonotypes.IGHG	lun_lcp4_PBMC_PCsort_1_1_1_top54.clonotypes.IGHG	54	54	4	4	6623	35176	389	1659	1.0000000000000007	1.0	0.05873471236599728	0.04716283829884012	0.6043782435573608	0.6000000000000001	0.0013717421	0.052631699021088184	0.051417562935580474	0.3296726927155333	0.2130848830474018	0.6417892327515922	0.3423852447795623	0.0384615385	0.8825307795341485	.	.
lun_lcp4_norm_bulk_1_2_2_top54.clonotypes.IGHG	lun_lcp4_tum_bulk_1_1_1_top54.clonotypes.IGHG	54	54	0	0	6623	11922	0	0	1.0000000000000007	1.0	0.0	0.0	0.0	0.0	0.0	0.0	0.0	0.4006581175741792	0.27078455251587097	0.7279167302095667	0.16310723798623641	0.0	NaN	.	.
lun_lcp4_norm_bulk_1_2_2_top54.clonotypes.IGHG	lun_lcp4_tum_bulk_1_1_2_top54.clonotypes.IGHG	54	54	1	1	6623	12492	128	151	1.0000000000000007	0.9999999999999999	0.019326589158991395	0.012087736151136728	0.0	0.0	3.429355E-4	0.015284459769822008	0.015284459769822008	0.35569885795305295	0.2692187991863033	0.6955903808912135	0.1427129161457156	0.0093457944	0.8991571865700726	.	.
lun_lcp4_norm_bulk_1_2_2_top54.clonotypes.IGHG	lun_lcp4_tum_bulk_1_2_1_top54.clonotypes.IGHG	54	54	0	0	6623	9167	0	0	1.0000000000000007	1.0	0.0	0.0	0.0	0.0	0.0	0.0	0.0	0.40444815187510513	0.22911560161934982	0.6885926880610959	0.24077302288974103	0.0	NaN	.	.
lun_lcp4_norm_bulk_1_2_2_top54.clonotypes.IGHG	lun_lcp4_tum_bulk_1_2_2_top54.clonotypes.IGHG	54	54	1	1	6623	15961	49	148	1.0000000000000007	1.0	0.007398459912426393	0.009272601967295282	0.0	0.0	3.429355E-4	0.008282691225617447	0.008282691225617447	0.36703195046677756	0.21326467365393725	0.7281417860086815	0.12287727044930513	0.0093457944	0.9750394437961665	.	.
lun_lcp4_norm_bulk_1_2_2_top54.clonotypes.IGHG	lun_lcp4_tum_PCsort_1_1_1_top54.clonotypes.IGHG	54	54	0	0	6623	24203	0	0	1.0000000000000007	1.0000000000000002	0.0	0.0	0.0	0.0	0.0	0.0	0.0	0.39750812606110336	0.2581782923024353	0.6690589039342513	0.15580010422205454	0.0	NaN	.	.
lun_lcp4_norm_bulk_1_2_2_top54.clonotypes.IGHG	lun_lcp4_tum_PCsort_1_2_1_top54.clonotypes.IGHG	54	54	0	0	6623	16416	0	0	1.0000000000000007	1.0000000000000004	0.0	0.0	0.0	0.0	0.0	0.0	0.0	0.44536697723529073	0.26651516453643503	0.7381070384525996	0.12398109919567218	0.0	NaN	.	.
lun_lcp4_PBMC_bulk_1_1_1_top54.clonotypes.IGHG	lun_lcp4_PBMC_bulk_1_1_2_top54.clonotypes.IGHG	54	54	22	22	16246	19805	10437	14325	1.0000000000000009	0.9999999999999997	0.6424350609380769	0.7233021964150466	0.9801656735769515	0.6476406022889262	0.0075445816	0.6816705147140701	0.6707057643890616	0.07974298252098767	0.04643832594689512	0.18127794552865695	0.043175384153780055	0.2558139535	0.9819588905201445	.	.
lun_lcp4_PBMC_bulk_1_1_1_top54.clonotypes.IGHG	lun_lcp4_PBMC_notPCsort_1_1_1_top54.clonotypes.IGHG	54	54	8	8	16246	5214	6890	1488	1.0000000000000009	0.9999999999999993	0.4241043949279823	0.28538550057537404	0.3740387089347389	0.35714285714285704	0.0027434842	0.34789832572569007	0.28593536422256405	0.43271261485846635	0.2649212113615624	0.6081774299329118	0.14787269099046782	0.08	0.5487727797711606	.	.
lun_lcp4_PBMC_bulk_1_1_1_top54.clonotypes.IGHG	lun_lcp4_PBMC_PCsort_1_1_1_top54.clonotypes.IGHG	54	54	15	15	16246	35176	9127	17170	1.0000000000000009	1.0	0.561799827649883	0.4881168978849215	0.8506258129686802	0.8035714285714285	0.0051440329	0.5236640040185543	0.503902272044027	0.15008587862531628	0.08599055120608488	0.29404899147742775	0.13170970843048893	0.1612903226	0.8156841136173355	.	.
lun_lcp4_PBMC_bulk_1_1_1_top54.clonotypes.IGHG	lun_lcp4_tum_bulk_1_1_1_top54.clonotypes.IGHG	54	54	1	1	16246	11922	307	48	1.0000000000000009	1.0	0.018896959251508062	0.004026170105686965	0.0	0.0	3.429355E-4	0.008722520990333384	0.008722520990333384	0.4940945521493344	0.33012981548555426	0.6778300447582198	0.2938623140127851	0.0093457944	0.40761494786073055	.	.
lun_lcp4_PBMC_bulk_1_1_1_top54.clonotypes.IGHG	lun_lcp4_tum_bulk_1_1_2_top54.clonotypes.IGHG	54	54	1	1	16246	12492	498	151	1.0000000000000009	0.9999999999999999	0.030653699372153145	0.012087736151136728	0.0	0.0	3.429355E-4	0.0192492553120076	0.0192492553120076	0.4083263986558016	0.26370893860828215	0.6498348789876708	0.3190114539483019	0.0093457944	0.6825319141538119	.	.
lun_lcp4_PBMC_bulk_1_1_1_top54.clonotypes.IGHG	lun_lcp4_tum_bulk_1_2_1_top54.clonotypes.IGHG	54	54	0	0	16246	9167	0	0	1.0000000000000009	1.0	0.0	0.0	0.0	0.0	0.0	0.0	0.0	0.5808955426581998	0.33946824512550433	0.6556809844597583	0.3080896949455598	0.0	NaN	.	.
lun_lcp4_PBMC_bulk_1_1_1_top54.clonotypes.IGHG	lun_lcp4_tum_bulk_1_2_2_top54.clonotypes.IGHG	54	54	2	2	16246	15961	3816	291	1.0000000000000009	1.0	0.23488858796011325	0.018231940354614375	0.0	0.0	6.858711E-4	0.06544061984477513	0.05411670955998338	0.43208731794546124	0.2697868362078116	0.6594987398211437	0.2775974413916101	0.0188679245	0.08218870228003432	.	.
lun_lcp4_PBMC_bulk_1_1_1_top54.clonotypes.IGHG	lun_lcp4_tum_PCsort_1_1_1_top54.clonotypes.IGHG	54	54	0	0	16246	24203	0	0	1.0000000000000009	1.0000000000000002	0.0	0.0	0.0	0.0	0.0	0.0	0.0	0.5581343426155799	0.3482443772279389	0.7544766132124585	0.26198820262789374	0.0	NaN	.	.
lun_lcp4_PBMC_bulk_1_1_1_top54.clonotypes.IGHG	lun_lcp4_tum_PCsort_1_2_1_top54.clonotypes.IGHG	54	54	1	1	16246	16416	382	575	1.0000000000000009	1.0000000000000004	0.023513480241290165	0.035026803118908385	0.0	0.0	3.429355E-4	0.028698467608079932	0.028698467608079932	0.5187072396034603	0.33186953499022814	0.6862791561767307	0.22177819075697405	0.0093457944	0.9255199845435098	.	.
lun_lcp4_PBMC_bulk_1_1_2_top54.clonotypes.IGHG	lun_lcp4_PBMC_notPCsort_1_1_1_top54.clonotypes.IGHG	54	54	8	8	19805	5214	9052	1596	0.9999999999999997	0.9999999999999993	0.45705629891441557	0.3060989643268124	0.29613113036642963	-0.09523809523809507	0.0027434842	0.3740380458412601	0.289568354190971	0.3500808339034311	0.24170485941255865	0.587337614166344	0.19246459090548315	0.08	0.5029528861858379	.	.
lun_lcp4_PBMC_bulk_1_1_2_top54.clonotypes.IGHG	lun_lcp4_PBMC_PCsort_1_1_1_top54.clonotypes.IGHG	54	54	16	16	19805	35176	12393	17817	0.9999999999999997	1.0	0.6257510729613733	0.5065101205367296	0.8729319447238655	0.6176470588235294	0.00548696845	0.5629824609982562	0.5421692730126587	0.12163644664699538	0.07431613618665478	0.2883261065743396	0.12297406546594052	0.1739130435	0.800155991960425	.	.
lun_lcp4_PBMC_bulk_1_1_2_top54.clonotypes.IGHG	lun_lcp4_tum_bulk_1_1_1_top54.clonotypes.IGHG	54	54	1	1	19805	11922	931	48	0.9999999999999997	1.0	0.047008331229487506	0.004026170105686965	0.0	0.0	3.429355E-4	0.013757308527266282	0.013757308527266282	0.48927374444537747	0.33190832664333236	0.694625913051536	0.37855903058252505	0.0093457944	0.17004861794147832	.	.
lun_lcp4_PBMC_bulk_1_1_2_top54.clonotypes.IGHG	lun_lcp4_tum_bulk_1_1_2_top54.clonotypes.IGHG	54	54	1	1	19805	12492	312	151	0.9999999999999997	0.9999999999999999	0.015753597576369602	0.012087736151136728	0.0	0.0	3.429355E-4	0.013799468501878714	0.013799468501878714	0.386177439806058	0.24816848637251326	0.7107663759138078	0.3853361806274678	0.0093457944	0.9659170478783222	.	.
lun_lcp4_PBMC_bulk_1_1_2_top54.clonotypes.IGHG	lun_lcp4_tum_bulk_1_2_1_top54.clonotypes.IGHG	54	54	0	0	19805	9167	0	0	0.9999999999999997	1.0	0.0	0.0	0.0	0.0	0.0	0.0	0.0	0.555197715643305	0.3394019230959098	0.6881332199766221	0.39516441322683715	0.0	NaN	.	.
lun_lcp4_PBMC_bulk_1_1_2_top54.clonotypes.IGHG	lun_lcp4_tum_bulk_1_2_2_top54.clonotypes.IGHG	54	54	2	2	19805	15961	4936	291	0.9999999999999997	1.0	0.249229992426155	0.018231940354614375	0.0	0.0	6.858711E-4	0.0674088002896851	0.05495666130339762	0.4480309535480471	0.2780629837445249	0.6989298076697702	0.334435042815331	0.0188679245	0.07632526896557171	.	.
lun_lcp4_PBMC_bulk_1_1_2_top54.clonotypes.IGHG	lun_lcp4_tum_PCsort_1_1_1_top54.clonotypes.IGHG	54	54	0	0	19805	24203	0	0	0.9999999999999997	1.0000000000000002	0.0	0.0	0.0	0.0	0.0	0.0	0.0	0.5137374050364527	0.3304518513185187	0.7856814467088811	0.2914806422910912	0.0	NaN	.	.
lun_lcp4_PBMC_bulk_1_1_2_top54.clonotypes.IGHG	lun_lcp4_tum_PCsort_1_2_1_top54.clonotypes.IGHG	54	54	1	1	19805	16416	350	575	0.9999999999999997	1.0000000000000004	0.017672304973491544	0.035026803118908385	0.0	0.0	3.429355E-4	0.024879797968709347	0.024879797968709347	0.5742590704830643	0.37746612636596477	0.7152862869472856	0.24252963430873328	0.0093457944	0.8043262142839482	.	.
lun_lcp4_PBMC_notPCsort_1_1_1_top54.clonotypes.IGHG	lun_lcp4_PBMC_PCsort_1_1_1_top54.clonotypes.IGHG	54	54	5	5	5214	35176	876	8686	0.9999999999999993	1.0	0.16800920598388955	0.24692972481237208	0.44479726148020127	0.3000000000000001	0.0017146776	0.2036822697230836	0.17588465804397957	0.4011122782448461	0.26630266608979053	0.707610085746057	0.17597974541666295	0.0485436893	0.7423827943635983	.	.
lun_lcp4_PBMC_notPCsort_1_1_1_top54.clonotypes.IGHG	lun_lcp4_tum_bulk_1_1_1_top54.clonotypes.IGHG	54	54	0	0	5214	11922	0	0	0.9999999999999993	1.0	0.0	0.0	0.0	0.0	0.0	0.0	0.0	0.5400943225408762	0.33187870439174594	0.7743227301367299	0.28713701965703714	0.0	NaN	.	.
lun_lcp4_PBMC_notPCsort_1_1_1_top54.clonotypes.IGHG	lun_lcp4_tum_bulk_1_1_2_top54.clonotypes.IGHG	54	54	0	0	5214	12492	0	0	0.9999999999999993	0.9999999999999999	0.0	0.0	0.0	0.0	0.0	0.0	0.0	0.4855395755779122	0.3353963514547858	0.7964909307414115	0.2635297203664704	0.0	NaN	.	.
lun_lcp4_PBMC_notPCsort_1_1_1_top54.clonotypes.IGHG	lun_lcp4_tum_bulk_1_2_1_top54.clonotypes.IGHG	54	54	1	1	5214	9167	26	33	0.9999999999999993	1.0	0.004986574606827772	0.0035998690956692485	0.0	0.0	3.429355E-4	0.004236863913364262	0.004236863913364262	0.48590339291746937	0.2868059521907869	0.827705600408715	0.34981753564192214	0.0093457944	0.9491618506947306	.	.
lun_lcp4_PBMC_notPCsort_1_1_1_top54.clonotypes.IGHG	lun_lcp4_tum_bulk_1_2_2_top54.clonotypes.IGHG	54	54	1	1	5214	15961	386	143	0.9999999999999993	1.0	0.07403145377828922	0.00895933838731909	0.0	0.0	3.429355E-4	0.025754084058744266	0.025754084058744266	0.366266354985461	0.2217998416082964	0.7792836555312962	0.24490195790937835	0.0093457944	0.2385476298311506	.	.
lun_lcp4_PBMC_notPCsort_1_1_1_top54.clonotypes.IGHG	lun_lcp4_tum_PCsort_1_1_1_top54.clonotypes.IGHG	54	54	0	0	5214	24203	0	0	0.9999999999999993	1.0000000000000002	0.0	0.0	0.0	0.0	0.0	0.0	0.0	0.4639698243230239	0.2904258412150896	0.8013401820334713	0.2711167807973199	0.0	NaN	.	.
lun_lcp4_PBMC_notPCsort_1_1_1_top54.clonotypes.IGHG	lun_lcp4_tum_PCsort_1_2_1_top54.clonotypes.IGHG	54	54	0	0	5214	16416	0	0	0.9999999999999993	1.0000000000000004	0.0	0.0	0.0	0.0	0.0	0.0	0.0	0.39795950762059684	0.2376343624966949	0.7664650559882218	0.25354864535053867	0.0	NaN	.	.
lun_lcp4_PBMC_PCsort_1_1_1_top54.clonotypes.IGHG	lun_lcp4_tum_bulk_1_1_1_top54.clonotypes.IGHG	54	54	1	1	35176	11922	2005	48	1.0	1.0	0.05699909028883329	0.004026170105686965	0.0	0.0	3.429355E-4	0.015148862444825778	0.015148862444825778	0.4275953734413346	0.27572806345116513	0.6233470884552825	0.2694351936937893	0.0093457944	0.1405700210114368	.	.
lun_lcp4_PBMC_PCsort_1_1_1_top54.clonotypes.IGHG	lun_lcp4_tum_bulk_1_1_2_top54.clonotypes.IGHG	54	54	1	1	35176	12492	442	151	1.0	0.9999999999999999	0.012565385490106891	0.012087736151136728	0.0	0.0	3.429355E-4	0.01232424701317423	0.01232424701317423	0.34356456913264427	0.20916907903270385	0.6876635453192939	0.2975709818050938	0.0093457944	0.9992495158500493	.	.
lun_lcp4_PBMC_PCsort_1_1_1_top54.clonotypes.IGHG	lun_lcp4_tum_bulk_1_2_1_top54.clonotypes.IGHG	54	54	0	0	35176	9167	0	0	1.0	1.0	0.0	0.0	0.0	0.0	0.0	0.0	0.0	0.45811725473173576	0.2707752010638359	0.6613606710130453	0.38023454053960565	0.0	NaN	.	.
lun_lcp4_PBMC_PCsort_1_1_1_top54.clonotypes.IGHG	lun_lcp4_tum_bulk_1_2_2_top54.clonotypes.IGHG	54	54	2	2	35176	15961	4076	291	1.0	1.0	0.11587445985899476	0.018231940354614375	0.0	0.0	6.858711E-4	0.04596320529262891	0.040910341687802436	0.4433113590917379	0.2645724335129659	0.6770228161537514	0.30469673907733197	0.0188679245	0.1861954988077405	.	.
lun_lcp4_PBMC_PCsort_1_1_1_top54.clonotypes.IGHG	lun_lcp4_tum_PCsort_1_1_1_top54.clonotypes.IGHG	54	54	1	1	35176	24203	642	600	1.0	1.0000000000000002	0.018251080282010463	0.0247903152501756	0.0	0.0	3.429355E-4	0.021270872898104188	0.021270872898104188	0.5092542050808723	0.3008821886042486	0.7626493945273238	0.2664661519964833	0.0093457944	0.9548767290070468	.	.
lun_lcp4_PBMC_PCsort_1_1_1_top54.clonotypes.IGHG	lun_lcp4_tum_PCsort_1_2_1_top54.clonotypes.IGHG	54	54	0	0	35176	16416	0	0	1.0	1.0000000000000004	0.0	0.0	0.0	0.0	0.0	0.0	0.0	0.5019184486847703	0.31570944298672843	0.7473057477919127	0.2196887254415333	0.0	NaN	.	.
lun_lcp4_tum_bulk_1_1_1_top54.clonotypes.IGHG	lun_lcp4_tum_bulk_1_1_2_top54.clonotypes.IGHG	54	54	16	16	11922	12492	5317	7683	1.0	0.9999999999999999	0.44598221774869995	0.6150336215177713	0.7999513584648543	0.7147058823529412	0.00548696845	0.5237309027683111	0.4864717341739059	0.20948165240106273	0.12841350173592805	0.3526144202480193	0.08447725210381517	0.1739130435	0.8195113727836348	.	.
lun_lcp4_tum_bulk_1_1_1_top54.clonotypes.IGHG	lun_lcp4_tum_bulk_1_2_1_top54.clonotypes.IGHG	54	54	9	9	11922	9167	3266	2707	1.0	1.0	0.27394732427445057	0.29529835278717137	-0.008087582711158982	0.05857791861290026	0.0030864198	0.28442256170827646	0.2063747972445482	0.20438340210202544	0.1513532493183986	0.4790223885505653	0.15241760262444415	0.0909090909	0.34102711081251635	.	.
lun_lcp4_tum_bulk_1_1_1_top54.clonotypes.IGHG	lun_lcp4_tum_bulk_1_2_2_top54.clonotypes.IGHG	54	54	7	7	11922	15961	3724	3566	1.0	1.0	0.3123636973662137	0.22341958523902017	-0.2637010563775356	-0.1428571428571426	0.0024005487	0.2641745023829633	0.18300687678027702	0.2464197295407668	0.14944829493500283	0.5128646387043759	0.1344018286653013	0.0693069307	0.25590812521345846	.	.
lun_lcp4_tum_bulk_1_1_1_top54.clonotypes.IGHG	lun_lcp4_tum_PCsort_1_1_1_top54.clonotypes.IGHG	54	54	11	11	11922	24203	4722	10992	1.0	1.0000000000000002	0.39607448414695523	0.454158575383217	0.9360554856508749	0.29090909090909095	0.0037722908	0.42412335878353097	0.3952679982929612	0.15299138046238242	0.07958610925137789	0.3973237422456359	0.106422154674482	0.1134020619	0.9542291075174707	.	.
lun_lcp4_tum_bulk_1_1_1_top54.clonotypes.IGHG	lun_lcp4_tum_PCsort_1_2_1_top54.clonotypes.IGHG	54	54	5	5	11922	16416	2866	5083	1.0	1.0000000000000004	0.24039590672705924	0.30963693957115007	-0.26617091029306317	-0.09999999999999983	0.0017146776	0.2728286144164469	0.16018559452126613	0.30580186497757744	0.1760447118820318	0.6022598408352058	0.14813538974083898	0.0485436893	0.24273505315436872	.	.
lun_lcp4_tum_bulk_1_1_2_top54.clonotypes.IGHG	lun_lcp4_tum_bulk_1_2_1_top54.clonotypes.IGHG	54	54	5	5	12492	9167	3476	2028	0.9999999999999999	1.0	0.27825808517451167	0.22122831897021927	-0.3297346780068139	-0.6	0.0017146776	0.2481099925900392	0.1837923017886844	0.33858543198824664	0.24731280332003658	0.5889410305992202	0.17373439503989913	0.0485436893	0.33749406585522435	.	.
lun_lcp4_tum_bulk_1_1_2_top54.clonotypes.IGHG	lun_lcp4_tum_bulk_1_2_2_top54.clonotypes.IGHG	54	54	8	8	12492	15961	4265	4121	0.9999999999999999	1.0	0.3414185078450208	0.25819184261637745	-0.31596442902772826	-0.07142857142857159	0.0027434842	0.29690313848768934	0.20952212687546123	0.30378700521343094	0.20279951934091936	0.5879418865675594	0.1524956054494647	0.08	0.23157970447927645	.	.
lun_lcp4_tum_bulk_1_1_2_top54.clonotypes.IGHG	lun_lcp4_tum_PCsort_1_1_1_top54.clonotypes.IGHG	54	54	8	8	12492	24203	4156	10357	0.9999999999999999	1.0000000000000002	0.3326929234710215	0.4279221584101145	0.9557021671714231	0.09523809523809507	0.0027434842	0.3773150857035676	0.35139862535592586	0.19658918618975738	0.12318916882486615	0.36220280863535576	0.12055459075207645	0.08	0.9429716308713507	.	.
lun_lcp4_tum_bulk_1_1_2_top54.clonotypes.IGHG	lun_lcp4_tum_PCsort_1_2_1_top54.clonotypes.IGHG	54	54	4	4	12492	16416	3436	5050	0.9999999999999999	1.0000000000000004	0.2750560358629523	0.3076267056530214	-0.4259947769900167	-0.6000000000000001	0.0013717421	0.2908858576529621	0.1964184939362915	0.35613408236857474	0.24134401366716143	0.6272959824578201	0.17816775067454899	0.0384615385	0.3095966701000866	.	.
lun_lcp4_tum_bulk_1_2_1_top54.clonotypes.IGHG	lun_lcp4_tum_bulk_1_2_2_top54.clonotypes.IGHG	54	54	12	12	9167	15961	3112	4988	1.0	1.0	0.3394785644158394	0.31251174738424914	0.6972866454195406	0.7600712181471055	0.0041152263	0.3257161945084867	0.31030335372960793	0.2637925189675227	0.16157100448558248	0.47131001553517893	0.07297709773908183	0.125	0.8627023755800257	.	.
lun_lcp4_tum_bulk_1_2_1_top54.clonotypes.IGHG	lun_lcp4_tum_PCsort_1_1_1_top54.clonotypes.IGHG	54	54	8	8	9167	24203	2498	9009	1.0	1.0000000000000002	0.2724991818479328	0.37222658348138665	0.034170704582215695	0.38095238095238093	0.0027434842	0.31848302852856875	0.27662208770558067	0.19905033112397133	0.13351781925828282	0.5156385185737228	0.1625909999164854	0.08	0.48476561196245566	.	.
lun_lcp4_tum_bulk_1_2_1_top54.clonotypes.IGHG	lun_lcp4_tum_PCsort_1_2_1_top54.clonotypes.IGHG	54	54	8	8	9167	16416	2814	7133	1.0	1.0000000000000004	0.3069706556125232	0.4345151072124756	0.7302529711137148	0.7857142857142857	0.0027434842	0.3652169045027344	0.3521696460985067	0.2656944421910269	0.15060102388215377	0.4530770552071977	0.1670917947911197	0.08	0.8050944205668827	.	.
lun_lcp4_tum_bulk_1_2_2_top54.clonotypes.IGHG	lun_lcp4_tum_PCsort_1_1_1_top54.clonotypes.IGHG	54	54	7	7	15961	24203	3989	9174	1.0	1.0000000000000002	0.24992168410500598	0.37904392017518496	-0.2931457338149823	0.10714285714285682	0.0024005487	0.3077844942162384	0.25185597940301985	0.2845026729778808	0.15835398476698492	0.5180248191067497	0.10102334698366108	0.0693069307	0.37779328088648106	.	.
lun_lcp4_tum_bulk_1_2_2_top54.clonotypes.IGHG	lun_lcp4_tum_PCsort_1_2_1_top54.clonotypes.IGHG	54	54	7	7	15961	16416	4288	6502	1.0	1.0000000000000004	0.26865484618758223	0.39607699805068225	0.19737987645979527	0.5	0.0024005487	0.326202398810532	0.2938275649468151	0.29073375120095785	0.18444966086293438	0.5644912512879735	0.07531992657522231	0.0693069307	0.6170882259622621	.	.
lun_lcp4_tum_PCsort_1_1_1_top54.clonotypes.IGHG	lun_lcp4_tum_PCsort_1_2_1_top54.clonotypes.IGHG	54	54	6	6	24203	16416	7607	3754	1.0000000000000002	1.0000000000000004	0.314299880180143	0.22867933723196882	0.083497026008629	0.4857142857142858	0.0020576132	0.2680930590143697	0.23055193308083766	0.36518920700271607	0.20385942742168525	0.6300082838797997	0.06677471589967347	0.0588235294	0.49106923653962486	.	.
