1_sample_id	2_sample_id	div1	div2	div12	div21	count1	count2	count12	count21	freq1	freq2	freq12	freq21	R	Rs	D	F	F2	vJSD	vjJSD	vj2JSD	sJSD	Jaccard	MorisitaHorn	1_metadata_blank	2_metadata_blank
lun_lcp4_norm_bulk_1_1_1_top47.clonotypes.IGHA	lun_lcp4_norm_bulk_1_1_2_top47.clonotypes.IGHA	47	47	7	7	6505	6503	966	1133	0.9999999999999999	0.9999999999999998	0.1485011529592621	0.17422727971705368	0.9473084113410372	0.6428571428571428	0.0031688547	0.16085071313158153	0.1596048615763126	0.3399810161708414	0.17663320801311924	0.5555935850082764	0.1094921446042946	0.0804597701	0.9663076339438404	.	.
lun_lcp4_norm_bulk_1_1_1_top47.clonotypes.IGHA	lun_lcp4_norm_bulk_1_2_1_top47.clonotypes.IGHA	47	47	5	5	6505	6532	726	1213	0.9999999999999999	1.0	0.1116064565718678	0.18570116350275567	0.9718626670873207	0.6	0.0022634676	0.1439633593655539	0.1431754776480684	0.25233199042497356	0.14779471697129873	0.5575837172342192	0.13105239642217778	0.0561797753	0.890155374950524	.	.
lun_lcp4_norm_bulk_1_1_1_top47.clonotypes.IGHA	lun_lcp4_norm_bulk_1_2_2_top47.clonotypes.IGHA	47	47	4	4	6505	5249	653	678	0.9999999999999999	1.0000000000000002	0.10038431975403536	0.1291674604686607	0.9657796349787313	1.0	0.0018107741	0.11387004721832146	0.11290164618361857	0.27252601638945123	0.14361200778323047	0.5791422319022431	0.17996410800411886	0.0444444444	0.9673046596005955	.	.
lun_lcp4_norm_bulk_1_1_1_top47.clonotypes.IGHA	lun_lcp4_PBMC_bulk_1_1_1_top47.clonotypes.IGHA	47	47	1	1	6505	14982	100	306	0.9999999999999999	0.9999999999999998	0.015372790161414296	0.02042450941129355	0.0	0.0	4.526935E-4	0.017719528699422206	0.017719528699422206	0.3702126086228701	0.20094311403660756	0.6633980152747002	0.285344733468084	0.0107526882	0.9609479402732097	.	.
lun_lcp4_norm_bulk_1_1_1_top47.clonotypes.IGHA	lun_lcp4_PBMC_bulk_1_1_2_top47.clonotypes.IGHA	47	47	1	1	6505	18421	100	391	0.9999999999999999	1.0	0.015372790161414296	0.021225774930785517	0.0	0.0	4.526935E-4	0.018063758856461016	0.018063758856461016	0.3462258990652927	0.18156461465789625	0.5732597357438588	0.23816428727872554	0.0107526882	0.9501243043705869	.	.
lun_lcp4_norm_bulk_1_1_1_top47.clonotypes.IGHA	lun_lcp4_PBMC_notPCsort_1_1_1_top47.clonotypes.IGHA	47	47	0	0	6505	16457	0	0	0.9999999999999999	1.0	0.0	0.0	0.0	0.0	0.0	0.0	0.0	0.22419497062970253	0.1180665558162771	0.5907455323478057	0.14661176024058278	0.0	NaN	.	.
lun_lcp4_norm_bulk_1_1_1_top47.clonotypes.IGHA	lun_lcp4_PBMC_PCsort_1_1_1_top47.clonotypes.IGHA	47	47	0	0	6505	39968	0	0	0.9999999999999999	0.9999999999999998	0.0	0.0	0.0	0.0	0.0	0.0	0.0	0.37135867838351	0.19250713093587046	0.7165658174204825	0.3321248324727243	0.0	NaN	.	.
lun_lcp4_norm_bulk_1_1_1_top47.clonotypes.IGHA	lun_lcp4_tum_bulk_1_1_1_top47.clonotypes.IGHA	47	47	1	1	6505	6282	330	43	0.9999999999999999	0.9999999999999999	0.05073020753266718	0.0068449538363578475	0.0	0.0	4.526935E-4	0.01863453591238483	0.01863453591238483	0.45483215874821864	0.26088867554303086	0.6193852547834461	0.18296923949197946	0.0107526882	0.26503202165024575	.	.
lun_lcp4_norm_bulk_1_1_1_top47.clonotypes.IGHA	lun_lcp4_tum_bulk_1_1_2_top47.clonotypes.IGHA	47	47	1	1	6505	7593	330	37	0.9999999999999999	1.0	0.05073020753266718	0.004872909258527592	0.0	0.0	4.526935E-4	0.01572271280577751	0.01572271280577751	0.4714052465280174	0.2836727842238413	0.6860597011224179	0.2628198122060135	0.0107526882	0.19035442499855684	.	.
lun_lcp4_norm_bulk_1_1_1_top47.clonotypes.IGHA	lun_lcp4_tum_bulk_1_2_1_top47.clonotypes.IGHA	47	47	0	0	6505	7431	0	0	0.9999999999999999	0.9999999999999998	0.0	0.0	0.0	0.0	0.0	0.0	0.0	0.2796636489846645	0.185670464059469	0.7362168376397229	0.15626498619775078	0.0	NaN	.	.
lun_lcp4_norm_bulk_1_1_1_top47.clonotypes.IGHA	lun_lcp4_tum_bulk_1_2_2_top47.clonotypes.IGHA	47	47	1	1	6505	6932	99	40	0.9999999999999999	0.9999999999999999	0.015219062259800154	0.005770340450086555	0.0	0.0	4.526935E-4	0.009371188322198553	0.009371188322198553	0.4160010971487575	0.22012207048629553	0.6621384482499655	0.07907907491364634	0.0107526882	0.6629946360497695	.	.
lun_lcp4_norm_bulk_1_1_1_top47.clonotypes.IGHA	lun_lcp4_tum_PCsort_1_1_1_top47.clonotypes.IGHA	47	47	0	0	6505	17899	0	0	0.9999999999999999	0.9999999999999998	0.0	0.0	0.0	0.0	0.0	0.0	0.0	0.3578950622140561	0.2623386811883738	0.7234294972826929	0.20458669335877688	0.0	NaN	.	.
lun_lcp4_norm_bulk_1_1_1_top47.clonotypes.IGHA	lun_lcp4_tum_PCsort_1_2_1_top47.clonotypes.IGHA	47	47	0	0	6505	11206	0	0	0.9999999999999999	0.9999999999999998	0.0	0.0	0.0	0.0	0.0	0.0	0.0	0.45620849736134517	0.26878993670741985	0.8002723249715278	0.1779429752375576	0.0	NaN	.	.
lun_lcp4_norm_bulk_1_1_2_top47.clonotypes.IGHA	lun_lcp4_norm_bulk_1_2_1_top47.clonotypes.IGHA	47	47	6	6	6503	6532	961	1389	0.9999999999999998	1.0	0.14777794863908966	0.21264543784445805	0.9750776344978105	0.7714285714285715	0.0027161612	0.17726902321645216	0.17598560559715673	0.28978833386640623	0.1778944063749831	0.49367653249917026	0.09602274283496123	0.0681818182	0.946818259358186	.	.
lun_lcp4_norm_bulk_1_1_2_top47.clonotypes.IGHA	lun_lcp4_norm_bulk_1_2_2_top47.clonotypes.IGHA	47	47	4	4	6503	5249	820	678	0.9999999999999998	1.0000000000000002	0.1260956481623866	0.1291674604686607	0.9646331805899498	0.8	0.0018107741	0.1276223125056321	0.1267767652229918	0.29982461957916245	0.16546835355252706	0.5564688639820498	0.11016606489865596	0.0444444444	0.9828889146838832	.	.
lun_lcp4_norm_bulk_1_1_2_top47.clonotypes.IGHA	lun_lcp4_PBMC_bulk_1_1_1_top47.clonotypes.IGHA	47	47	2	2	6503	14982	686	1079	0.9999999999999998	0.9999999999999998	0.1054897739504844	0.07201975704178347	0.0	0.0	9.053871E-4	0.08716276665128606	0.06315404509013915	0.3213551016947865	0.17768267831516932	0.5547292861394417	0.2693907357781478	0.0217391304	0.32901502760357404	.	.
lun_lcp4_norm_bulk_1_1_2_top47.clonotypes.IGHA	lun_lcp4_PBMC_bulk_1_1_2_top47.clonotypes.IGHA	47	47	3	3	6503	18421	750	1955	0.9999999999999998	1.0	0.115331385514378	0.10612887465392759	-0.6284469641467937	-0.5	0.0013580806	0.11063448900283863	0.08070273124921556	0.34809055243509424	0.17826956766886493	0.5087951192300375	0.22585284127051958	0.032967033	0.3343406118987521	.	.
lun_lcp4_norm_bulk_1_1_2_top47.clonotypes.IGHA	lun_lcp4_PBMC_notPCsort_1_1_1_top47.clonotypes.IGHA	47	47	0	0	6503	16457	0	0	0.9999999999999998	1.0	0.0	0.0	0.0	0.0	0.0	0.0	0.0	0.4124429246226415	0.22483681422380652	0.6698425479392716	0.20315525396841863	0.0	NaN	.	.
lun_lcp4_norm_bulk_1_1_2_top47.clonotypes.IGHA	lun_lcp4_PBMC_PCsort_1_1_1_top47.clonotypes.IGHA	47	47	1	1	6503	39968	87	1163	0.9999999999999998	0.9999999999999998	0.013378440719667846	0.029098278622898318	0.0	0.0	4.526935E-4	0.019730423097359652	0.019730423097359652	0.421877099711442	0.22568201120621342	0.7111823687474369	0.3356299147612102	0.0107526882	0.7590766190342344	.	.
lun_lcp4_norm_bulk_1_1_2_top47.clonotypes.IGHA	lun_lcp4_tum_bulk_1_1_1_top47.clonotypes.IGHA	47	47	1	1	6503	6282	421	43	0.9999999999999998	0.9999999999999999	0.0647393510687375	0.0068449538363578475	0.0	0.0	4.526935E-4	0.02105084011295683	0.02105084011295683	0.3783052234653024	0.22731456252849863	0.6009299977116876	0.27371322478419	0.0107526882	0.20912411695161212	.	.
lun_lcp4_norm_bulk_1_1_2_top47.clonotypes.IGHA	lun_lcp4_tum_bulk_1_1_2_top47.clonotypes.IGHA	47	47	2	2	6503	7593	495	149	0.9999999999999998	1.0	0.07611871443948946	0.01962333728434084	0.0	0.0	9.053871E-4	0.03864845672334831	0.03071715880891477	0.46105099354665113	0.3035587392185309	0.6814546005566838	0.16821512350672232	0.0217391304	0.2118895722003074	.	.
lun_lcp4_norm_bulk_1_1_2_top47.clonotypes.IGHA	lun_lcp4_tum_bulk_1_2_1_top47.clonotypes.IGHA	47	47	1	1	6503	7431	87	72	0.9999999999999998	0.9999999999999998	0.013378440719667846	0.009689140088817117	0.0	0.0	4.526935E-4	0.011385323284948788	0.011385323284948788	0.31629790236627336	0.23411927892784373	0.7120137170807049	0.15185989607601033	0.0107526882	0.9501178853396594	.	.
lun_lcp4_norm_bulk_1_1_2_top47.clonotypes.IGHA	lun_lcp4_tum_bulk_1_2_2_top47.clonotypes.IGHA	47	47	0	0	6503	6932	0	0	0.9999999999999998	0.9999999999999999	0.0	0.0	0.0	0.0	0.0	0.0	0.0	0.39698295017760227	0.22782434605101592	0.7041507483290147	0.13564571256027902	0.0	NaN	.	.
lun_lcp4_norm_bulk_1_1_2_top47.clonotypes.IGHA	lun_lcp4_tum_PCsort_1_1_1_top47.clonotypes.IGHA	47	47	0	0	6503	17899	0	0	0.9999999999999998	0.9999999999999998	0.0	0.0	0.0	0.0	0.0	0.0	0.0	0.3372893441269056	0.28907429287084	0.7683676097489236	0.24262999885371925	0.0	NaN	.	.
lun_lcp4_norm_bulk_1_1_2_top47.clonotypes.IGHA	lun_lcp4_tum_PCsort_1_2_1_top47.clonotypes.IGHA	47	47	0	0	6503	11206	0	0	0.9999999999999998	0.9999999999999998	0.0	0.0	0.0	0.0	0.0	0.0	0.0	0.41490346033038333	0.28263195333230284	0.7628534367499679	0.09603760747769145	0.0	NaN	.	.
lun_lcp4_norm_bulk_1_2_1_top47.clonotypes.IGHA	lun_lcp4_norm_bulk_1_2_2_top47.clonotypes.IGHA	47	47	4	4	6532	5249	1074	678	1.0	1.0000000000000002	0.1644213104715248	0.1291674604686607	0.952207894018483	0.8	0.0018107741	0.14573223089123447	0.14476367733494294	0.1821787680851143	0.10582162109312407	0.4985641404143294	0.1805464441089076	0.0444444444	0.9463625679738219	.	.
lun_lcp4_norm_bulk_1_2_1_top47.clonotypes.IGHA	lun_lcp4_PBMC_bulk_1_1_1_top47.clonotypes.IGHA	47	47	2	2	6532	14982	203	1457	1.0	0.9999999999999998	0.031077770973668095	0.0972500333733814	0.0	0.0	9.053871E-4	0.05497557879967728	0.04965035441815013	0.3970848607702552	0.20980990494725654	0.7071454457034801	0.22306254213535104	0.0217391304	0.37801757963215676	.	.
lun_lcp4_norm_bulk_1_2_1_top47.clonotypes.IGHA	lun_lcp4_PBMC_bulk_1_1_2_top47.clonotypes.IGHA	47	47	3	3	6532	18421	379	1724	1.0	1.0	0.05802204531537049	0.09358883882525379	-0.14305197636630806	0.5	0.0013580806	0.07368999828560034	0.06843396321771614	0.39870733540209047	0.22162825969243963	0.6689040684449679	0.21429071023316337	0.032967033	0.6413980827100282	.	.
lun_lcp4_norm_bulk_1_2_1_top47.clonotypes.IGHA	lun_lcp4_PBMC_notPCsort_1_1_1_top47.clonotypes.IGHA	47	47	0	0	6532	16457	0	0	1.0	1.0	0.0	0.0	0.0	0.0	0.0	0.0	0.0	0.3166837666079496	0.18753777558186321	0.6920807703553625	0.17756890145690551	0.0	NaN	.	.
lun_lcp4_norm_bulk_1_2_1_top47.clonotypes.IGHA	lun_lcp4_PBMC_PCsort_1_1_1_top47.clonotypes.IGHA	47	47	1	1	6532	39968	105	3063	1.0	0.9999999999999998	0.016074709124311085	0.0766363090472378	0.0	0.0	4.526935E-4	0.03509852384780815	0.03509852384780815	0.35470753801838145	0.19683083963811168	0.6660570021406687	0.3090578607653295	0.0107526882	0.4018273930791211	.	.
lun_lcp4_norm_bulk_1_2_1_top47.clonotypes.IGHA	lun_lcp4_tum_bulk_1_1_1_top47.clonotypes.IGHA	47	47	2	2	6532	6282	615	81	1.0	0.9999999999999999	0.09415186772810778	0.012893982808022921	0.0	0.0	9.053871E-4	0.034842396069005785	0.03269586401652329	0.2915437663434433	0.1601045280971182	0.5715498495575568	0.27055946748407284	0.0217391304	0.19031118285605886	.	.
lun_lcp4_norm_bulk_1_2_1_top47.clonotypes.IGHA	lun_lcp4_tum_bulk_1_1_2_top47.clonotypes.IGHA	47	47	1	1	6532	7593	521	37	1.0	1.0	0.0797611757501531	0.004872909258527592	0.0	0.0	4.526935E-4	0.019714689238838318	0.019714689238838318	0.4405985497759368	0.273517404653838	0.687884178247	0.1393178253707275	0.0107526882	0.12173313580563666	.	.
lun_lcp4_norm_bulk_1_2_1_top47.clonotypes.IGHA	lun_lcp4_tum_bulk_1_2_1_top47.clonotypes.IGHA	47	47	0	0	6532	7431	0	0	1.0	0.9999999999999998	0.0	0.0	0.0	0.0	0.0	0.0	0.0	0.3217280591780555	0.18349485122069817	0.7607222556540383	0.1409088889479102	0.0	NaN	.	.
lun_lcp4_norm_bulk_1_2_1_top47.clonotypes.IGHA	lun_lcp4_tum_bulk_1_2_2_top47.clonotypes.IGHA	47	47	1	1	6532	6932	105	134	1.0	0.9999999999999999	0.016074709124311085	0.01933064050778996	0.0	0.0	4.526935E-4	0.017627660745242087	0.017627660745242087	0.3598524054853722	0.21676772975757408	0.6584884955357138	0.1230405533148031	0.0107526882	0.9832279806833606	.	.
lun_lcp4_norm_bulk_1_2_1_top47.clonotypes.IGHA	lun_lcp4_tum_PCsort_1_1_1_top47.clonotypes.IGHA	47	47	0	0	6532	17899	0	0	1.0	0.9999999999999998	0.0	0.0	0.0	0.0	0.0	0.0	0.0	0.38787792116771846	0.254918063149681	0.8330216303447218	0.2207641093025778	0.0	NaN	.	.
lun_lcp4_norm_bulk_1_2_1_top47.clonotypes.IGHA	lun_lcp4_tum_PCsort_1_2_1_top47.clonotypes.IGHA	47	47	1	1	6532	11206	105	261	1.0	0.9999999999999998	0.016074709124311085	0.02329109405675531	0.0	0.0	4.526935E-4	0.019349355600363344	0.019349355600363344	0.45272154650685087	0.26519844004805215	0.8110084439816346	0.13420510453606568	0.0107526882	0.9349755582877498	.	.
lun_lcp4_norm_bulk_1_2_2_top47.clonotypes.IGHA	lun_lcp4_PBMC_bulk_1_1_1_top47.clonotypes.IGHA	47	47	0	0	5249	14982	0	0	1.0000000000000002	0.9999999999999998	0.0	0.0	0.0	0.0	0.0	0.0	0.0	0.4495070822477044	0.24475604278360372	0.6496672170156839	0.3624957915917448	0.0	NaN	.	.
lun_lcp4_norm_bulk_1_2_2_top47.clonotypes.IGHA	lun_lcp4_PBMC_bulk_1_1_2_top47.clonotypes.IGHA	47	47	0	0	5249	18421	0	0	1.0000000000000002	1.0	0.0	0.0	0.0	0.0	0.0	0.0	0.0	0.40461518725331236	0.2196300915663472	0.6512649044682303	0.3552531023509413	0.0	NaN	.	.
lun_lcp4_norm_bulk_1_2_2_top47.clonotypes.IGHA	lun_lcp4_PBMC_notPCsort_1_1_1_top47.clonotypes.IGHA	47	47	0	0	5249	16457	0	0	1.0000000000000002	1.0	0.0	0.0	0.0	0.0	0.0	0.0	0.0	0.29200986325038203	0.1628275329202447	0.6757486022583513	0.2308949530884774	0.0	NaN	.	.
lun_lcp4_norm_bulk_1_2_2_top47.clonotypes.IGHA	lun_lcp4_PBMC_PCsort_1_1_1_top47.clonotypes.IGHA	47	47	0	0	5249	39968	0	0	1.0000000000000002	0.9999999999999998	0.0	0.0	0.0	0.0	0.0	0.0	0.0	0.36602252507079824	0.19386143213239954	0.7140122379828484	0.3853860938615551	0.0	NaN	.	.
lun_lcp4_norm_bulk_1_2_2_top47.clonotypes.IGHA	lun_lcp4_tum_bulk_1_1_1_top47.clonotypes.IGHA	47	47	1	1	5249	6282	299	43	1.0000000000000002	0.9999999999999999	0.0569632310916365	0.0068449538363578475	0.0	0.0	4.526935E-4	0.019746156263739937	0.019746156263739937	0.3032411378574426	0.16937897723485473	0.5432016492077877	0.2987567928319033	0.0107526882	0.23690801676827408	.	.
lun_lcp4_norm_bulk_1_2_2_top47.clonotypes.IGHA	lun_lcp4_tum_bulk_1_1_2_top47.clonotypes.IGHA	47	47	1	1	5249	7593	299	37	1.0000000000000002	1.0	0.0569632310916365	0.004872909258527592	0.0	0.0	4.526935E-4	0.016660631926253045	0.016660631926253045	0.4496207833973735	0.26715963335701	0.7934841838999812	0.2563299782926584	0.0107526882	0.16984671280677616	.	.
lun_lcp4_norm_bulk_1_2_2_top47.clonotypes.IGHA	lun_lcp4_tum_bulk_1_2_1_top47.clonotypes.IGHA	47	47	0	0	5249	7431	0	0	1.0000000000000002	0.9999999999999998	0.0	0.0	0.0	0.0	0.0	0.0	0.0	0.29519821845792393	0.18163382836779757	0.7066125971775282	0.21899769267217575	0.0	NaN	.	.
lun_lcp4_norm_bulk_1_2_2_top47.clonotypes.IGHA	lun_lcp4_tum_bulk_1_2_2_top47.clonotypes.IGHA	47	47	1	1	5249	6932	65	587	1.0000000000000002	0.9999999999999999	0.012383311106877501	0.0846797461050202	0.0	0.0	4.526935E-4	0.032382335315258894	0.032382335315258894	0.3531273641570986	0.19177672621414504	0.6145989320151991	0.21489602825673826	0.0107526882	0.28635030334750705	.	.
lun_lcp4_norm_bulk_1_2_2_top47.clonotypes.IGHA	lun_lcp4_tum_PCsort_1_1_1_top47.clonotypes.IGHA	47	47	0	0	5249	17899	0	0	1.0000000000000002	0.9999999999999998	0.0	0.0	0.0	0.0	0.0	0.0	0.0	0.36587951554970527	0.2640083416776488	0.8202281897713078	0.18263820167749337	0.0	NaN	.	.
lun_lcp4_norm_bulk_1_2_2_top47.clonotypes.IGHA	lun_lcp4_tum_PCsort_1_2_1_top47.clonotypes.IGHA	47	47	1	1	5249	11206	65	605	1.0000000000000002	0.9999999999999998	0.012383311106877501	0.053988934499375335	0.0	0.0	4.526935E-4	0.025856561492870557	0.025856561492870557	0.47699661454200387	0.28380393913925456	0.8346659284505377	0.18613568103606393	0.0107526882	0.43580754392166193	.	.
lun_lcp4_PBMC_bulk_1_1_1_top47.clonotypes.IGHA	lun_lcp4_PBMC_bulk_1_1_2_top47.clonotypes.IGHA	47	47	16	16	14982	18421	10167	10890	0.9999999999999998	1.0	0.6786143372046456	0.5911731176374788	0.9743853177412571	0.6941176470588238	0.0072430964	0.6333865750067345	0.622256590129755	0.10378260166407564	0.05816495490239187	0.17827154982623067	0.04121369132899867	0.2051282051	0.9420475617750735	.	.
lun_lcp4_PBMC_bulk_1_1_1_top47.clonotypes.IGHA	lun_lcp4_PBMC_notPCsort_1_1_1_top47.clonotypes.IGHA	47	47	4	4	14982	16457	4827	2374	0.9999999999999998	1.0	0.3221866239487385	0.1442547244333718	0.9640802364294908	0.4	0.0018107741	0.21558511695811391	0.20319111975795723	0.26025407306070164	0.16180263764076128	0.4531653564632672	0.17690539134215427	0.0444444444	0.5725923896650781	.	.
lun_lcp4_PBMC_bulk_1_1_1_top47.clonotypes.IGHA	lun_lcp4_PBMC_PCsort_1_1_1_top47.clonotypes.IGHA	47	47	8	8	14982	39968	7910	16461	0.9999999999999998	0.9999999999999998	0.5279668936056602	0.41185448358686944	0.9881212989474939	0.7619047619047619	0.0036215482	0.4663105535122734	0.4607517399897806	0.19584955130891776	0.10767378823286748	0.3727612940667785	0.09649894200950247	0.0930232558	0.9380079410524365	.	.
lun_lcp4_PBMC_bulk_1_1_1_top47.clonotypes.IGHA	lun_lcp4_tum_bulk_1_1_1_top47.clonotypes.IGHA	47	47	0	0	14982	6282	0	0	0.9999999999999998	0.9999999999999999	0.0	0.0	0.0	0.0	0.0	0.0	0.0	0.46769672746336854	0.2504786171028472	0.6470713388401063	0.2555779307363249	0.0	NaN	.	.
lun_lcp4_PBMC_bulk_1_1_1_top47.clonotypes.IGHA	lun_lcp4_tum_bulk_1_1_2_top47.clonotypes.IGHA	47	47	0	0	14982	7593	0	0	0.9999999999999998	1.0	0.0	0.0	0.0	0.0	0.0	0.0	0.0	0.48885937733351037	0.3282661999323955	0.7288951427781512	0.2781539696499523	0.0	NaN	.	.
lun_lcp4_PBMC_bulk_1_1_1_top47.clonotypes.IGHA	lun_lcp4_tum_bulk_1_2_1_top47.clonotypes.IGHA	47	47	4	4	14982	7431	5978	580	0.9999999999999998	0.9999999999999998	0.39901214791082634	0.07805140627102679	-0.37259642576596885	-0.8	0.0018107741	0.1764750953071366	0.14569205731300502	0.3346673268097152	0.222902953423649	0.6348899382339025	0.27787673358743814	0.0444444444	0.15444564340591285	.	.
lun_lcp4_PBMC_bulk_1_1_1_top47.clonotypes.IGHA	lun_lcp4_tum_bulk_1_2_2_top47.clonotypes.IGHA	47	47	1	1	14982	6932	1309	134	0.9999999999999998	0.9999999999999999	0.08737151248164464	0.01933064050778996	0.0	0.0	4.526935E-4	0.0410968039925802	0.0410968039925802	0.4633475606812199	0.26972111042144814	0.6858160774278574	0.2451318431266901	0.0107526882	0.4218437265836598	.	.
lun_lcp4_PBMC_bulk_1_1_1_top47.clonotypes.IGHA	lun_lcp4_tum_PCsort_1_1_1_top47.clonotypes.IGHA	47	47	2	2	14982	17899	532	593	0.9999999999999998	0.9999999999999998	0.035509277800026696	0.033130342477233364	0.0	0.0	9.053871E-4	0.0342991914574397	0.03424276817258366	0.4441917917964518	0.3250008740532642	0.7054597904250671	0.3473033587196452	0.0217391304	0.9921016551555837	.	.
lun_lcp4_PBMC_bulk_1_1_1_top47.clonotypes.IGHA	lun_lcp4_tum_PCsort_1_2_1_top47.clonotypes.IGHA	47	47	2	2	14982	11206	5528	545	0.9999999999999998	0.9999999999999998	0.36897610465892405	0.048634660003569516	0.0	0.0	9.053871E-4	0.13395905120419543	0.12959069709925736	0.5158633312719243	0.3101578559056897	0.6926220916632687	0.21815999678468534	0.0217391304	0.20816781672329046	.	.
lun_lcp4_PBMC_bulk_1_1_2_top47.clonotypes.IGHA	lun_lcp4_PBMC_notPCsort_1_1_1_top47.clonotypes.IGHA	47	47	2	2	18421	16457	4451	1626	1.0	1.0	0.2416264046468704	0.09880294099775172	0.0	0.0	9.053871E-4	0.15451019190274673	0.15397379797025884	0.27028859768012964	0.1587960444932136	0.44535837951946716	0.19229969522973625	0.0217391304	0.7258460703016673	.	.
lun_lcp4_PBMC_bulk_1_1_2_top47.clonotypes.IGHA	lun_lcp4_PBMC_PCsort_1_1_1_top47.clonotypes.IGHA	47	47	8	8	18421	39968	8642	15962	1.0	0.9999999999999998	0.46913848325280927	0.3993694955964771	0.9565971990086071	0.8809523809523809	0.0036215482	0.4328505509082445	0.4246180013441929	0.16809403410233228	0.09401213936005605	0.333952601509855	0.07780174185222231	0.0930232558	0.9708320142570098	.	.
lun_lcp4_PBMC_bulk_1_1_2_top47.clonotypes.IGHA	lun_lcp4_tum_bulk_1_1_1_top47.clonotypes.IGHA	47	47	0	0	18421	6282	0	0	1.0	0.9999999999999999	0.0	0.0	0.0	0.0	0.0	0.0	0.0	0.5021257537537694	0.27873680207440743	0.6810941862975267	0.20899783328252716	0.0	NaN	.	.
lun_lcp4_PBMC_bulk_1_1_2_top47.clonotypes.IGHA	lun_lcp4_tum_bulk_1_1_2_top47.clonotypes.IGHA	47	47	0	0	18421	7593	0	0	1.0	1.0	0.0	0.0	0.0	0.0	0.0	0.0	0.0	0.5739635002703968	0.3623863270084007	0.7295774301478305	0.2950064934060048	0.0	NaN	.	.
lun_lcp4_PBMC_bulk_1_1_2_top47.clonotypes.IGHA	lun_lcp4_tum_bulk_1_2_1_top47.clonotypes.IGHA	47	47	3	3	18421	7431	5858	371	1.0	0.9999999999999998	0.31800662287606535	0.04992598573543265	-0.14498329499790685	-0.5	0.0013580806	0.12600315122044983	0.11728910070859824	0.34786616356389516	0.24247947424094501	0.6145730490936564	0.28545033908895673	0.032967033	0.212297319099699	.	.
lun_lcp4_PBMC_bulk_1_1_2_top47.clonotypes.IGHA	lun_lcp4_tum_bulk_1_2_2_top47.clonotypes.IGHA	47	47	1	1	18421	6932	1105	134	1.0	0.9999999999999999	0.05998588567395907	0.01933064050778996	0.0	0.0	4.526935E-4	0.034052394798379314	0.034052394798379314	0.4303878678300393	0.24597649530723767	0.6572725087274067	0.19226891981212088	0.0107526882	0.5838728039389883	.	.
lun_lcp4_PBMC_bulk_1_1_2_top47.clonotypes.IGHA	lun_lcp4_tum_PCsort_1_1_1_top47.clonotypes.IGHA	47	47	3	3	18421	17899	1153	1091	1.0	0.9999999999999998	0.06259160740459258	0.060953125872953796	-0.7708867621594937	-0.5	0.0013580806	0.061766933910650273	0.05563593587374625	0.41975850076073845	0.32146102393007897	0.6976808916623141	0.3826925396026947	0.032967033	0.664508223953668	.	.
lun_lcp4_PBMC_bulk_1_1_2_top47.clonotypes.IGHA	lun_lcp4_tum_PCsort_1_2_1_top47.clonotypes.IGHA	47	47	2	2	18421	11206	4801	545	1.0	0.9999999999999998	0.26062645893273984	0.048634660003569516	0.0	0.0	9.053871E-4	0.11258543075428576	0.10868711310357909	0.5651871807366152	0.3454058305684353	0.7558773304505002	0.2261439087275668	0.0217391304	0.28783859504212306	.	.
lun_lcp4_PBMC_notPCsort_1_1_1_top47.clonotypes.IGHA	lun_lcp4_PBMC_PCsort_1_1_1_top47.clonotypes.IGHA	47	47	2	2	16457	39968	1626	8484	1.0	0.9999999999999998	0.09880294099775172	0.21226981585268215	0.0	0.0	9.053871E-4	0.1448201715621694	0.14455165381956064	0.2453109919481416	0.14248028650017994	0.5224955689471393	0.25287921767326604	0.0217391304	0.7473178556127257	.	.
lun_lcp4_PBMC_notPCsort_1_1_1_top47.clonotypes.IGHA	lun_lcp4_tum_bulk_1_1_1_top47.clonotypes.IGHA	47	47	0	0	16457	6282	0	0	1.0	0.9999999999999999	0.0	0.0	0.0	0.0	0.0	0.0	0.0	0.3725085435280362	0.2420525517008502	0.6697559909294099	0.17630937343229078	0.0	NaN	.	.
lun_lcp4_PBMC_notPCsort_1_1_1_top47.clonotypes.IGHA	lun_lcp4_tum_bulk_1_1_2_top47.clonotypes.IGHA	47	47	2	2	16457	7593	1416	861	1.0	1.0	0.08604241356261773	0.11339391544843935	0.0	0.0	9.053871E-4	0.09877593921851174	0.07768601648044694	0.3470549663094657	0.21314875541996187	0.7230460304526948	0.3057167379638807	0.0217391304	0.4286154159459127	.	.
lun_lcp4_PBMC_notPCsort_1_1_1_top47.clonotypes.IGHA	lun_lcp4_tum_bulk_1_2_1_top47.clonotypes.IGHA	47	47	2	2	16457	7431	1802	411	1.0	0.9999999999999998	0.10949747827672116	0.05530884134033105	0.0	0.0	9.053871E-4	0.07782145368196046	0.0670411114527879	0.21742049988041492	0.14601668233803114	0.5750030908220575	0.113040951232835	0.0217391304	0.4594167486893899	.	.
lun_lcp4_PBMC_notPCsort_1_1_1_top47.clonotypes.IGHA	lun_lcp4_tum_bulk_1_2_2_top47.clonotypes.IGHA	47	47	1	1	16457	6932	358	45	1.0	0.9999999999999999	0.021753661056085557	0.006491633006347374	0.0	0.0	4.526935E-4	0.011883466839293089	0.011883466839293089	0.36607367325113793	0.20097459881852642	0.632975782662195	0.18395757434134902	0.0107526882	0.5480283426214108	.	.
lun_lcp4_PBMC_notPCsort_1_1_1_top47.clonotypes.IGHA	lun_lcp4_tum_PCsort_1_1_1_top47.clonotypes.IGHA	47	47	2	2	16457	17899	540	708	1.0	0.9999999999999998	0.03281278483320168	0.03955528241801218	0.0	0.0	9.053871E-4	0.036026642516320595	0.03602447014218966	0.3096706187941363	0.2176614223987039	0.7305090051735166	0.1739665745861961	0.0217391304	0.983680814598913	.	.
lun_lcp4_PBMC_notPCsort_1_1_1_top47.clonotypes.IGHA	lun_lcp4_tum_PCsort_1_2_1_top47.clonotypes.IGHA	47	47	2	2	16457	11206	1802	865	1.0	0.9999999999999998	0.10949747827672116	0.07719079064786721	0.0	0.0	9.053871E-4	0.09193583045868335	0.08074029119009556	0.40161867154861447	0.2386916624933707	0.6739575005357471	0.168504098697899	0.0217391304	0.5827550901307663	.	.
lun_lcp4_PBMC_PCsort_1_1_1_top47.clonotypes.IGHA	lun_lcp4_tum_bulk_1_1_1_top47.clonotypes.IGHA	47	47	0	0	39968	6282	0	0	0.9999999999999998	0.9999999999999999	0.0	0.0	0.0	0.0	0.0	0.0	0.0	0.4084506425128186	0.22388608940188556	0.7318320214361267	0.19937513283555	0.0	NaN	.	.
lun_lcp4_PBMC_PCsort_1_1_1_top47.clonotypes.IGHA	lun_lcp4_tum_bulk_1_1_2_top47.clonotypes.IGHA	47	47	0	0	39968	7593	0	0	0.9999999999999998	1.0	0.0	0.0	0.0	0.0	0.0	0.0	0.0	0.3952936994715273	0.26398334896285236	0.7765752262843636	0.36627017169144244	0.0	NaN	.	.
lun_lcp4_PBMC_PCsort_1_1_1_top47.clonotypes.IGHA	lun_lcp4_tum_bulk_1_2_1_top47.clonotypes.IGHA	47	47	4	4	39968	7431	10913	560	0.9999999999999998	0.9999999999999998	0.27304343474779824	0.07535997846857757	-0.254645335120823	-0.39999999999999997	0.0018107741	0.14344527654677425	0.12166024754671144	0.2901975398474213	0.19274132807019875	0.6714239115508854	0.33360812527722306	0.0444444444	0.22210080631456908	.	.
lun_lcp4_PBMC_PCsort_1_1_1_top47.clonotypes.IGHA	lun_lcp4_tum_bulk_1_2_2_top47.clonotypes.IGHA	47	47	2	2	39968	6932	3642	171	0.9999999999999998	0.9999999999999999	0.09112289831865493	0.024668205424120022	0.0	0.0	9.053871E-4	0.04741137389451798	0.04728269145825034	0.39003027160737647	0.20984746127261156	0.6556200618802647	0.2852614248848328	0.0217391304	0.48071438178442505	.	.
lun_lcp4_PBMC_PCsort_1_1_1_top47.clonotypes.IGHA	lun_lcp4_tum_PCsort_1_1_1_top47.clonotypes.IGHA	47	47	1	1	39968	17899	649	246	0.9999999999999998	0.9999999999999998	0.016237990392313852	0.013743784568970333	0.0	0.0	4.526935E-4	0.014938923715749125	0.014938923715749125	0.4214746625111932	0.3066600241892554	0.7695364535492476	0.37113632068969554	0.0107526882	0.9862537377521486	.	.
lun_lcp4_PBMC_PCsort_1_1_1_top47.clonotypes.IGHA	lun_lcp4_tum_PCsort_1_2_1_top47.clonotypes.IGHA	47	47	2	2	39968	11206	10898	545	0.9999999999999998	0.9999999999999998	0.2726681345076061	0.048634660003569516	0.0	0.0	9.053871E-4	0.11515694514698183	0.11273366434269345	0.50063257883897	0.2881650677421456	0.7635612659857884	0.2504279048078419	0.0217391304	0.29692801175450334	.	.
lun_lcp4_tum_bulk_1_1_1_top47.clonotypes.IGHA	lun_lcp4_tum_bulk_1_1_2_top47.clonotypes.IGHA	47	47	3	3	6282	7593	745	175	0.9999999999999999	1.0	0.11859280483922317	0.0230475437903332	-0.4488046352442763	-0.5	0.0013580806	0.05228071214846289	0.04151462378352311	0.37226178940165977	0.2652875098468229	0.6949984518485687	0.2575596344156826	0.032967033	0.1499376785711642	.	.
lun_lcp4_tum_bulk_1_1_1_top47.clonotypes.IGHA	lun_lcp4_tum_bulk_1_2_1_top47.clonotypes.IGHA	47	47	0	0	6282	7431	0	0	0.9999999999999999	0.9999999999999998	0.0	0.0	0.0	0.0	0.0	0.0	0.0	0.30300389324397864	0.20348855666015173	0.6620716722156649	0.23646461479750197	0.0	NaN	.	.
lun_lcp4_tum_bulk_1_1_1_top47.clonotypes.IGHA	lun_lcp4_tum_bulk_1_2_2_top47.clonotypes.IGHA	47	47	0	0	6282	6932	0	0	0.9999999999999999	0.9999999999999999	0.0	0.0	0.0	0.0	0.0	0.0	0.0	0.3171512410050724	0.19902552179015393	0.743479545831794	0.1460322877349418	0.0	NaN	.	.
lun_lcp4_tum_bulk_1_1_1_top47.clonotypes.IGHA	lun_lcp4_tum_PCsort_1_1_1_top47.clonotypes.IGHA	47	47	2	2	6282	17899	384	762	0.9999999999999999	0.9999999999999998	0.061127029608404965	0.04257221073803005	0.0	0.0	9.053871E-4	0.05101286883011794	0.04946092362547329	0.2928985273217299	0.25385966524056686	0.697321770844819	0.2048014379457167	0.0217391304	0.8239088205003976	.	.
lun_lcp4_tum_bulk_1_1_1_top47.clonotypes.IGHA	lun_lcp4_tum_PCsort_1_2_1_top47.clonotypes.IGHA	47	47	0	0	6282	11206	0	0	0.9999999999999999	0.9999999999999998	0.0	0.0	0.0	0.0	0.0	0.0	0.0	0.38744881156349775	0.25490080491195155	0.7079193278010039	0.2541270012223235	0.0	NaN	.	.
lun_lcp4_tum_bulk_1_1_2_top47.clonotypes.IGHA	lun_lcp4_tum_bulk_1_2_1_top47.clonotypes.IGHA	47	47	0	0	7593	7431	0	0	1.0	0.9999999999999998	0.0	0.0	0.0	0.0	0.0	0.0	0.0	0.30648348738274084	0.18926320362258597	0.8620655745793208	0.2395185928383149	0.0	NaN	.	.
lun_lcp4_tum_bulk_1_1_2_top47.clonotypes.IGHA	lun_lcp4_tum_bulk_1_2_2_top47.clonotypes.IGHA	47	47	0	0	7593	6932	0	0	1.0	0.9999999999999999	0.0	0.0	0.0	0.0	0.0	0.0	0.0	0.4520110895685457	0.25636155628058815	0.7301192882764433	0.25320826619964226	0.0	NaN	.	.
lun_lcp4_tum_bulk_1_1_2_top47.clonotypes.IGHA	lun_lcp4_tum_PCsort_1_1_1_top47.clonotypes.IGHA	47	47	2	2	7593	17899	158	978	1.0	0.9999999999999998	0.020808639536415117	0.05463992401810157	0.0	0.0	9.053871E-4	0.03371917085560952	0.032723693034026204	0.4184988226815629	0.23639246509569456	0.682980460677704	0.2221679175894832	0.0217391304	0.6272203473953837	.	.
lun_lcp4_tum_bulk_1_1_2_top47.clonotypes.IGHA	lun_lcp4_tum_PCsort_1_2_1_top47.clonotypes.IGHA	47	47	1	1	7593	11206	31	167	1.0	0.9999999999999998	0.004082707757144739	0.014902730679992862	0.0	0.0	4.526935E-4	0.007800223980748614	0.007800223980748614	0.3824473279646981	0.2320914618542136	0.6655143392140397	0.1646997015351293	0.0107526882	0.5096626203796368	.	.
lun_lcp4_tum_bulk_1_2_1_top47.clonotypes.IGHA	lun_lcp4_tum_bulk_1_2_2_top47.clonotypes.IGHA	47	47	2	2	7431	6932	452	105	0.9999999999999998	0.9999999999999999	0.0608262683353519	0.015147143681477206	0.0	0.0	9.053871E-4	0.030353652598718042	0.029668171292007127	0.34963062886867374	0.2208105643599741	0.818875605315873	0.21706624465157204	0.0217391304	0.41912216734070773	.	.
lun_lcp4_tum_bulk_1_2_1_top47.clonotypes.IGHA	lun_lcp4_tum_PCsort_1_1_1_top47.clonotypes.IGHA	47	47	1	1	7431	17899	289	462	0.9999999999999998	0.9999999999999998	0.03889113174539093	0.025811497849041846	0.0	0.0	4.526935E-4	0.03168340832980191	0.03168340832980191	0.2995046359332134	0.17604151703926846	0.7247874098820151	0.23631706656092452	0.0107526882	0.9214794978118898	.	.
lun_lcp4_tum_bulk_1_2_1_top47.clonotypes.IGHA	lun_lcp4_tum_PCsort_1_2_1_top47.clonotypes.IGHA	47	47	3	3	7431	11206	634	1563	0.9999999999999998	0.9999999999999998	0.08531826133763962	0.13947885061574156	0.7770434853550839	0.5	0.0013580806	0.10908754753823845	0.10853700815856902	0.40541181278565186	0.2303419244858279	0.6786739335379108	0.0872556102908293	0.032967033	0.8696593455992393	.	.
lun_lcp4_tum_bulk_1_2_2_top47.clonotypes.IGHA	lun_lcp4_tum_PCsort_1_1_1_top47.clonotypes.IGHA	47	47	1	1	6932	17899	45	462	0.9999999999999999	0.9999999999999998	0.006491633006347374	0.025811497849041846	0.0	0.0	4.526935E-4	0.012944449442911982	0.012944449442911982	0.38783238729579256	0.26383958451715794	0.7164486979346565	0.2327918879546685	0.0107526882	0.47307947779135123	.	.
lun_lcp4_tum_bulk_1_2_2_top47.clonotypes.IGHA	lun_lcp4_tum_PCsort_1_2_1_top47.clonotypes.IGHA	47	47	3	3	6932	11206	766	1447	0.9999999999999999	0.9999999999999998	0.11050201961915754	0.12912725325718366	0.4190658803954251	0.5	0.0013580806	0.11945217567207904	0.107179455522915	0.5555239973996765	0.30327696919625013	0.7380963427121527	0.20265481343465883	0.032967033	0.7804569518896629	.	.
lun_lcp4_tum_PCsort_1_1_1_top47.clonotypes.IGHA	lun_lcp4_tum_PCsort_1_2_1_top47.clonotypes.IGHA	47	47	1	1	17899	11206	462	581	0.9999999999999998	0.9999999999999998	0.025811497849041846	0.051847224701053005	0.0	0.0	4.526935E-4	0.03658216134743844	0.03658216134743844	0.4903881621611991	0.28294661486757094	0.6970332513355553	0.23430494658089215	0.0107526882	0.7979175074534347	.	.
