1_sample_id	2_sample_id	div1	div2	div12	div21	count1	count2	count12	count21	freq1	freq2	freq12	freq21	R	Rs	D	F	F2	vJSD	vjJSD	vj2JSD	sJSD	Jaccard	MorisitaHorn	1_metadata_blank	2_metadata_blank
lun_lcp4_norm_bulk_1_1_1_top105.clonotypes.IGH	lun_lcp4_norm_bulk_1_1_2_top105.clonotypes.IGH	105	105	24	24	15392	13037	3841	3044	1.0	1.0000000000000002	0.24954521829521834	0.23348929968551044	0.23208180097369804	0.3484123861569256	0.0021768707	0.24138379866846565	0.2218258224196818	0.163539220752693	0.08896324341337718	0.3711407527908774	0.06272784136109547	0.1290322581	0.7019049907952978	.	.
lun_lcp4_norm_bulk_1_1_1_top105.clonotypes.IGH	lun_lcp4_norm_bulk_1_2_1_top105.clonotypes.IGH	105	105	14	14	15392	17410	2329	5517	1.0	0.9999999999999998	0.15131237006237008	0.31688684663986216	0.44274692505003244	0.5736263736263734	0.0012698413	0.21897237224514954	0.18972871233417365	0.1952743898511729	0.12309766602115949	0.4293327232545625	0.12803501513054838	0.0714285714	0.2924637542992249	.	.
lun_lcp4_norm_bulk_1_1_1_top105.clonotypes.IGH	lun_lcp4_norm_bulk_1_2_2_top105.clonotypes.IGH	105	105	14	14	15392	12264	2470	2890	1.0	1.0000000000000002	0.160472972972973	0.23564905414220483	0.41393613553443476	0.28791208791208783	0.0012698413	0.1944615753727936	0.1754996061981596	0.21569181274435753	0.112243890213324	0.4571321377552818	0.08991794981347345	0.0714285714	0.5265962858013687	.	.
lun_lcp4_norm_bulk_1_1_1_top105.clonotypes.IGH	lun_lcp4_PBMC_bulk_1_1_1_top105.clonotypes.IGH	105	105	1	1	15392	33300	100	306	1.0	0.9999999999999996	0.006496881496881497	0.009189189189189189	0.0	0.0	9.07029E-5	0.007726646958065752	0.007726646958065752	0.22601306053302264	0.12796462714669898	0.46195044425704995	0.2140329681212398	0.004784689	0.9427676073581946	.	.
lun_lcp4_norm_bulk_1_1_1_top105.clonotypes.IGH	lun_lcp4_PBMC_bulk_1_1_2_top105.clonotypes.IGH	105	105	1	1	15392	40890	100	391	1.0	1.0000000000000002	0.006496881496881497	0.009562240156517486	0.0	0.0	9.07029E-5	0.007881924964221347	0.007881924964221347	0.22433033084715398	0.12419154359628157	0.4890430936561857	0.2459596705130261	0.004784689	0.9296916456795454	.	.
lun_lcp4_norm_bulk_1_1_1_top105.clonotypes.IGH	lun_lcp4_PBMC_notPCsort_1_1_1_top105.clonotypes.IGH	105	105	0	0	15392	26068	0	0	1.0	0.9999999999999998	0.0	0.0	0.0	0.0	0.0	0.0	0.0	0.1635346906067498	0.0883425522040039	0.48792764041470915	0.07897042495843906	0.0	NaN	.	.
lun_lcp4_norm_bulk_1_1_1_top105.clonotypes.IGH	lun_lcp4_PBMC_PCsort_1_1_1_top105.clonotypes.IGH	105	105	1	1	15392	81149	100	432	1.0	1.0	0.006496881496881497	0.005323540647450985	0.0	0.0	9.07029E-5	0.0058810214019607895	0.0058810214019607895	0.19403427913568796	0.10681004068699071	0.48804530046144806	0.22916092108989153	0.004784689	0.9804856492097396	.	.
lun_lcp4_norm_bulk_1_1_1_top105.clonotypes.IGH	lun_lcp4_tum_bulk_1_1_1_top105.clonotypes.IGH	105	105	3	3	15392	19404	506	181	1.0	0.9999999999999997	0.03287422037422038	0.009327973613687899	-0.8323806982812062	-1.0	2.721088E-4	0.017511420851012885	0.015664128772550266	0.14706367391003813	0.08247530807898446	0.44609731972706496	0.11683491993354443	0.0144927536	0.3067921000082452	.	.
lun_lcp4_norm_bulk_1_1_1_top105.clonotypes.IGH	lun_lcp4_tum_bulk_1_1_2_top105.clonotypes.IGH	105	105	3	3	15392	20700	506	439	1.0	0.9999999999999999	0.03287422037422038	0.021207729468599033	-0.5092287588273814	-0.5	2.721088E-4	0.026404309727534485	0.020886641431006332	0.229491853830701	0.12122551579234456	0.5576494983833162	0.15686035131707005	0.0144927536	0.424314956874057	.	.
lun_lcp4_norm_bulk_1_1_1_top105.clonotypes.IGH	lun_lcp4_tum_bulk_1_2_1_top105.clonotypes.IGH	105	105	1	1	15392	17354	111	184	1.0	1.0000000000000002	0.007211538461538462	0.010602742883485075	0.0	0.0	9.07029E-5	0.008744260294733673	0.008744260294733673	0.14385989149479358	0.08873999807953133	0.49196928865769746	0.11844417846566178	0.004784689	0.9300574344230631	.	.
lun_lcp4_norm_bulk_1_1_1_top105.clonotypes.IGH	lun_lcp4_tum_bulk_1_2_2_top105.clonotypes.IGH	105	105	1	1	15392	24332	303	460	1.0	1.0000000000000002	0.019685550935550935	0.018905145487423967	0.0	0.0	9.07029E-5	0.01929140234500036	0.01929140234500036	0.17844625940650063	0.10000546272554069	0.5270346673095188	0.075076703076817	0.004784689	0.9991824246703002	.	.
lun_lcp4_norm_bulk_1_1_1_top105.clonotypes.IGH	lun_lcp4_tum_notPCsort_1_1_1_top105.clonotypes.IGH	105	105	0	0	15392	4666	0	0	1.0	0.9999999999999979	0.0	0.0	0.0	0.0	0.0	0.0	0.0	0.3986081099952446	0.23007183622212307	0.686922740160768	0.2911464801502967	0.0	NaN	.	.
lun_lcp4_norm_bulk_1_1_1_top105.clonotypes.IGH	lun_lcp4_tum_PCsort_1_1_1_top105.clonotypes.IGH	105	105	1	1	15392	45004	65	1106	1.0	1.0000000000000004	0.004222972972972973	0.02457559328059728	0.0	0.0	9.07029E-5	0.010187348340895118	0.010187348340895118	0.1809564803923144	0.10545064602153234	0.48512866138560007	0.1118613691158188	0.004784689	0.33381533247416867	.	.
lun_lcp4_norm_bulk_1_1_1_top105.clonotypes.IGH	lun_lcp4_tum_PCsort_1_2_1_top105.clonotypes.IGH	105	105	1	1	15392	30653	553	46	1.0	1.0000000000000009	0.03592775467775468	0.0015006687763024827	0.0	0.0	9.07029E-5	0.007342728351747864	0.007342728351747864	0.24067407002556276	0.1512265496538191	0.5270979322342608	0.14096239489838888	0.004784689	0.08339264172700399	.	.
lun_lcp4_norm_bulk_1_1_2_top105.clonotypes.IGH	lun_lcp4_norm_bulk_1_2_1_top105.clonotypes.IGH	105	105	15	15	13037	17410	2321	5645	1.0000000000000002	0.9999999999999998	0.1780317557720334	0.32423894313612867	0.4298966954270813	0.43928571428571445	0.0013605442	0.24025991828890952	0.20858408176014367	0.2765677553260459	0.171806966522495	0.44847811069985477	0.09944081627241388	0.0769230769	0.3343196084185795	.	.
lun_lcp4_norm_bulk_1_1_2_top105.clonotypes.IGH	lun_lcp4_norm_bulk_1_2_2_top105.clonotypes.IGH	105	105	14	14	13037	12264	2282	2885	1.0000000000000002	1.0000000000000002	0.175040270000767	0.23524135681669928	0.4232109427883975	0.41804205714653	0.0012698413	0.20292045390384336	0.1843831873405317	0.23372003474120961	0.12983662962505782	0.4381235183931689	0.033806647033528585	0.0714285714	0.57205990470603	.	.
lun_lcp4_norm_bulk_1_1_2_top105.clonotypes.IGH	lun_lcp4_PBMC_bulk_1_1_1_top105.clonotypes.IGH	105	105	3	3	13037	33300	747	1467	1.0000000000000002	0.9999999999999996	0.057298458234256354	0.04405405405405405	-0.6827104613149751	-0.5	2.721088E-4	0.05024170952770106	0.037301589730363	0.258763983869003	0.14534142778491432	0.5233023406991743	0.21249708038750864	0.0144927536	0.33354734199046493	.	.
lun_lcp4_norm_bulk_1_1_2_top105.clonotypes.IGH	lun_lcp4_PBMC_bulk_1_1_2_top105.clonotypes.IGH	105	105	4	4	13037	40890	811	2253	1.0000000000000002	1.0000000000000002	0.06220756308966788	0.05509904622157007	-0.4106320412057018	-0.2000000000000001	3.628118E-4	0.058545515575566046	0.04409591967125764	0.2380065103232784	0.13142836981428668	0.5150248184914171	0.23068182494892425	0.0194174757	0.3379771220955469	.	.
lun_lcp4_norm_bulk_1_1_2_top105.clonotypes.IGH	lun_lcp4_PBMC_notPCsort_1_1_1_top105.clonotypes.IGH	105	105	1	1	13037	26068	87	128	1.0000000000000002	0.9999999999999998	0.006673314412825037	0.0049102347705999696	0.0	0.0	9.07029E-5	0.005724293883528292	0.005724293883528292	0.2554586616120233	0.1334202888841625	0.5507902206885087	0.10727763368006482	0.004784689	0.9547160556771059	.	.
lun_lcp4_norm_bulk_1_1_2_top105.clonotypes.IGH	lun_lcp4_PBMC_PCsort_1_1_1_top105.clonotypes.IGH	105	105	1	1	13037	81149	87	1163	1.0000000000000002	1.0	0.006673314412825037	0.0143316615115405	0.0	0.0	9.07029E-5	0.00977955435204964	0.00977955435204964	0.2544425021909153	0.13419962757285742	0.541113187872766	0.18359686467226216	0.004784689	0.765332840645588	.	.
lun_lcp4_norm_bulk_1_1_2_top105.clonotypes.IGH	lun_lcp4_tum_bulk_1_1_1_top105.clonotypes.IGH	105	105	3	3	13037	19404	587	366	1.0000000000000002	0.9999999999999997	0.04502569609572755	0.01886209029066172	-0.6114662173748268	-1.0	2.721088E-4	0.029142387430639717	0.02148412395201695	0.21368602438333534	0.1246598467631967	0.5066990693289111	0.08053732277644708	0.0144927536	0.24526862739864663	.	.
lun_lcp4_norm_bulk_1_1_2_top105.clonotypes.IGH	lun_lcp4_tum_bulk_1_1_2_top105.clonotypes.IGH	105	105	3	3	13037	20700	595	463	1.0000000000000002	0.9999999999999999	0.04563933420265399	0.022367149758454108	-0.6602214081162632	-0.5	2.721088E-4	0.031950302392730154	0.0239260062596487	0.2254775875419402	0.12883326963200906	0.5160699425814212	0.09425929198012198	0.0144927536	0.2932975537831357	.	.
lun_lcp4_norm_bulk_1_1_2_top105.clonotypes.IGH	lun_lcp4_tum_bulk_1_2_1_top105.clonotypes.IGH	105	105	2	2	13037	17354	187	256	1.0000000000000002	1.0000000000000002	0.01434379074940554	0.014751642272674888	0.0	0.0	1.814059E-4	0.014546287154093094	0.014280043952808038	0.20901246211176677	0.11748968277026554	0.4829160952598594	0.09169120470208916	0.0096153846	0.9357476250641698	.	.
lun_lcp4_norm_bulk_1_1_2_top105.clonotypes.IGH	lun_lcp4_tum_bulk_1_2_2_top105.clonotypes.IGH	105	105	0	0	13037	24332	0	0	1.0000000000000002	1.0000000000000002	0.0	0.0	0.0	0.0	0.0	0.0	0.0	0.2688337531700038	0.14846747138956384	0.5372897532475776	0.07590563544614531	0.0	NaN	.	.
lun_lcp4_norm_bulk_1_1_2_top105.clonotypes.IGH	lun_lcp4_tum_notPCsort_1_1_1_top105.clonotypes.IGH	105	105	0	0	13037	4666	0	0	1.0000000000000002	0.9999999999999979	0.0	0.0	0.0	0.0	0.0	0.0	0.0	0.4339604368442128	0.26466817733045617	0.6231133632222874	0.23048026961869464	0.0	NaN	.	.
lun_lcp4_norm_bulk_1_1_2_top105.clonotypes.IGH	lun_lcp4_tum_PCsort_1_1_1_top105.clonotypes.IGH	105	105	0	0	13037	45004	0	0	1.0000000000000002	1.0000000000000004	0.0	0.0	0.0	0.0	0.0	0.0	0.0	0.2297370847497549	0.13312835808976117	0.4837365913727563	0.07794200135435711	0.0	NaN	.	.
lun_lcp4_norm_bulk_1_1_2_top105.clonotypes.IGH	lun_lcp4_tum_PCsort_1_2_1_top105.clonotypes.IGH	105	105	1	1	13037	30653	56	46	1.0000000000000002	1.0000000000000009	0.004295466748485081	0.0015006687763024827	0.0	0.0	9.07029E-5	0.00253891174110033	0.00253891174110033	0.2730110972901045	0.16018201965435003	0.5498711279657736	0.07076708041803244	0.004784689	0.6227174757481319	.	.
lun_lcp4_norm_bulk_1_2_1_top105.clonotypes.IGH	lun_lcp4_norm_bulk_1_2_2_top105.clonotypes.IGH	105	105	16	16	17410	12264	6659	3981	0.9999999999999998	1.0000000000000002	0.3824813325674899	0.32460861056751467	0.8745519442057271	0.6151583711019969	0.0014512472	0.35235881418341786	0.3379124667367006	0.12551226337040639	0.0785777381336399	0.3010910437831827	0.07226098996903016	0.0824742268	0.8359367979319047	.	.
lun_lcp4_norm_bulk_1_2_1_top105.clonotypes.IGH	lun_lcp4_PBMC_bulk_1_1_1_top105.clonotypes.IGH	105	105	4	4	17410	33300	496	3082	0.9999999999999998	0.9999999999999996	0.02848937392303274	0.09255255255255256	0.8042134536532807	0.8	3.628118E-4	0.05134943307574883	0.0488392868012227	0.2993740451233933	0.16617287080581553	0.5399059457682587	0.18406000650888027	0.0194174757	0.4544190926085322	.	.
lun_lcp4_norm_bulk_1_2_1_top105.clonotypes.IGH	lun_lcp4_PBMC_bulk_1_1_2_top105.clonotypes.IGH	105	105	5	5	17410	40890	672	4474	0.9999999999999998	1.0000000000000002	0.038598506605399194	0.10941550501345071	0.6620772480820237	0.5	4.535147E-4	0.0649867301300409	0.06175451946715701	0.29637111937315674	0.17580339254145894	0.5746169716037154	0.20360982559263605	0.0243902439	0.4878504223487932	.	.
lun_lcp4_norm_bulk_1_2_1_top105.clonotypes.IGH	lun_lcp4_PBMC_notPCsort_1_1_1_top105.clonotypes.IGH	105	105	1	1	17410	26068	219	140	0.9999999999999998	0.9999999999999998	0.012578977599080988	0.0053705692803437165	0.0	0.0	9.07029E-5	0.00821926217319755	0.00821926217319755	0.25979822252243634	0.16016268542653997	0.5730240397771487	0.1450186985772408	0.004784689	0.7222423421461969	.	.
lun_lcp4_norm_bulk_1_2_1_top105.clonotypes.IGH	lun_lcp4_PBMC_PCsort_1_1_1_top105.clonotypes.IGH	105	105	2	2	17410	81149	324	6266	0.9999999999999998	1.0	0.018609994256174614	0.07721598540955527	0.0	0.0	1.814059E-4	0.03790763834580949	0.0373701199833857	0.2822962631267575	0.16863955718677576	0.5499212021950775	0.1828793213074496	0.0096153846	0.4558304961936489	.	.
lun_lcp4_norm_bulk_1_2_1_top105.clonotypes.IGH	lun_lcp4_tum_bulk_1_1_1_top105.clonotypes.IGH	105	105	3	3	17410	19404	800	215	0.9999999999999998	0.9999999999999997	0.04595060310166571	0.011080189651618222	-0.27859886855007926	0.5	2.721088E-4	0.02256416178307301	0.01994942461586266	0.2818020156704681	0.1944650733115711	0.5653263310847837	0.08821813144761732	0.0144927536	0.2739664916802642	.	.
lun_lcp4_norm_bulk_1_2_1_top105.clonotypes.IGH	lun_lcp4_tum_bulk_1_1_2_top105.clonotypes.IGH	105	105	2	2	17410	20700	704	178	0.9999999999999998	0.9999999999999999	0.040436530729465826	0.008599033816425121	0.0	0.0	1.814059E-4	0.018647120291390578	0.015775228749435193	0.2890297863491033	0.19795280021614525	0.5887248694461793	0.09640552825428607	0.0096153846	0.23699761306838224	.	.
lun_lcp4_norm_bulk_1_2_1_top105.clonotypes.IGH	lun_lcp4_tum_bulk_1_2_1_top105.clonotypes.IGH	105	105	2	2	17410	17354	379	765	0.9999999999999998	1.0000000000000002	0.02176909821941413	0.04408205601014176	0.0	0.0	1.814059E-4	0.03097784057997734	0.030940579255390663	0.2753393928542198	0.15959943486204975	0.6079798170919248	0.11946666395253881	0.0096153846	0.7864183501268714	.	.
lun_lcp4_norm_bulk_1_2_1_top105.clonotypes.IGH	lun_lcp4_tum_bulk_1_2_2_top105.clonotypes.IGH	105	105	1	1	17410	24332	105	134	0.9999999999999998	1.0000000000000002	0.0060310166570936245	0.00550715107677133	0.0	0.0	9.07029E-5	0.005763134553100333	0.005763134553100333	0.2948399916030197	0.18783159984899092	0.5699840261700013	0.08285066188385827	0.004784689	0.9958856456935327	.	.
lun_lcp4_norm_bulk_1_2_1_top105.clonotypes.IGH	lun_lcp4_tum_notPCsort_1_1_1_top105.clonotypes.IGH	105	105	0	0	17410	4666	0	0	0.9999999999999998	0.9999999999999979	0.0	0.0	0.0	0.0	0.0	0.0	0.0	0.4428513562302821	0.3057172503795667	0.7048807304905331	0.28450519508446576	0.0	NaN	.	.
lun_lcp4_norm_bulk_1_2_1_top105.clonotypes.IGH	lun_lcp4_tum_PCsort_1_1_1_top105.clonotypes.IGH	105	105	2	2	17410	45004	336	1028	0.9999999999999998	1.0000000000000004	0.019299253302699597	0.022842414007643766	0.0	0.0	1.814059E-4	0.02099622666048951	0.01983278829287188	0.30112202752911976	0.19863262613866053	0.5837020407487953	0.08401739837158598	0.0096153846	0.9129905584443697	.	.
lun_lcp4_norm_bulk_1_2_1_top105.clonotypes.IGH	lun_lcp4_tum_PCsort_1_2_1_top105.clonotypes.IGH	105	105	1	1	17410	30653	105	261	0.9999999999999998	1.0000000000000009	0.0060310166570936245	0.008514664143803218	0.0	0.0	9.07029E-5	0.007166036650815779	0.007166036650815779	0.3493824845132247	0.22421324104355275	0.6966873738095343	0.05816282443569943	0.004784689	0.9433420252708529	.	.
lun_lcp4_norm_bulk_1_2_2_top105.clonotypes.IGH	lun_lcp4_PBMC_bulk_1_1_1_top105.clonotypes.IGH	105	105	3	3	12264	33300	327	789	1.0000000000000002	0.9999999999999996	0.02666340508806262	0.023693693693693695	0.3074640442362414	-0.5	2.721088E-4	0.02513472802692382	0.023976608404590784	0.310684770395292	0.17681790089498386	0.5665857328948533	0.25618819235485085	0.0144927536	0.8459832355647378	.	.
lun_lcp4_norm_bulk_1_2_2_top105.clonotypes.IGH	lun_lcp4_PBMC_bulk_1_1_2_top105.clonotypes.IGH	105	105	3	3	12264	40890	340	878	1.0000000000000002	1.0000000000000002	0.027723418134377037	0.021472242602103203	0.9989302955957732	1.0	2.721088E-4	0.02439844175231056	0.024331285595450336	0.28009575148355553	0.16161745823269455	0.610745578802676	0.2891830366476416	0.0144927536	0.9530427380655773	.	.
lun_lcp4_norm_bulk_1_2_2_top105.clonotypes.IGH	lun_lcp4_PBMC_notPCsort_1_1_1_top105.clonotypes.IGH	105	105	1	1	12264	26068	62	266	1.0000000000000002	0.9999999999999998	0.005055446836268754	0.01020408163265306	0.0	0.0	9.07029E-5	0.00718235283224265	0.00718235283224265	0.27450838694094076	0.14517988068655951	0.6312145629450985	0.14718849815922289	0.004784689	0.7955870474149657	.	.
lun_lcp4_norm_bulk_1_2_2_top105.clonotypes.IGH	lun_lcp4_PBMC_PCsort_1_1_1_top105.clonotypes.IGH	105	105	3	3	12264	81149	361	1268	1.0000000000000002	1.0	0.029435746901500325	0.015625577641129283	0.13558533749148657	-0.5	2.721088E-4	0.02144645771762843	0.021295961280275857	0.2474810858096643	0.13956618450025998	0.5262084714178309	0.22550221879753232	0.0144927536	0.7956048447356119	.	.
lun_lcp4_norm_bulk_1_2_2_top105.clonotypes.IGH	lun_lcp4_tum_bulk_1_1_1_top105.clonotypes.IGH	105	105	1	1	12264	19404	299	43	1.0000000000000002	0.9999999999999997	0.02438030006523157	0.0022160379303236446	0.0	0.0	9.07029E-5	0.007350351671670219	0.007350351671670219	0.24495396682999937	0.1409806920002029	0.5700297100363595	0.07538243667958415	0.004784689	0.18029962034589148	.	.
lun_lcp4_norm_bulk_1_2_2_top105.clonotypes.IGH	lun_lcp4_tum_bulk_1_1_2_top105.clonotypes.IGH	105	105	2	2	12264	20700	427	188	1.0000000000000002	0.9999999999999999	0.034817351598173514	0.009082125603864734	0.0	0.0	1.814059E-4	0.017782450911180168	0.015326925299945726	0.2835643527823491	0.15767411290706704	0.6028561275924129	0.06997095219969676	0.0096153846	0.315143523779182	.	.
lun_lcp4_norm_bulk_1_2_2_top105.clonotypes.IGH	lun_lcp4_tum_bulk_1_2_1_top105.clonotypes.IGH	105	105	0	0	12264	17354	0	0	1.0000000000000002	1.0000000000000002	0.0	0.0	0.0	0.0	0.0	0.0	0.0	0.23181118114643193	0.12684532926176942	0.5865045134992176	0.10502743783114837	0.0	NaN	.	.
lun_lcp4_norm_bulk_1_2_2_top105.clonotypes.IGH	lun_lcp4_tum_bulk_1_2_2_top105.clonotypes.IGH	105	105	2	2	12264	24332	114	735	1.0000000000000002	1.0000000000000002	0.009295499021526418	0.030207134637514385	0.0	0.0	1.814059E-4	0.016756801319647248	0.016237347210455298	0.27595768156740463	0.1460449316474103	0.5550432536941409	0.08492531287730169	0.0096153846	0.4589843030355207	.	.
lun_lcp4_norm_bulk_1_2_2_top105.clonotypes.IGH	lun_lcp4_tum_notPCsort_1_1_1_top105.clonotypes.IGH	105	105	0	0	12264	4666	0	0	1.0000000000000002	0.9999999999999979	0.0	0.0	0.0	0.0	0.0	0.0	0.0	0.41193048696939893	0.23904059018230214	0.712795097990265	0.2591093442137146	0.0	NaN	.	.
lun_lcp4_norm_bulk_1_2_2_top105.clonotypes.IGH	lun_lcp4_tum_PCsort_1_1_1_top105.clonotypes.IGH	105	105	0	0	12264	45004	0	0	1.0000000000000002	1.0000000000000004	0.0	0.0	0.0	0.0	0.0	0.0	0.0	0.23858589777212694	0.13524387285369305	0.5743773963529639	0.0670827156598766	0.0	NaN	.	.
lun_lcp4_norm_bulk_1_2_2_top105.clonotypes.IGH	lun_lcp4_tum_PCsort_1_2_1_top105.clonotypes.IGH	105	105	1	1	12264	30653	65	605	1.0000000000000002	1.0000000000000009	0.005300065231572081	0.01973705673180439	0.0	0.0	9.07029E-5	0.01022778999382575	0.01022778999382575	0.2807185874950002	0.16636350703870068	0.6463304620529049	0.0865266376919853	0.004784689	0.5009441729390136	.	.
lun_lcp4_PBMC_bulk_1_1_1_top105.clonotypes.IGH	lun_lcp4_PBMC_bulk_1_1_2_top105.clonotypes.IGH	105	105	32	32	33300	40890	20628	25553	0.9999999999999996	1.0000000000000002	0.6194594594594595	0.6249205184641722	0.9506304292838742	0.644794721407625	0.0029024943	0.6221839973616657	0.6103945693195382	0.05944309142183323	0.03470735998641887	0.16291614157428944	0.011214215003049687	0.1797752809	0.9653389138137071	.	.
lun_lcp4_PBMC_bulk_1_1_1_top105.clonotypes.IGH	lun_lcp4_PBMC_notPCsort_1_1_1_top105.clonotypes.IGH	105	105	10	10	33300	26068	12755	3896	0.9999999999999996	0.9999999999999998	0.38303303303303304	0.14945527083013657	0.6200174203155796	0.2606060606060608	9.070295E-4	0.23926200218346538	0.2116368654984016	0.19910937768241085	0.12418042027502137	0.42776148345333265	0.11949737048546562	0.05	0.50159241037968	.	.
lun_lcp4_PBMC_bulk_1_1_1_top105.clonotypes.IGH	lun_lcp4_PBMC_PCsort_1_1_1_top105.clonotypes.IGH	105	105	24	24	33300	81149	18436	36774	0.9999999999999996	1.0	0.5536336336336335	0.4531663976142651	0.922045461752332	0.5669565217391307	0.0021768707	0.5008873719229199	0.4858754294241101	0.11131968403185447	0.06526114064436447	0.24018648823317718	0.040677016581050295	0.1290322581	0.895253777162663	.	.
lun_lcp4_PBMC_bulk_1_1_1_top105.clonotypes.IGH	lun_lcp4_tum_bulk_1_1_1_top105.clonotypes.IGH	105	105	1	1	33300	19404	307	48	0.9999999999999996	0.9999999999999997	0.00921921921921922	0.0024737167594310453	0.0	0.0	9.07029E-5	0.00477553526753299	0.00477553526753299	0.29827334298826	0.18120573007277357	0.5285624205055343	0.17145813219748765	0.004784689	0.5006018373543446	.	.
lun_lcp4_PBMC_bulk_1_1_1_top105.clonotypes.IGH	lun_lcp4_tum_bulk_1_1_2_top105.clonotypes.IGH	105	105	1	1	33300	20700	498	151	0.9999999999999996	0.9999999999999999	0.014954954954954955	0.007294685990338164	0.0	0.0	9.07029E-5	0.010444697238122714	0.010444697238122714	0.3112837452250556	0.1900856714205081	0.5692422742829109	0.23514284836282429	0.004784689	0.7880551215595397	.	.
lun_lcp4_PBMC_bulk_1_1_1_top105.clonotypes.IGH	lun_lcp4_tum_bulk_1_2_1_top105.clonotypes.IGH	105	105	4	4	33300	17354	5978	580	0.9999999999999996	1.0000000000000002	0.1795195195195195	0.03342168952402905	-0.3725964257659691	-0.8	3.628118E-4	0.0774586705597524	0.06394734084682063	0.2544877280099385	0.15421714299359088	0.4898650133878551	0.2419526163816223	0.0194174757	0.14726973546397418	.	.
lun_lcp4_PBMC_bulk_1_1_1_top105.clonotypes.IGH	lun_lcp4_tum_bulk_1_2_2_top105.clonotypes.IGH	105	105	3	3	33300	24332	5348	497	0.9999999999999996	1.0000000000000002	0.1606006006006006	0.02042577675489068	0.9094043354716966	0.5	2.721088E-4	0.057274706586496194	0.05183332613179676	0.30343944947646506	0.19334857861122104	0.5483028009556167	0.18522354507116578	0.0144927536	0.16171014048952503	.	.
lun_lcp4_PBMC_bulk_1_1_1_top105.clonotypes.IGH	lun_lcp4_tum_notPCsort_1_1_1_top105.clonotypes.IGH	105	105	0	0	33300	4666	0	0	0.9999999999999996	0.9999999999999979	0.0	0.0	0.0	0.0	0.0	0.0	0.0	0.4630452369943795	0.31003269679065754	0.7213773540273974	0.2583400317996604	0.0	NaN	.	.
lun_lcp4_PBMC_bulk_1_1_1_top105.clonotypes.IGH	lun_lcp4_tum_PCsort_1_1_1_top105.clonotypes.IGH	105	105	3	3	33300	45004	803	2084	0.9999999999999996	1.0000000000000004	0.024114114114114113	0.046306994933783666	0.26019217999759425	0.5	2.721088E-4	0.033416345702589376	0.03090516556292954	0.3280838689548865	0.20846827908438928	0.5213654033116703	0.22583309151325368	0.0144927536	0.544286470721103	.	.
lun_lcp4_PBMC_bulk_1_1_1_top105.clonotypes.IGH	lun_lcp4_tum_PCsort_1_2_1_top105.clonotypes.IGH	105	105	3	3	33300	30653	5940	1122	0.9999999999999996	1.0000000000000009	0.1783783783783784	0.0366032688480736	-0.5892310197188316	-0.5	2.721088E-4	0.08080366167734716	0.06896676421417332	0.33522014213427737	0.21523280986839718	0.5721503950414693	0.18012833667206907	0.0144927536	0.19620768680105694	.	.
lun_lcp4_PBMC_bulk_1_1_2_top105.clonotypes.IGH	lun_lcp4_PBMC_notPCsort_1_1_1_top105.clonotypes.IGH	105	105	10	10	40890	26068	14990	3637	1.0000000000000002	0.9999999999999998	0.3665932990951333	0.1395197176615007	0.45240010241190026	0.036474332620803816	9.070295E-4	0.22615701091575974	0.19582779694529323	0.20780620544308898	0.12886789304702898	0.4177055806073899	0.15359995252505323	0.05	0.4464949821212803	.	.
lun_lcp4_PBMC_bulk_1_1_2_top105.clonotypes.IGH	lun_lcp4_PBMC_PCsort_1_1_1_top105.clonotypes.IGH	105	105	22	22	40890	81149	22526	34226	1.0000000000000002	1.0	0.5508926387869895	0.42176736620291067	0.8325262354866865	0.6758893280632411	0.0019954649	0.48202545298123	0.4679139005717591	0.11364070525337736	0.060470387753587075	0.23236176357527147	0.04636329903879249	0.1170212766	0.861406874326843	.	.
lun_lcp4_PBMC_bulk_1_1_2_top105.clonotypes.IGH	lun_lcp4_tum_bulk_1_1_1_top105.clonotypes.IGH	105	105	1	1	40890	19404	931	48	1.0000000000000002	0.9999999999999997	0.02276840303252629	0.0024737167594310453	0.0	0.0	9.07029E-5	0.007504837117955387	0.007504837117955387	0.3149581216726792	0.178509847176934	0.5535153390209315	0.19085853417064993	0.004784689	0.2147587855207944	.	.
lun_lcp4_PBMC_bulk_1_1_2_top105.clonotypes.IGH	lun_lcp4_tum_bulk_1_1_2_top105.clonotypes.IGH	105	105	1	1	40890	20700	312	151	1.0000000000000002	0.9999999999999999	0.007630227439471753	0.007294685990338164	0.0	0.0	9.07029E-5	0.007460570568382049	0.007460570568382049	0.3460364932887316	0.20145788806702003	0.6190560396386312	0.2681889435819748	0.004784689	0.998989632770056	.	.
lun_lcp4_PBMC_bulk_1_1_2_top105.clonotypes.IGH	lun_lcp4_tum_bulk_1_2_1_top105.clonotypes.IGH	105	105	3	3	40890	17354	5858	371	1.0000000000000002	1.0000000000000002	0.14326241134751772	0.02137835657485306	-0.14498329499790663	-0.5	2.721088E-4	0.05534180077988526	0.05151450564685306	0.28929716913516973	0.17949643218105787	0.5471748937472772	0.25634239654552976	0.0144927536	0.20216478350226535	.	.
lun_lcp4_PBMC_bulk_1_1_2_top105.clonotypes.IGH	lun_lcp4_tum_bulk_1_2_2_top105.clonotypes.IGH	105	105	3	3	40890	24332	7103	617	1.0000000000000002	1.0000000000000002	0.17370995353387136	0.025357553838566495	0.0057258023750830665	-0.5	2.721088E-4	0.06636911555106055	0.05808393951487531	0.30725133161288637	0.1902039787282941	0.5181430449032199	0.19063515649915522	0.0144927536	0.15221225235755861	.	.
lun_lcp4_PBMC_bulk_1_1_2_top105.clonotypes.IGH	lun_lcp4_tum_notPCsort_1_1_1_top105.clonotypes.IGH	105	105	0	0	40890	4666	0	0	1.0000000000000002	0.9999999999999979	0.0	0.0	0.0	0.0	0.0	0.0	0.0	0.4814901586487508	0.30791279550268974	0.7173171493347692	0.24838912236846408	0.0	NaN	.	.
lun_lcp4_PBMC_bulk_1_1_2_top105.clonotypes.IGH	lun_lcp4_tum_PCsort_1_1_1_top105.clonotypes.IGH	105	105	4	4	40890	45004	1341	1271	1.0000000000000002	1.0000000000000004	0.032795304475421866	0.02824193405030664	-0.3077722678860347	-0.0	3.628118E-4	0.030433580567435548	0.027838333216497247	0.34924296526034804	0.22092866648610787	0.5812433028680997	0.2602456849026425	0.0194174757	0.6653234778497497	.	.
lun_lcp4_PBMC_bulk_1_1_2_top105.clonotypes.IGH	lun_lcp4_tum_PCsort_1_2_1_top105.clonotypes.IGH	105	105	3	3	40890	30653	5759	1122	1.0000000000000002	1.0000000000000009	0.1408412814869161	0.0366032688480736	-0.48469980812695157	-0.5	2.721088E-4	0.071800078629294	0.06510805669560901	0.3278417377515797	0.21795308274479816	0.5704231624730349	0.18231458811174966	0.0144927536	0.30286360790856637	.	.
lun_lcp4_PBMC_notPCsort_1_1_1_top105.clonotypes.IGH	lun_lcp4_PBMC_PCsort_1_1_1_top105.clonotypes.IGH	105	105	7	7	26068	81149	2668	19327	0.9999999999999998	1.0	0.10234770599969312	0.23816682891964164	0.869240954409922	0.5714285714285714	6.349206E-4	0.15612760353360544	0.14982931660241305	0.19264955776686288	0.11482672696951278	0.4468158496804443	0.12557108689930943	0.0344827586	0.7275422933299822	.	.
lun_lcp4_PBMC_notPCsort_1_1_1_top105.clonotypes.IGH	lun_lcp4_tum_bulk_1_1_1_top105.clonotypes.IGH	105	105	1	1	26068	19404	121	268	0.9999999999999998	0.9999999999999997	0.004641706306582783	0.013811585240156668	0.0	0.0	9.07029E-5	0.008006829729246207	0.008006829729246207	0.23992895760837796	0.14268039000016391	0.4981929834937802	0.10290514986536936	0.004784689	0.6039351347381144	.	.
lun_lcp4_PBMC_notPCsort_1_1_1_top105.clonotypes.IGH	lun_lcp4_tum_bulk_1_1_2_top105.clonotypes.IGH	105	105	2	2	26068	20700	1416	861	0.9999999999999998	0.9999999999999999	0.05431947214976216	0.041594202898550724	0.0	0.0	1.814059E-4	0.047532884889720114	0.0373840077666803	0.26445515292568517	0.14489524000232726	0.5667668432262757	0.18534365705480482	0.0096153846	0.44075043359091093	.	.
lun_lcp4_PBMC_notPCsort_1_1_1_top105.clonotypes.IGH	lun_lcp4_tum_bulk_1_2_1_top105.clonotypes.IGH	105	105	3	3	26068	17354	1930	483	0.9999999999999998	1.0000000000000002	0.07403713365045267	0.027832200069148324	-0.1369962013031339	0.5	2.721088E-4	0.045394011899210586	0.039370262991620976	0.136239052242926	0.0752130788296683	0.46296539164136374	0.10244328407274837	0.0144927536	0.3522618440496182	.	.
lun_lcp4_PBMC_notPCsort_1_1_1_top105.clonotypes.IGH	lun_lcp4_tum_bulk_1_2_2_top105.clonotypes.IGH	105	105	1	1	26068	24332	356	215	0.9999999999999998	1.0000000000000002	0.013656590455731164	0.008836100608252507	0.0	0.0	9.07029E-5	0.01098503560451861	0.01098503560451861	0.16186751246590594	0.08906449251304928	0.48805799521043597	0.09192734773599244	0.004784689	0.9121732626100444	.	.
lun_lcp4_PBMC_notPCsort_1_1_1_top105.clonotypes.IGH	lun_lcp4_tum_notPCsort_1_1_1_top105.clonotypes.IGH	105	105	0	0	26068	4666	0	0	0.9999999999999998	0.9999999999999979	0.0	0.0	0.0	0.0	0.0	0.0	0.0	0.3813484050038072	0.2301215644817841	0.6653214936731165	0.2822400861059891	0.0	NaN	.	.
lun_lcp4_PBMC_notPCsort_1_1_1_top105.clonotypes.IGH	lun_lcp4_tum_PCsort_1_1_1_top105.clonotypes.IGH	105	105	2	2	26068	45004	540	708	0.9999999999999998	1.0000000000000004	0.02071505293846862	0.015731934939116524	0.0	0.0	1.814059E-4	0.01805236452901234	0.01805127598767276	0.249131796802726	0.1297356888526663	0.5651215788437605	0.12763256975686155	0.0096153846	0.9615663775741434	.	.
lun_lcp4_PBMC_notPCsort_1_1_1_top105.clonotypes.IGH	lun_lcp4_tum_PCsort_1_2_1_top105.clonotypes.IGH	105	105	2	2	26068	30653	1802	865	0.9999999999999998	1.0000000000000009	0.0691268988798527	0.02821909764134016	0.0	0.0	1.814059E-4	0.04416671494614028	0.03878828752478517	0.18630892992964102	0.11611068673541643	0.5708362575316627	0.12154867251136073	0.0096153846	0.4178781463301659	.	.
lun_lcp4_PBMC_PCsort_1_1_1_top105.clonotypes.IGH	lun_lcp4_tum_bulk_1_1_1_top105.clonotypes.IGH	105	105	1	1	81149	19404	2005	48	1.0	0.9999999999999997	0.024707636569766725	0.0024737167594310453	0.0	0.0	9.07029E-5	0.00781790858660827	0.00781790858660827	0.2679506281459992	0.14920195634894984	0.5594467967506238	0.15664309405028365	0.004784689	0.1982517839462003	.	.
lun_lcp4_PBMC_PCsort_1_1_1_top105.clonotypes.IGH	lun_lcp4_tum_bulk_1_1_2_top105.clonotypes.IGH	105	105	1	1	81149	20700	442	151	1.0	0.9999999999999999	0.0054467707550308695	0.007294685990338164	0.0	0.0	9.07029E-5	0.0063033707109218405	0.0063033707109218405	0.31190603931252836	0.18078753270800452	0.6308220545311423	0.19788598778883204	0.004784689	0.9587982529360302	.	.
lun_lcp4_PBMC_PCsort_1_1_1_top105.clonotypes.IGH	lun_lcp4_tum_bulk_1_2_1_top105.clonotypes.IGH	105	105	4	4	81149	17354	10913	560	1.0	1.0000000000000002	0.13448101640192733	0.03226921747147632	-0.25464533512082305	-0.39999999999999997	3.628118E-4	0.06587561888938097	0.05587109101331461	0.22878589342771216	0.140146541697558	0.5328950785305911	0.21479501797113473	0.0194174757	0.19487842304217026	.	.
lun_lcp4_PBMC_PCsort_1_1_1_top105.clonotypes.IGH	lun_lcp4_tum_bulk_1_2_2_top105.clonotypes.IGH	105	105	2	2	81149	24332	7774	349	1.0	1.0000000000000002	0.09579908563260175	0.014343251685023838	0.0	0.0	1.814059E-4	0.037068455544081655	0.03706648580828689	0.26889223962633435	0.15935726916995913	0.5118438910433055	0.18681260601991714	0.0096153846	0.29401842781560833	.	.
lun_lcp4_PBMC_PCsort_1_1_1_top105.clonotypes.IGH	lun_lcp4_tum_notPCsort_1_1_1_top105.clonotypes.IGH	105	105	0	0	81149	4666	0	0	1.0	0.9999999999999979	0.0	0.0	0.0	0.0	0.0	0.0	0.0	0.5202063727978606	0.31542798246925047	0.7830381125720163	0.22045551751617162	0.0	NaN	.	.
lun_lcp4_PBMC_PCsort_1_1_1_top105.clonotypes.IGH	lun_lcp4_tum_PCsort_1_1_1_top105.clonotypes.IGH	105	105	3	3	81149	45004	1727	1193	1.0	1.0000000000000004	0.021281839579045954	0.026508754777353125	0.2124432297142124	-0.5	2.721088E-4	0.023751948690831606	0.023318345274926183	0.32641507861650376	0.20080849323515115	0.6012530804477281	0.2118032951821911	0.0144927536	0.9023482527653128	.	.
lun_lcp4_PBMC_PCsort_1_1_1_top105.clonotypes.IGH	lun_lcp4_tum_PCsort_1_2_1_top105.clonotypes.IGH	105	105	3	3	81149	30653	11304	1122	1.0	1.0000000000000009	0.13929931360830078	0.0366032688480736	-0.7304389695598686	-0.5	2.721088E-4	0.0714059537178571	0.05754073574167347	0.29526348408712544	0.1857881088739598	0.5804176120473626	0.16778045023077937	0.0144927536	0.2321969181425542	.	.
lun_lcp4_tum_bulk_1_1_1_top105.clonotypes.IGH	lun_lcp4_tum_bulk_1_1_2_top105.clonotypes.IGH	105	105	20	20	19404	20700	6107	7918	0.9999999999999997	0.9999999999999999	0.31472892187177914	0.382512077294686	0.7809674653720997	0.569387027855544	0.001814059	0.3469691826227384	0.31312097683037593	0.14214909217221494	0.07766613125121355	0.3476155223917201	0.05998843884152402	0.1052631579	0.8108280170155904	.	.
lun_lcp4_tum_bulk_1_1_1_top105.clonotypes.IGH	lun_lcp4_tum_bulk_1_2_1_top105.clonotypes.IGH	105	105	9	9	19404	17354	3266	2707	0.9999999999999997	1.0000000000000002	0.16831581117295402	0.1559870923130114	-0.008087582711151795	0.05857791861290026	8.163265E-4	0.16203423704629516	0.11757078136228306	0.174901415538455	0.12750992211430784	0.4723682472918115	0.08851652026841246	0.0447761194	0.31388912498852073	.	.
lun_lcp4_tum_bulk_1_1_1_top105.clonotypes.IGH	lun_lcp4_tum_bulk_1_2_2_top105.clonotypes.IGH	105	105	8	8	19404	24332	3805	3724	0.9999999999999997	1.0000000000000002	0.19609358895073178	0.1530494821634062	-0.18772685742944448	-0.09523809523809507	7.256236E-4	0.17323978251104258	0.1213880217887656	0.17360428181033488	0.10359375297496226	0.444632615675596	0.06525559925329487	0.0396039604	0.2669744385383016	.	.
lun_lcp4_tum_bulk_1_1_1_top105.clonotypes.IGH	lun_lcp4_tum_notPCsort_1_1_1_top105.clonotypes.IGH	105	105	5	5	19404	4666	3981	2279	0.9999999999999997	0.9999999999999979	0.2051638837353123	0.48842691813116157	0.3250392100076397	0.0	4.535147E-4	0.3165557825165393	0.269196866770152	0.34192051372558274	0.1885786647987318	0.48051747520230437	0.14637080445705833	0.0243902439	0.5763260651785659	.	.
lun_lcp4_tum_bulk_1_1_1_top105.clonotypes.IGH	lun_lcp4_tum_PCsort_1_1_1_top105.clonotypes.IGH	105	105	13	13	19404	45004	5106	11768	0.9999999999999997	1.0000000000000004	0.26314162028447746	0.26148786774508936	0.9340526457577984	0.23076923076923095	0.0011791383	0.2623134407596682	0.24503150360607914	0.07737109102255109	0.06754716806959096	0.3624269299386379	0.08131674894931307	0.0659898477	0.9444603151154295	.	.
lun_lcp4_tum_bulk_1_1_1_top105.clonotypes.IGH	lun_lcp4_tum_PCsort_1_2_1_top105.clonotypes.IGH	105	105	5	5	19404	30653	2866	5083	0.9999999999999997	1.0000000000000009	0.14770150484436198	0.1658238997814243	-0.2661709102930633	-0.09999999999999983	4.535147E-4	0.1565006055479564	0.09188604573702044	0.18485715003569353	0.1330652928775322	0.4726750491113651	0.07807082920612113	0.0243902439	0.23959124923784092	.	.
lun_lcp4_tum_bulk_1_1_2_top105.clonotypes.IGH	lun_lcp4_tum_bulk_1_2_1_top105.clonotypes.IGH	105	105	5	5	20700	17354	3476	2028	0.9999999999999999	1.0000000000000002	0.16792270531400966	0.11686066612884638	-0.3297346780068141	-0.6	4.535147E-4	0.14008411473523022	0.10377003208314857	0.14830043935665432	0.10433258862756059	0.5074035991181436	0.15389548499051833	0.0243902439	0.3096589874783381	.	.
lun_lcp4_tum_bulk_1_1_2_top105.clonotypes.IGH	lun_lcp4_tum_bulk_1_2_2_top105.clonotypes.IGH	105	105	9	9	20700	24332	4306	4190	0.9999999999999999	1.0000000000000002	0.20801932367149756	0.17220121650501394	-0.21564490874487213	0.19999999999999993	8.163265E-4	0.1892648424636285	0.13419620414077033	0.20474349642504228	0.11488116576869109	0.48892714602846826	0.13397058920444246	0.0447761194	0.24294078448680906	.	.
lun_lcp4_tum_bulk_1_1_2_top105.clonotypes.IGH	lun_lcp4_tum_notPCsort_1_1_1_top105.clonotypes.IGH	105	105	7	7	20700	4666	6196	2743	0.9999999999999999	0.9999999999999979	0.29932367149758454	0.5878696956708102	0.30228041306680475	0.0714285714285713	6.349206E-4	0.41947981556965835	0.3504040141751559	0.3230627196240071	0.17784370370695843	0.4837193454890235	0.17361699331618935	0.0344827586	0.5982810699298783	.	.
lun_lcp4_tum_bulk_1_1_2_top105.clonotypes.IGH	lun_lcp4_tum_PCsort_1_1_1_top105.clonotypes.IGH	105	105	10	10	20700	45004	4314	11349	0.9999999999999999	1.0000000000000004	0.2084057971014493	0.25217758421473646	0.9566927322639905	0.16363636363636344	9.070295E-4	0.22924936302940954	0.21276539301574374	0.14808977647101115	0.08634001950055013	0.366006510015728	0.059473127458725086	0.05	0.9279653910286789	.	.
lun_lcp4_tum_bulk_1_1_2_top105.clonotypes.IGH	lun_lcp4_tum_PCsort_1_2_1_top105.clonotypes.IGH	105	105	5	5	20700	30653	3467	5217	0.9999999999999999	1.0000000000000009	0.16748792270531399	0.17019541317326198	-0.2015249940862126	0.2000000000000001	4.535147E-4	0.168836240796703	0.11451966690821752	0.18965413904053463	0.13032818784977562	0.497675813901862	0.10569061402966991	0.0243902439	0.3030087682684807	.	.
lun_lcp4_tum_bulk_1_2_1_top105.clonotypes.IGH	lun_lcp4_tum_bulk_1_2_2_top105.clonotypes.IGH	105	105	14	14	17354	24332	3314	5265	1.0000000000000002	1.0000000000000002	0.19096461910798662	0.21638171954627652	0.701770702053529	0.5918595440653501	0.0012698413	0.20327629634339042	0.19178068351452596	0.19115016179146	0.1129441661592731	0.4790333793905465	0.0766788580714327	0.0714285714	0.8459385433450638	.	.
lun_lcp4_tum_bulk_1_2_1_top105.clonotypes.IGH	lun_lcp4_tum_notPCsort_1_1_1_top105.clonotypes.IGH	105	105	2	2	17354	4666	672	910	1.0000000000000002	0.9999999999999979	0.03872306096577158	0.19502786112301757	0.0	0.0	1.814059E-4	0.08690267979924808	0.08200258436270892	0.3263140883166245	0.22161675979489862	0.5907806293855673	0.27255763219085727	0.0096153846	0.2811343400999629	.	.
lun_lcp4_tum_bulk_1_2_1_top105.clonotypes.IGH	lun_lcp4_tum_PCsort_1_1_1_top105.clonotypes.IGH	105	105	9	9	17354	45004	2789	9485	1.0000000000000002	1.0000000000000004	0.1607122277284776	0.2107590436405653	0.041534096891319414	0.31666666666666665	8.163265E-4	0.18404226530174714	0.16074944008674605	0.1357812863433651	0.08113044277185748	0.46193536543646696	0.08610045546183404	0.0447761194	0.4909586629522352	.	.
lun_lcp4_tum_bulk_1_2_1_top105.clonotypes.IGH	lun_lcp4_tum_PCsort_1_2_1_top105.clonotypes.IGH	105	105	11	11	17354	30653	3450	8696	1.0000000000000002	1.0000000000000009	0.1988014290653452	0.28369164518970413	0.7471855626422684	0.7454545454545453	9.977324E-4	0.23748327199533875	0.23030149428387914	0.12653535998927093	0.07534721792939461	0.4463525986609982	0.0714599421854993	0.0552763819	0.810269503695917	.	.
lun_lcp4_tum_bulk_1_2_2_top105.clonotypes.IGH	lun_lcp4_tum_notPCsort_1_1_1_top105.clonotypes.IGH	105	105	5	5	24332	4666	2127	2175	1.0000000000000002	0.9999999999999979	0.08741574880815386	0.46613801971710245	-0.9285887618302573	-1.0	4.535147E-4	0.20186085316752356	0.15450747480373206	0.29054524552372074	0.16313551966276182	0.5209342068448178	0.20953622422989365	0.0243902439	0.17545126225075292	.	.
lun_lcp4_tum_bulk_1_2_2_top105.clonotypes.IGH	lun_lcp4_tum_PCsort_1_1_1_top105.clonotypes.IGH	105	105	7	7	24332	45004	3989	9188	1.0000000000000002	1.0000000000000004	0.16394048988985696	0.20415963025508843	-0.2906468808055799	0.10714285714285682	6.349206E-4	0.18294816150962345	0.1498429970405956	0.20897439996302888	0.11564310032547898	0.45155142852289054	0.07198856403697201	0.0344827586	0.41272114404403426	.	.
lun_lcp4_tum_bulk_1_2_2_top105.clonotypes.IGH	lun_lcp4_tum_PCsort_1_2_1_top105.clonotypes.IGH	105	105	9	9	24332	30653	5009	7368	1.0000000000000002	1.0000000000000009	0.20586059510110144	0.24036799008253681	0.27862976662782746	0.5499999999999999	8.163265E-4	0.22244616760386474	0.20282153355649954	0.23723797076926384	0.14209968550420554	0.5131600792695538	0.06328861953800587	0.0447761194	0.6849054945297918	.	.
lun_lcp4_tum_notPCsort_1_1_1_top105.clonotypes.IGH	lun_lcp4_tum_PCsort_1_1_1_top105.clonotypes.IGH	105	105	5	5	4666	45004	2198	7608	0.9999999999999979	1.0000000000000004	0.4710672953279039	0.16905163985423516	0.4659631639651949	0.2000000000000001	4.535147E-4	0.2821962061348123	0.2555148552567325	0.3358112734434828	0.1994987419772071	0.4784416618230584	0.21446678827603302	0.0243902439	0.5505683303660153	.	.
lun_lcp4_tum_notPCsort_1_1_1_top105.clonotypes.IGH	lun_lcp4_tum_PCsort_1_2_1_top105.clonotypes.IGH	105	105	3	3	4666	30653	912	1551	0.9999999999999979	1.0000000000000009	0.1954564937848264	0.050598636348807624	0.6974423669925881	0.5	2.721088E-4	0.09944763471813399	0.08781885284625662	0.35038145878280036	0.22527119726155717	0.628631084023692	0.2517352053994055	0.0144927536	0.3122177600343692	.	.
lun_lcp4_tum_PCsort_1_1_1_top105.clonotypes.IGH	lun_lcp4_tum_PCsort_1_2_1_top105.clonotypes.IGH	105	105	7	7	45004	30653	8083	4335	1.0000000000000004	1.0000000000000009	0.17960625722158027	0.14142172054937527	0.0918502115818593	0.5357142857142857	6.349206E-4	0.15937448327040793	0.13790732701955136	0.16065825792609226	0.10376344326275752	0.46155028961749506	0.06481866490195842	0.0344827586	0.5015713142341054	.	.
