"rn"	"logFC"	"logCPM"	"PValue"	"FDR"
"CARDTTTSHYYYGMDVW"	7.67449541107237	14.1117855371909	4.18563788409028e-06	0.00374150032016655
"CSTVGSVVYKNVAMTDYYEVDYW"	7.58831895503762	14.0370180448367	5.99944498087054e-06	0.00374150032016655
"CVRDGTIPTSTSSHYYYGMDVW"	6.24914382616729	14.7954373805927	6.52966897062226e-06	0.00374150032016655
"CTGDLRSHDGWFDPW"	7.07419354973486	13.6288154100543	3.29134450096642e-05	0.0104024860230254
"CARLKAAAFNYW"	7.00158791911806	13.5742172148017	3.97239866888612e-05	0.0104024860230254
"CARHRYSSGWESVSDYW"	6.94729662000747	13.5334377894007	4.52765128814919e-05	0.0104024860230254
"CARGGTLQSTPSYYYYGMDVW"	6.92399092215417	13.5123341878393	4.84118023177447e-05	0.0104024860230254
"CARGNIAARLGWLDPW"	6.84511385918966	13.4565196974466	5.93940818892297e-05	0.0113442696408429
"CSTEDYDAGW"	6.67115503887164	13.3297027296092	9.23898238283092e-05	0.0158818107160864
"CARDSPGFQSWFDPW"	6.52929960591264	13.2270323725856	0.000140078845163614	0.021890503166932
"CARVGTTGPYYYYYDMDVW"	6.39680988897951	13.1351357937814	0.000201821479726981	0.02891092697089
