"rn"	"logFC"	"logCPM"	"PValue"	"FDR"
"CVRVLNGFDGFDVW"	7.53951852994769	15.8812608780598	3.20935822133163e-22	7.02849450471628e-20
"CARHWGGSYRPEITW"	7.27102499676402	15.6542601071713	3.2130807892739e-18	3.51832346425492e-16
"CARLRSGAHDPW"	7.06762934932239	15.486796289243	6.87328197861499e-16	3.76312188329171e-14
"CARRGGRNPNYYLTGLDVW"	7.01825362945801	15.4467774586253	6.87328197861499e-16	3.76312188329171e-14
"CATDVGW"	6.91412377614675	15.3632367741704	2.7907709958857e-14	1.22235769619794e-12
"CARERSRAMVRGVAPGGAGAALGYW"	6.85909769840161	15.3195740325812	1.76642568263347e-13	6.44745374161217e-12
"CAKDLLYDDPPYYFDYW"	6.68018148902476	15.1800252306471	6.96546042673696e-12	1.90679479181924e-10
"CARQGYCNTTKCPPAGGAFDIW"	6.68018148902476	15.1800252306471	6.96546042673696e-12	1.90679479181924e-10
"CARDLGAYSPHSRAGFAEPFEVW"	6.47589333314334	15.025478678961	2.67756243281311e-10	6.51540191984524e-09
"CARDLQSGSGSYYVSWFDPW"	6.00419955631549	14.6901986045091	6.8015422708104e-08	1.35412523391589e-06
"CARDHDFGSRNNYFDYW"	5.95256436253667	14.6554625596996	6.8015422708104e-08	1.35412523391589e-06
"CARDRGNSIYLDYW"	5.84339549638739	14.583371527448	4.33151126708748e-07	6.77572119637255e-06
"CAREAGILTGYDDVLAYDSW"	5.84339549638739	14.583371527448	4.33151126708748e-07	6.77572119637255e-06
"CVRGYCSSISCYNPPDSW"	5.78554837772118	14.5459262021833	4.33151126708748e-07	6.77572119637255e-06
"CARTPYWNYLLGYSFDPW"	5.45537985879862	14.3425397428998	1.70281955355249e-05	0.000248611654818664
"CARGCGGDCDSRLLGDYW"	5.29877833193983	14.2524007237375	0.000104550693480506	0.00143103761701442
"CAKDNREALVGATVDFW"	4.81146889522294	13.9987911457625	0.000833404658780139	0.00960608527751845
"CARDADVWLWYFDLW"	4.81146889522294	13.9987911457625	0.000833404658780139	0.00960608527751845
"CMRHSRPGLRLLDYIAPW"	4.69060120542303	13.9422370270671	0.000833404658780139	0.00960608527751845
