"rn"	"logFC"	"logCPM"	"PValue"	"FDR"
"CAREGRGENPGQDWAGVDFW"	13.6441076026448	13.2927204594762	2.3799009465709e-24	4.24019018647382e-22
"CARHFFGGSSEGFDHW"	13.4535849332073	13.1026885569009	9.09807714016082e-24	1.15991700370216e-21
"CARDQGGHTYGKDYW"	13.3483355435486	12.9977521057235	1.90890708692837e-23	2.04062167592643e-21
"CARHHGTWGSSLRYFDYW"	13.2484826019255	12.8982109356581	3.86593738621092e-23	3.75698824169043e-21
"CARRPIIGPVDLW"	12.8933745945507	12.5444492694494	5.0716070020599e-22	3.61436525680136e-20
"CARVGYSHGLVVW"	12.7433886292233	12.395121240246	1.95316321504369e-21	9.94253084229384e-20
"CVESRWKEAGVYFDLW"	12.4801501191972	12.1332001989375	1.9940461340205e-20	9.26797964029526e-19
"CARDIKVPGMFEYVWGSSFDYW"	12.3879939448989	12.0415877803605	4.44703518976665e-20	1.79457126499368e-18
"CARRGAVASEFDPW"	12.3859007925234	12.0394917094435	4.53259346630772e-20	1.79457126499368e-18
"CTRDGRTESNFYRGMDVW"	12.2699871502802	11.924286018564	1.23766608077608e-19	4.1345782510926e-18
"CAASGAGSFYFW"	12.2486901145869	11.9031244326649	1.47800420168468e-19	4.78783785333612e-18
"CARSLYYDNRGYNDFDYW"	12.1872969348875	11.8421346612901	2.51415003834085e-19	7.46562886385101e-18
"CARDPGGHSYAKDYW"	12.179855179546	11.8347524146614	2.65828354279985e-19	7.68028407365686e-18
"CARHPQLGYCSGGSCNDNWFDPW"	12.0983712015627	11.7538119543834	5.36466494953452e-19	1.36543495977438e-17
"CARTLNGLDSW"	11.9887891141361	11.6450986912187	1.45314806099102e-18	3.17023525959062e-17
"CARGGQRKWDLPSPLDSW"	11.9661533365305	11.6226406225104	1.78109973229863e-18	3.73332473299459e-17
"CARVGYSYGLVVW"	11.8987164674707	11.5557653606087	3.31432946784781e-18	6.32681821630234e-17
"CARDRRAYSYGIRGGMDVW"	11.8873471765731	11.5444727768952	3.66297834496975e-18	6.86969096626784e-17
"CGRIAEMESLSGDYNMDVW"	11.8764802236806	11.5337048606296	4.04590153580139e-18	7.20844790295281e-17
"CATQCGGGCNSEYW"	11.7847134092452	11.4427175341023	9.20700763317174e-18	1.42641900867545e-16
"CARGRSGSSSGDFDYW"	11.7740327305343	11.4321168901517	1.0090827594794e-17	1.54101352840497e-16
"CARVFQDVLVVRAAFDIW"	11.7241246853597	11.3826966424515	1.5747933455046e-17	2.24460544845923e-16
"CASSITIFGVVKYYYGMDVW"	11.7128385433153	11.3714603035228	1.75361334809804e-17	2.46659561725895e-16
"CARLKVDHAFDIW"	11.6354228379148	11.2948503703615	3.48956994089311e-17	4.49439791182499e-16
"CARHHDYGEDGGDGMDVW"	11.6093478951789	11.2690448976393	4.33762075068602e-17	5.45519597939219e-16
"CARHLFGGSSEGFDYW"	11.541491986345	11.2018100809872	7.84855335085489e-17	9.11967775224335e-16
"CARTVFNSSGSSYDAFDIW"	11.4736230271938	11.1347510191252	1.42508451315965e-16	1.57053128305945e-15
"CARVHPHILTGYSPLSFW"	11.4329112369626	11.0944551442736	2.01488305801272e-16	2.17566665557131e-15
"CATPFKMVSTESPYHYW"	11.3977039165843	11.0596548152621	2.71403601623806e-16	2.90130450135848e-15
"CARDGGYARFDYW"	11.3903487786357	11.0524111123995	2.91859204346184e-16	3.08908405392149e-15
"CARHETYGTSGYGMDVW"	11.3586602829505	11.021086753172	3.81140313505832e-16	3.98195118800418e-15
"CATDLGRGAFDIW"	11.3196578698574	10.9825832387598	5.3005759296869e-16	5.34558081965594e-15
"CARRKEYYVTVTGYFPIDYW"	11.3116404493993	10.9746454766129	5.63232018956459e-16	5.62705633892014e-15
"CAADWLQDYGDKYGAFAVW"	11.2998181135063	10.9630085214679	6.21779068235803e-16	6.1544613328155e-15
"CARVGYNHGLVVW"	11.289595760348	10.9528939338093	6.85017084279678e-16	6.59714651436916e-15
"CTKQAARFFGMDVW"	11.2861537430059	10.9495206119377	7.000340413577e-16	6.68157491260162e-15
"CTRRAIVYYDSRGYPPSRGMDVW"	11.2554614930989	10.9191812430059	9.09053697686879e-16	8.59980887457764e-15
"CARQRSSSSWYGLQVSWFDPW"	11.220151685577	10.8843062068936	1.41900956393954e-15	1.29651386653963e-14
"CTKEYEPGRGDKWLDPW"	11.2189375638273	10.8831252539606	1.47502756413338e-15	1.32504576979713e-14
"CACAYRPTEIDYW"	11.1114295932644	10.7771247974735	1.91195483159487e-14	1.59678102732415e-13
"CARVGDFYGSGINGIDYW"	11.0946162095259	10.7606872340564	2.76566132812748e-14	2.27422458443714e-13
"CAASGAGTFYFW"	11.089519412236	10.7554975690833	3.10984062282015e-14	2.53772490518683e-13
"CSKGLTASDSW"	11.0887802845785	10.7548105296446	3.14447959379715e-14	2.5465520346736e-13
"CTTALYGDPLNDGFDIW"	11.079423416156	10.7455388361851	3.83562535271476e-14	3.05991306123289e-13
"CARLGAAGEPRYFHYW"	11.0485779629537	10.7152180763779	7.53918402067006e-14	5.88276475773452e-13
"CASPNSFGYAGLSALDVW"	11.0112583685996	10.6783698357015	1.63500872546596e-13	1.23959172164759e-12
"CATTEGGHYW"	10.879573504361	10.5489280168812	2.35520833876695e-13	1.77304064376188e-12
"CAHQYGYSYGPFDAW"	10.9904839388956	10.6580000116333	2.4772213889226e-13	1.85185291241836e-12
"CARDRYFQGSDYHYWFPFDDW"	10.9804758923347	10.6481242417702	3.00319347968358e-13	2.22945404845954e-12
"CARDGYDDYAGSGYNHDGGLDVW"	10.8477456034421	10.5174931611434	4.22796541939371e-13	3.03335237136368e-12
"CARRPFPW"	10.9378759493478	10.6061891704507	6.95131179463004e-13	4.82529370679189e-12
"CARDYDATDWYGMDYW"	10.7977002392541	10.4684007967783	1.07300051985669e-12	7.16898472329251e-12
"CAKGSLGGLLFDPW"	10.7950963811001	10.4657563008377	1.16125646186826e-12	7.71045439588303e-12
"CARDGNGGWPNYSLYDW"	10.7859412759203	10.4568283040802	1.50354674399517e-12	9.92155227981999e-12
"CARRRPHHPLDVW"	10.7756255848314	10.4467406379323	1.99217319460866e-12	1.29068675456767e-11
"CAKYNDRGEQLDQEYVDYW"	10.7725344344582	10.4436462148668	2.17294485502177e-12	1.39932412651703e-11
"CARDGNGDWPNYSMDVW"	10.7384495977637	10.4101180517782	5.36342384888006e-12	3.29511499681194e-11
"CARLHSTNGIFNQAFDVW"	10.7247921464846	10.3965961144222	7.50201462945231e-12	4.53087776208165e-11
"CARRRSEWFGSLLSYYFDYW"	10.72024091118	10.3922506134138	8.48885707502416e-12	5.04143789622268e-11
"CARSPPYSSGRGYFDYW"	10.7035653428642	10.3759661796881	1.28687059374527e-11	7.60035726361155e-11
"CARYPSRDTYGSYRGMDVW"	10.6689023151658	10.3419707238492	2.9116440552692e-11	1.68245810545015e-10
"CATEGSTKVFGQLRRAGLDVW"	10.6268778463769	10.3007861737029	7.59343023914909e-11	4.22780048210957e-10
"CARGGGPDFGWFAPW"	10.6238143523309	10.2977371511828	8.02087148985003e-11	4.44264850914491e-10
"CARLDDSGWPLGGYDYW"	10.6192533747699	10.2932994344475	8.96415991056347e-11	4.93952935277956e-10
"CVRGDISLRGVPLDPW"	10.6032887786069	10.2775986970393	1.25917501821724e-10	6.83278220545294e-10
"CAAYSSGLFGPLDYW"	10.5803561147956	10.2550926689508	2.03409501926744e-10	1.09820584626106e-09
"CARAGVVVKDFDYW"	10.5684877352732	10.2435218659298	2.58590064604644e-10	1.37528745802172e-09
"CARTRVPQACSGGVCYPLAYYFDYW"	10.5569391619973	10.2322455771403	3.26051947315186e-10	1.72461354118628e-09
"CARAFPITGSTRYFDYW"	10.5491999327176	10.2245515499595	3.80945471717537e-10	1.98649126471243e-09
"CARHLRPGSSAGFDYW"	10.5419923777016	10.2175447934012	4.39605172334123e-10	2.28125208361736e-09
"CAHRGVLAVAGFDSW"	10.5314306220406	10.2072587439808	5.33452115482834e-10	2.75488073164807e-09
"CSAPLVGLL"	10.5290503901975	10.2048402149615	5.62700197624042e-10	2.89195438105818e-09
"CARRLGGYEGYFDYW"	10.5003023403218	10.1767891119226	9.63242798597076e-10	4.85710637594469e-09
"CEVGLVSW"	10.4990296787149	10.1755526371015	9.81245598467122e-10	4.91013217306446e-09
"CARDAGGHSYGKDYW"	10.4847747055548	10.1615974925248	1.28334161415816e-09	6.38089388620963e-09
"CVRSAFSCSFTQTNTLDSW"	10.4802885515775	10.1572211836312	1.38934659882976e-09	6.87597923217138e-09
"CATAYRWNDRERPYAFDIW"	10.4522959434236	10.1298197734185	2.28842268909087e-09	1.11704285599915e-08
"CAKVNQFYEDTAYPDYW"	10.4508650071486	10.1284037236302	2.33425448045363e-09	1.1342354725477e-08
"CASPALTTVTDANNWFDPW"	10.4232982233396	10.1014553636131	3.70335742938573e-09	1.74400400529222e-08
"CARDHYDASGPDSQTFDLW"	10.4161491522511	10.0944537340307	4.19345736499401e-09	1.95092574300377e-08
"CARAVYSYHGGGPASFDFW"	10.4160577054192	10.0943815175036	4.19750159860493e-09	1.95092574300377e-08
"CASDPGMTSSSADTFDVW"	10.3897058924779	10.0686698236662	6.43979851577287e-09	2.9545685035885e-08
"CATPSGAPPHFW"	10.3590615151473	10.0386823711953	1.18586411736433e-08	5.371562463824e-08
"CARRAAKLYGMDVW"	10.3331667064628	10.0135524110457	2.16491279106222e-08	9.72391501531727e-08
"CATSWGPYDAFDVW"	10.3014184776408	9.98245068482785	4.33725668101515e-08	1.88476723252244e-07
"CAKGLTASESW"	10.295960795922	9.97715708950662	4.84668720898017e-08	2.08076651662643e-07
"CARLKYSTGWGYYFYGMDVW"	3.85918731882725	12.5984691542549	5.76845092093796e-08	2.4470135057471e-07
"CARSLYYDDRGFNSFDYW"	10.2774977121335	9.95909314487857	7.07398819425034e-08	2.98896971527811e-07
"CATPFKMVSTDSPYHYW"	10.2734794945119	9.95516664578058	7.57308500986664e-08	3.18725506911316e-07
"CARDQGGHTYGKDFW"	10.2627770628072	9.94472097196466	9.43993427480695e-08	3.95736852539946e-07
"CVREAAVAGTVFDHW"	10.2572051813556	9.93934366747287	1.04758641484396e-07	4.34058092041936e-07
"CARQAAKLYGMDVW"	10.2447599975907	9.92724825462595	1.31420074494235e-07	5.34175131689497e-07
"CARDCVGSSCYLDYW"	10.2223792246161	9.9054475912139	1.98854694164643e-07	7.90244119189605e-07
"CSKVAGPPPEYSFDFW"	10.198496760222	9.88214235710729	3.02525435832011e-07	1.17173801052326e-06
"CARTGHRTNWFIGDVFFDYW"	10.1974918192565	9.88102961789544	3.07521382866582e-07	1.18678829705551e-06
"CASLDTYGPDYW"	10.1846060138316	9.8687069765136	3.82789102424433e-07	1.46667222398465e-06
"CTTVAVVREFEKHASDIW"	10.1684455565931	9.8529143760655	4.97644761141157e-07	1.88284352098074e-06
"CASEVCSGAGCYVT"	10.1653427213948	9.84997945831382	5.18261283778154e-07	1.95077926886918e-06
"CARLGIRFVELLLDDYHYGLDVW"	10.144838744013	9.82995181246958	7.159701826228e-07	2.63921422490956e-06
"CARTGHRSSWFIGDVFYDYW"	3.55321376534645	11.8240140942525	7.28208044738394e-07	2.67510103032764e-06
"CARYRSAGDDAFDVW"	10.1411687908078	9.82636408114224	7.60537217522814e-07	2.77479278338528e-06
"CSHSFGYSGAYGYFDYW"	10.1333837420843	9.81886300610649	8.49755011639042e-07	3.05854581630349e-06
"CARGPHYGDYVGFDYW"	10.1273588421144	9.81296975636657	9.40846764209318e-07	3.37505097630792e-06
"CARDQGGTHSYAFDIW"	3.50963117984862	11.6144263556913	1.03864649847763e-06	3.7010436895753e-06
"CARLNRAAGGAFDYW"	10.1162844340069	9.80213990383309	1.10743547344606e-06	3.93305156516227e-06
"CARGATWLAYW"	10.1091922164161	9.79534714806285	1.22079501952873e-06	4.32129097972257e-06
"CARRVDSSGYDPYYFDYW"	10.104952079416	9.79121002421942	1.30123561940967e-06	4.59082797738924e-06
"CAREGRGAYLGQDWAGLDFW"	10.1006993556011	9.78706103706197	1.38657883644084e-06	4.85984516772215e-06
"CAREGRGANLGQDWAGVDFW"	10.0672560281405	9.75454268499471	2.19679973463712e-06	7.64944272419246e-06
"CARPQGNAYDSW"	3.25428062447555	13.3778006665208	2.2754677193645e-06	7.8976460779242e-06
"CARAPTSLYYGMDVW"	10.0566067009392	9.74415729964685	2.53439296603611e-06	8.62823592577263e-06
"CVRIGAVVSAFDIW"	10.050765237376	9.73856495589095	2.73188313385465e-06	9.18359456003339e-06
"CAREYYDYWSDYSSGGWFGPW"	10.0314919683359	9.71981066545321	3.48140930220687e-06	1.1593852162178e-05
"CARARGDVAVLDYSNGLDVW"	9.99904091725521	9.68838153710295	5.20731093289518e-06	1.70232886460702e-05
"CAAWGGHQDIKRSWFFDLW"	9.98526222223767	9.67497367742969	6.10592103797949e-06	1.96012900588591e-05
"CARHQGIGPTEGYW"	3.14185936181016	12.0714852426729	6.2639806875441e-06	2.00484890867804e-05
"CAKGYSSDWEYW"	9.96742652584923	9.65768483080161	7.50049795344876e-06	2.36520127204623e-05
"CARGRVVRGGSFDVW"	9.95602514384326	9.64663366458835	8.53997066545751e-06	2.66936509981698e-05
"CAVAYYYDGSHYSIYAFDVW"	9.94064084385379	9.63177009059211	1.02912501463167e-05	3.17041683181919e-05
"CATYTSGLFGPFDSW"	2.91043276325894	12.34478673072	2.03910141352348e-05	6.17506915313485e-05
"CSKATYCGRTSCDDYW"	9.88887364723488	9.58165102555922	3.37140434187884e-05	0.000101808792131878
"CATTESSSWYSDFW"	9.88035864372227	9.57337783992839	4.05285287048859e-05	0.000121974129774587
"CARGTNTYDEKTHYYAGAFDMW"	9.88022283901433	9.57326110813017	4.06200095413967e-05	0.000121974129774587
"CARGPLGGLPSGGFDPW"	9.87479935340489	9.56801945313954	4.49083757583558e-05	0.000133724383525578
"CARMTDYPRSFVDVW"	9.85045281657188	9.54445818657432	7.18279256776195e-05	0.000209220851633175
"CAIPSPGYGEYANYGGLDVW"	9.83338547594298	9.52796198928863	9.77659941229492e-05	0.000280192621226361
"CAREGDTVMANTAYFKFW"	9.8317236463209	9.52642000886748	0.000100252208110798	0.000285785627921181
"CAREGRGANPGQDWAGVDFW"	9.82141118633166	9.51643301066989	0.000119944119430989	0.000340106800190258
"CATGLVPDYPYYYGMDVW"	9.81864302439596	9.51372318856529	0.000125123273450577	0.000353853913541446
"CAAWGGHQDIKRSWFFDIW"	9.79659430899387	9.49248029705034	0.000178802620521829	0.000504327180310912
"CATLSGYIYDTGGYLDYW"	9.79131915112808	9.48737677139167	0.000192352837256562	0.000539698643116182
"CARFHPHNRGDLDYW"	9.7860243387702	9.48225519283187	0.00020870551161337	0.000584047622813331
"CGRIGEMESLSGDYNMDVW"	9.78236140594946	9.47871289790433	0.000221298844801895	0.000617672232619389
"CATGALSSNSYNYKYWFDPW"	9.78070973311616	9.47711543366272	0.000226214730726891	0.000624867046891592
"CARGPSAMTQYYFDSW"	9.77555598985068	9.47212168126995	0.000244402813689826	0.000673367545965012
"CARSDTFYFDYW"	9.77134463228114	9.46812276944551	0.000257870755222201	0.00070864739674173
"CVRDGSRFAGTTVLGALDTW"	9.75122561769625	9.44872231557553	0.00034064353735	0.000921893522600381
"CAREGEWELRYYYYYGMDVW"	9.74010874354029	9.43796695709167	0.000396031224455519	0.00106908429025997
"CAADLQSTNWFDLW"	9.71531935259075	9.41407954266188	0.000537861763365279	0.00143028414188429
"CARREMSTSNWFFDLW"	9.71388025399787	9.4126868032992	0.000551148279857235	0.00146197893589922
"CAREVPHSGGFDFW"	9.70989068664999	9.40886447353986	0.000575222006518202	0.00152206021031673
"CATVALTSYSYNYKYWFDPW"	9.69708453063938	9.39652190359285	0.000669722266814934	0.00176773605734608
"CARSYGAGSRTPRGGRFDYW"	2.61500081916924	10.6322698504118	0.000774955246108208	0.00203045872080803
"CAAEWLGGSWFDPW"	9.67783058343662	9.37797038385301	0.00083406520021607	0.00217467243666092
"CASTYTSGWYVASW"	9.67001698973748	9.37047304233682	0.000907134841404385	0.00234800761612903
"CARGNRRFEVTIPILWFDSW"	9.65846774060939	9.35934376718244	0.00102051714855163	0.00262243469183098
"CVRRGTSYFFDFW"	9.65846774060939	9.35934376718244	0.00102051714855163	0.00262243469183098
"CATDLGPGW"	9.64869842785745	9.34992222794641	0.00113525485437535	0.0028757996192589
"CVRHANGGTSGGMDVW"	9.64598254108512	9.34735100327229	0.00116308731764415	0.002939338871304
"CAHRRDYNGAWNEACFDFW"	9.63655825344029	9.33828757475117	0.00127543457096425	0.00318560644009529
"CATAQWPPVDGDSW"	9.63655825344029	9.33828757475117	0.00127543457096425	0.00318560644009529
"CARGPSHGGYDYW"	9.62745435721858	9.32950254010547	0.00140352189163399	0.00349735408428144
"CARLGAAGEPRYFHNW"	9.62473563462415	9.32690670050892	0.00143645079688145	0.00357108349271225
"CARYKRRGTMATVNAFDVW"	9.60504906315254	9.30799036491056	0.00173392698367988	0.00424157424611853
"CARARADVAVLDYSNGMDVW"	9.59019609434408	9.29372335182027	0.00196854509934659	0.004793564262418
"CARDTYNYESGAYFRWFDPW"	9.58799939585297	9.29159976064486	0.00201858222791254	0.00490423727645115
"CARGFSTWGSYPPPDFW"	9.58390872508514	9.2876672882715	0.00208413220628097	0.005052012082799
"CAGARLDAATLLDYW"	9.57430378773953	9.27845886791186	0.00227807475215009	0.00548482412173073
"CARDSLSSRLDSW"	9.56721913032192	9.27167838847448	0.00240262575807648	0.00574587681293905
"CARGSQLKWDLPSPVDKW"	9.56721913032192	9.27167838847448	0.00240262575807648	0.00574587681293905
"CARLAPQVQYHIDVW"	9.56721913032192	9.27167838847448	0.00240262575807648	0.00574587681293905
"CASPFKIMASESRYHYW"	2.02409827466038	11.4652939802051	0.00285045389701199	0.00669700047451829
"CARGPSNNMVADW"	9.5422913887239	9.24773984864657	0.00296834176521494	0.00694664777069964
"CARHRGTWGSSPRFFDYW"	9.54222898865682	9.24767739588146	0.00296970816764241	0.00694664777069964
"CARGRIAAAGTFDSW"	1.9504022495956	11.6959165411527	0.00353657481102075	0.00811287225961627
"CARSLYSSSSGNVDYW"	9.51853321052149	9.22497463054976	0.00357421241388456	0.00818165539709335
"CARVVRNYYYAMDVW"	9.50336685292499	9.21045002858317	0.00408509309950525	0.00933112077643399
"CARRIPFKSGGTDVW"	9.49857948370549	9.20585502182277	0.00452775420121281	0.0102329159431216
"CARGTQFSGMDVW"	9.48786686955757	9.19560074814072	0.00558881792008511	0.0125777818033073
"CAGPRPGMQLYYYGLDVW"	9.48132266172542	9.18933105422715	0.00633048836328484	0.0141279583723413
"CARGAVDLALATSGYYFDFW"	9.47538307608136	9.18363796963922	0.00706352153288532	0.0156983461926287
"CVRDNGLWFKEYW"	9.46150505216443	9.17035754395663	0.00897217879064647	0.0197351010847759
"CARHHGTWGASLRYFDYW"	9.4438826118381	9.15350588452741	0.0118094238548319	0.02581651145361
"CARSSWDYSNSWHGDWFDTW"	9.44312786187236	9.15278425281456	0.0119363656157355	0.0259349082179294
"CASGYYDSSGHAGNYFDYW"	9.44312786187236	9.15278425281456	0.0119363656157355	0.0259349082179294
"CASHPQDFDFW"	9.44312786187236	9.15278425281456	0.0119363656157355	0.0259349082179294
"CARHQGIGPTEAFW"	9.43637402148711	9.1463257379631	0.0131862872579513	0.0284196392716733
"CARLINNNDVFHIW"	9.43465642361432	9.1446818191009	0.0134976838187979	0.0290322414533098
"CARERRLWGSACWFDPW"	9.42958774378891	9.13983831129626	0.0144417597435982	0.0310004842688885
"CARTHGGRYFDDYW"	9.4229508578943	9.13349536127553	0.0158253822058795	0.0338346671561703
"CARQRWSGGAGRGYLDSW"	9.41926753757668	9.129976144577	0.0165779323846522	0.0353728736910043
"CARGKGGTYYNIYIPRYFDSW"	9.41080293072477	9.12188566686394	0.0184878101424577	0.039291190938941
"CARDRDPTVFDSW"	9.4079190730532	9.11913990602354	0.0192325964990417	0.0407929477330865
"CARDATQLPLGYLDLW"	9.40389448063198	9.11528724364522	0.0201620640790753	0.0425953488152796
"CSRSFTLTGHEFDDW"	9.40389448063198	9.11528724364522	0.0201620640790753	0.0425953488152796
