"rn"	"logFC"	"logCPM"	"PValue"	"FDR"
"CARDQVATYGMDVW"	15.9039856673282	14.4907089390777	6.75243571109169e-08	1.00611292095266e-05
"CASRGGW"	15.3175376191678	13.904813896198	2.68430687207334e-06	0.000204211465117412
"CARRADDPRPYDYW"	15.0996383490403	13.6871844778289	8.15795797530707e-06	0.000486214295328301
"CARLIYDTSDRYSSYWYFDLW"	15.0409641473121	13.6285901693184	1.08055877419493e-05	0.000536677524516817
"CAKDPGDGSYYRFDPW"	14.9854707129552	13.5731753419853	1.39975418766349e-05	0.000595895354176745
"CTRGGDSHGADYLQYW"	14.8859382160578	13.4737916247772	2.39434343512984e-05	0.000891892929585866
"CASDYNYW"	14.8366121610759	13.4245431876559	3.18517743537366e-05	0.00105464763971261
"CARRRRHIIVVARRDYYQYGLDVW"	14.7393183997454	13.3274105146719	5.44975140776412e-05	0.00162402591951371
"CARGSRLDQSWAYYFDYW"	14.5380279079652	13.1264897949935	0.000148517655534169	0.00402347830447112
"CARDRGTIFGVAPSYGMDVW"	14.1100954626656	12.6995373585539	0.00084117785492456	0.0208892500639599
"CARGPGVVGVGHFDHW"	13.9453605694994	12.5352640747342	0.00223257122732441	0.0475218732673338
