"rn"	"logFC"	"logCPM"	"PValue"	"FDR"
"CARHVAELRGRSNYMDIW"	13.4882066851391	13.2060422367932	7.9936844623619e-29	1.48522657310684e-25
"CARGGKRRAGPLGYW"	13.3365764587136	13.0548416303201	2.20658624410936e-27	1.36661241385173e-24
"CASFGRTGAGHSHDYW"	12.7182396103005	12.4388256376511	3.55828976529507e-22	9.85189322530283e-20
"CARGGSSWYIDSW"	6.7550703049998	13.6208106015957	5.03605337687739e-20	1.16962339677977e-17
"CARGGSSWYIDYW"	12.1208886762044	11.8448763376722	3.80264704132626e-18	7.85035355864909e-16
"CVREYITSNIW"	12.0263956508393	11.751063491651	1.37848222079097e-17	2.32838178748148e-15
"CATSIAVIGTSRASGDAFDMW"	12.0004457874155	11.725314260113	1.95786333928995e-17	3.03142507033393e-15
"CAKAFGGRGGRHYMDVW"	11.720190525904	11.4473804153003	6.79146255858374e-16	9.70656725680661e-14
"CARDGIAVADGPHFYFYYMDVW"	11.6913371283445	11.4188197856961	9.62767394016629e-16	1.27772987005921e-13
"CATTPYRAVSSYFDSW"	5.77144617935451	13.1487425198569	1.67200374583917e-15	2.07105530651278e-13
"CVREYISSNIW"	11.4606694334976	11.1904843098736	1.35375523456865e-14	1.57204826614284e-12
"CARDWAPRRDDDSAYMDVW"	11.1022740890046	10.8365397257736	5.46084553519039e-13	5.63680611354652e-11
"CARGDWFDPW"	11.082309518836	10.8168555052863	6.6645146444648e-13	6.51719379442926e-11
"CARDLGSGHNYYYYYYMDVW"	11.0691068326797	10.8038245600849	7.57513992614108e-13	7.03730499138506e-11
"CARSLLSGYNYDSSVGFDPW"	11.039143134481	10.7743138744303	1.00821002769938e-12	8.92025824507357e-11
"CARHAPQLLRYYPNWFDPW"	4.14506833501269	14.9605962338493	2.14898514459145e-12	1.79647205702492e-10
"CTRVDFGAFDSW"	10.9500029258448	10.6865211050595	2.30738957803132e-12	1.79647205702492e-10
"CAKTTVTYFFDYW"	10.9487306064584	10.6852715006753	2.32052364739494e-12	1.79647205702492e-10
"CASGGNIVVVLAASWFDPW"	10.8604136695138	10.5983585937134	7.43560782082428e-12	5.31359974272751e-10
"CARSPLYYGSVSFAPYYMDVW"	10.8422677260893	10.5804997863023	9.52555640582426e-12	6.4030632160555e-10
"CARGVTGYSYW"	10.8024619238718	10.541345079259	1.67598520109765e-11	1.03799350121315e-09
"CAKPPEYGSSWYFDYW"	10.7619961415646	10.5016189084405	2.89499288773764e-11	1.73512799529565e-09
"CSRASWSYYLSHYYYYMDVW"	10.7124008033943	10.4529072113618	5.61005018183216e-11	3.2573353868263e-09
"CARGFAKNFDYW"	10.5076920712798	10.2522194618627	6.75811155629026e-10	3.30436086094403e-08
"CARDAHKIFERGWFDPW"	10.4809638989295	10.2260467582478	9.18694391538783e-10	4.37675430635656e-08
"CARGSGTVTAGAFDIW"	10.4338563861994	10.1800000987799	1.53333717947048e-09	6.94863531574672e-08
"CARDAKMVAAGVLNYW"	5.26188199664621	11.6502691056726	1.59411225647219e-09	7.05204898220314e-08
"CASAVYYYDSSGYYKDDAFDIW"	4.39595261493697	12.4913599158947	2.34783231704653e-09	1.01448196397034e-07
"CARGTGDIVGTNTGRSVYYYNMDVW"	3.68206401477219	13.8257021501528	2.64667639929343e-09	1.117619261338e-07
"CARELRITFGGVIWKFHFDSW"	10.3770055798515	10.1244063770016	2.84159529130574e-09	1.17326312249913e-07
"CARVNFGAFDSW"	10.3178230278769	10.0665845131678	5.19406130831878e-09	2.05331189592687e-07
"CARLEYIVTTTSDYYYMDVW"	3.75292574807396	13.1863327492064	6.23778585972526e-09	2.41454294320199e-07
"CARRAGRPERYFDSW"	10.2710928088497	10.0210151462678	8.24192690617366e-09	3.06270003833413e-07
"CARAHSTLTGYYSGWGFDPW"	10.2332903614153	9.98415908950793	1.18849176898991e-08	4.32983864075149e-07
"CAKVEGYSSGWQDYW"	10.2115533930448	9.96293553955141	1.47335531436984e-08	5.14702266359473e-07
"CARDHVEVEDNYYYYYYIDVW"	4.3412079797329	11.9721452990356	3.64381648311912e-08	1.18768944188353e-06
"CARANHYCSGNNCPYYFDYW"	10.0899171681404	9.84455700816979	4.37635730839069e-08	1.35521197983165e-06
"CATLGLEMATTPIVNWFDPW"	10.0051786440866	9.76224498680922	9.07696085806009e-08	2.75524318265762e-06
"CARAGIAGDSYYMDVW"	10.0027269780476	9.75987200996755	9.19402999595117e-08	2.75524318265762e-06
"CARLGHCSGGGCFSGDSW"	9.95960316279487	9.71803622264332	1.31833281278712e-07	3.82728494712261e-06
"CARQGGYSGYDYFDYW"	9.93923329010772	9.6983434762123	1.53875193000874e-07	4.33181982720643e-06
"CARESDSSTWSQFDYW"	9.92554302950428	9.68499193701124	1.73677490857919e-07	4.66926115552309e-06
"CARDRYSGRRGPADFDFW"	9.92295195027662	9.68248824650109	1.75914037075681e-07	4.66926115552309e-06
"CARVTIVAAGRFFDYW"	9.92295195027662	9.68248824650109	1.75914037075681e-07	4.66926115552309e-06
"CARDFLSNYYAFDIW"	9.90730673045591	9.66737405565789	2.0022680835196e-07	5.23973816785833e-06
"CARDYGMTIIGVILIRGWLDPW"	9.86928480830727	9.63053930958934	2.67546517559782e-07	6.87980724012732e-06
"CAREVLTGDDGFDLW"	9.86389101838723	9.62533430482177	2.79405092025291e-07	7.01533325652689e-06
"CAKEQGDPGGSYDIW"	9.81633854724804	9.57934358353593	3.95457387949815e-07	9.66789245803626e-06
"CARMGREWDYW"	9.79948451352493	9.56310209657953	4.50765224836538e-07	1.08769063343674e-05
"CARVGVVKWFDAW"	4.48523845981429	11.091957544173	5.53042987498623e-07	1.3007011022436e-05
"CARIPLCSHGPRKLYYFDYW"	4.42851915536743	11.1674156294685	5.73793557081715e-07	1.33263553632228e-05
"CARGDLWPGGTWFDPW"	9.76137446825804	9.52626383454473	5.96466950596552e-07	1.3681920916153e-05
"CSYRLFAREGGGVYYYYYMDVW"	9.75556028251201	9.52066764591873	6.23233068173789e-07	1.39514101285169e-05
"CTTAGYDDYW"	9.75556028251201	9.52066764591873	6.23233068173789e-07	1.39514101285169e-05
"CARHVTMLQGVSIPLYYYYYMDVW"	9.72223131482351	9.48846064705306	7.90216957666812e-07	1.73763210215036e-05
"CAHRSGDCSGDSCYFSAFDIW"	9.71625673715849	9.48271551578723	8.10683643845472e-07	1.75145373286615e-05
"CVTQSSNSDSTFDYW"	9.70423262463881	9.47115606284887	8.85469639499465e-07	1.89103745998851e-05
"CATLGSGKGHW"	9.68505974184256	9.45258270987311	1.01573259663096e-06	2.14458086879581e-05
"CARGEWLRGRLGWFDPW"	9.66348605496427	9.43186095893624	1.17512836840061e-06	2.45324551515542e-05
"CAKLPVFRSSSSEYWYFDLW"	9.64787575327634	9.4168750738543	1.30084612455649e-06	2.68552455491773e-05
"CASYGSGKIDYW"	4.24126416603488	10.9740876251445	2.11260084200507e-06	4.31342018070925e-05
"CARGSWSGPNYYFDFW"	9.5517750883022	9.32443607131117	3.11492414294546e-06	6.22314952429318e-05
"CARGDKQYELRYYMDVW"	9.54841590381454	9.321220176054	3.25185588485772e-06	6.37317944113239e-05
"CARLGRPNWNDGDYW"	9.46781718233109	9.24398417567772	6.83110903567777e-06	0.000129703636116887
"CSRSKVSTNYYYYYMDVW"	4.90217274613031	10.2638492499779	6.84120362726314e-06	0.000129703636116887
"CARAYLASSYYRGWFDPW"	9.42336572659918	9.20138404488055	9.99068554243226e-06	0.000185626937378391
"CAKDSTLVPGTGFFQDW"	9.41969353153045	9.19788121932421	1.02225913168995e-05	0.000186211516341169
"CARDRDITIFGVVRTFDYW"	9.41969353153045	9.19788121932421	1.02225913168995e-05	0.000186211516341169
"CARGAGYPEHFDYW"	9.41601196851291	9.19436985387996	1.06581584953242e-05	0.000192260761983615
"CASRMAARTHWYFDLW"	9.34689053429557	9.12834199056224	1.87653856281082e-05	0.000325851275673131
"CARGLRGYDYKSNGYW"	9.33913542397676	9.12096223043815	1.99943226007784e-05	0.000340820654974736
"CATSIAVIGTSRASGDAFDFW"	9.33913542397676	9.12096223043815	1.99943226007784e-05	0.000340820654974736
"CARSDPFDMW"	4.12294829741207	10.4953549281752	2.02590424059704e-05	0.000342193643548119
"CARGLRVASGYYDLW"	2.76019075636452	12.7529836399659	2.52366710232879e-05	0.000422430042894314
"CVRENGYTFGRPYYDYW"	9.30247992378835	9.08592596076284	2.65194885874746e-05	0.000439939373174356
"CTTDPFDSANGVWLNFDYW"	9.28240063433581	9.06684865355264	3.07278660945387e-05	0.000492175648307353
"CAREKENGFDSW"	4.74770949651151	9.9714765378109	4.84587103113497e-05	0.000744101518665188
"CVKDTGRVEVPNWRFDPW"	9.21489252892597	9.0026174589203	4.99297786600939e-05	0.000760405973364382
"CARDSSSNDNIVVEDGEGLGLDFW"	9.2106486292283	8.99859598114787	5.10098841642657e-05	0.000770539551034192
"CARQQADYDFWRGYQYYFEYW"	2.99860073581484	11.8611516023846	5.99241088940327e-05	0.000890711954600903
"CARAHYYDSGSYFRGGFDLW"	9.14851389593884	8.93959470618756	7.88609202755082e-05	0.00114471554587417
"CAKDTGSGINYYYYYYMDVW"	9.14406984897527	8.93539324427043	8.05308689030008e-05	0.00115989422032384
"CARSQFGNNYFDSW"	9.13961206640074	8.93117948624865	8.37989856502385e-05	0.00119768088721649
"CARRAARPERYFDYW"	9.13514046284381	8.92695335979417	8.55681667641865e-05	0.00120443677157469
"CVHRTRFCVRIRCYDRGFSEFDSW"	9.13514046284381	8.92695335979417	8.55681667641865e-05	0.00120443677157469
"CARGQWFFDLW"	9.12615544729133	8.91846370906063	9.09113116528123e-05	0.00127002418835282
"CARHGSLLTAAMSYW"	9.05546107340119	8.85156637607981	0.000142409926783945	0.00193136966397496
"CARSLLSGNNYDSSVGFDPW"	9.05546107340119	8.85156637607981	0.000142409926783945	0.00193136966397496
"CARGRYYYASGSFGWGYYMDVW"	9.04596407707714	8.84261940518455	0.000148336777178756	0.00198280382732466
"CGRLTTPGAFDVW"	9.04596407707714	8.84261940518455	0.000148336777178756	0.00198280382732466
"CARDYHWNDPFDYW"	9.04119201982527	8.83812498103087	0.00015427516218031	0.00204745179522154
"CAAIWGGLSRIDYW"	9.03640411716065	8.83361648093884	0.000157442946673031	0.00207467372282619
"CARGGGSFDYW"	9.03160026325879	8.82909381627138	0.000163740438347193	0.00214246291865553
"CARAGKGYCSSTRCPSFWFDPW"	9.02678035123037	8.82455689754974	0.000167092374590908	0.00217103239153781
"CARQDLLSKALPDW"	8.9811235904728	8.78141660451151	0.000217598336057589	0.00280762297496528
"CARGIVTTTIWYFDFW"	8.97613174674285	8.77672694527757	0.000226249509456953	0.00289911440393806
"CASLADNGWW"	3.21350355096428	10.7393965807544	0.000241355387766872	0.00307149527719759
"CARGAGVYDDFDYW"	8.95090998023946	8.75304669188297	0.000261702311594593	0.00330777479552894
"CTRIIAFCTIPSCYYYYMDVW"	8.94581235135857	8.74826353030191	0.000270064078499255	0.00339039903953795
"CARAQTGYVSQIDSW"	8.94069670106115	8.74346442045483	0.000283995419877347	0.00354136570558464
"CARDLEIAAAGHFDYW"	1.99053928679932	14.1346192632048	0.000421687714983284	0.00512088741463361
"CARNSMVQGVIIGPFDYW"	2.30288790667151	12.6185940948617	0.00043757164037821	0.00527927342742022
"CARDLTDFYFDCW"	8.87619581410162	8.6828297694265	0.000455478984083564	0.00542487148991835
"CARVIAFCTTTSCYYYYMDVW"	8.86002931596869	8.66770978906973	0.000507534242443877	0.00600636065261608
"CTRIIAFCTTPSCYYYYMDVW"	8.84915038674912	8.65754082393991	0.000548581736692635	0.00645104346060074
"CARMNRIRSGWGDHW"	8.83818900791993	8.64729949170391	0.000592686807002632	0.00692586218497416
"CAHKARYYGSGSYLFDYW"	8.78031870387236	8.59310288586551	0.000875469989793878	0.00985832267295167
"CARRQGKLNGDLDYW"	8.78031870387236	8.59310288586551	0.000875469989793878	0.00985832267295167
"CARDPVVSTMNWFFDLW"	8.77458073168624	8.58775723286019	0.00090059708200692	0.0100380110787284
"CARARRGYVYGPLDYW"	8.75722890860581	8.57160007897478	0.000997862358210666	0.010970581429322
"CARSLRIPARFRVEAYFYYMDVW"	8.75722890860581	8.57160007897478	0.000997862358210666	0.010970581429322
"CTTLGVRRGGNYCDYW"	8.75139837923604	8.56617379176676	0.00104488001150488	0.0113702529812664
"CARLTGDRDYW"	4.22643947922038	9.40645489680224	0.0010464549299228	0.0113702529812664
"CARETSGDVDAFDIW"	8.68985846137767	8.50878265058157	0.00149166789281931	0.0157472667321493
"CARGWGYYFDDW"	8.67761308232701	8.49742342037983	0.00160252009465707	0.0166339795300158
"CARVLGWFGELLFDYW"	8.67761308232701	8.49742342037983	0.00160252009465707	0.0166339795300158
"CARDIGVISPHLDYW"	8.66526307182205	8.48597379375649	0.00172095722140405	0.0174728880730532
"CARVSYYYLLDVW"	8.66526307182205	8.48597379375649	0.00172095722140405	0.0174728880730532
"CAKDLMTQYVWGSGYFDLW"	8.65904826609805	8.48021462869654	0.00176742932345089	0.0176552886181277
"CAKTLYSGYGDYFDYW"	8.65904826609805	8.48021462869654	0.00176742932345089	0.0176552886181277
"CAREGKYCSSTNCYADAFDIW"	8.65904826609805	8.48021462869654	0.00176742932345089	0.0176552886181277
"CARKQGDYDFWSGYQYYFDYW"	8.65280662025021	8.47443231643149	0.00184745432465986	0.0182583517830746
"CARWLYGDSDYW"	8.65280662025021	8.47443231643149	0.00184745432465986	0.0182583517830746
"CARHLYDSSGYYLDAFDIW"	2.67957554955415	10.5981902066425	0.00226585860021201	0.0220417030324288
"CARGYGDRNYEFDSW"	2.07934512799611	12.2104412103197	0.00243755677090027	0.0235884400017328
"CASAVYYYDSSSYYKDDAFDIW"	3.15748276486547	9.98542261786386	0.00261049092672729	0.0251310473671466
"CAKDISDFLSDDYTSRPNWFDPW"	8.56703128868866	8.39494512140504	0.00290365711596851	0.0275254842932117
"CARRYCTSTSCQVSTFDYW"	8.56703128868866	8.39494512140504	0.00290365711596851	0.0275254842932117
"CVRTAPFEIVPEPLYFDYW"	8.55369370927983	8.38264776926782	0.00310854819302023	0.0293181854955918
"CARAYTTDYW"	8.54023185498679	8.37024437714347	0.00326922399592891	0.0303509717847192
"CTKWHPLLFTGRSSIGLDYW"	8.54023185498679	8.37024437714347	0.00326922399592891	0.0303509717847192
"CARDGHSSGRTDRTDDSYFDYW"	8.52664338148344	8.35773309481954	0.00349756843276166	0.0316999129174203
"CARGDCRSTSCYVFDYW"	8.52664338148344	8.35773309481954	0.00349756843276166	0.0316999129174203
"CVRHQHNSEGYFDSW"	8.52664338148344	8.35773309481954	0.00349756843276166	0.0316999129174203
"CASYSYSSSWFLNYYSYYMDVW"	2.45130913314541	10.7827316178434	0.00355270343326835	0.0320433154321
"CAREGSGWSNDAFDIW"	8.51980091170439	8.35143640329114	0.00364878442856867	0.0327509249675391
"CARVRSATIIDTRPYYYYMDVW"	8.50601796674576	8.33875970886267	0.00390167560771077	0.0348524676881087
"CARESHNWNYVPDYYYSYYMDVW"	2.83215651795719	10.136357956914	0.00440613441252225	0.0389837987546016
"CARGKRVTTQTADYFYYYMDVW"	3.07718932003325	9.88227973685014	0.00447963003024251	0.039260153755616
"CARHAVAGILYFDAFDIW"	8.46161740554911	8.29778650205285	0.00471886989516645	0.0411627242498557
"CARGGRRDAFDIW"	8.44003400008338	8.27800238818862	0.00525179013216564	0.045597318063382
"CARDPFPSYW"	2.36179056272836	10.6505201046452	0.0053618813775997	0.0462735621366746
"CTRVDFGAFESW"	8.43276725984915	8.27134673723843	0.00537948838617961	0.0462735621366746
"CARDPMISSTVTTPENNWFDPW"	2.85585885907112	10.0296643607001	0.00555614026360821	0.0467050683588288
"CARSLLSGDYYDSSVGFDPW"	4.01575200151567	9.08555908807167	0.0055605108186085	0.0467050683588288
"CARGSGYSAYESFGVW"	8.42546377368707	8.26466013971649	0.00560561369430507	0.0467050683588288
"CARIIAFCTTPSCYYYYMDVW"	8.42546377368707	8.26466013971649	0.00560561369430507	0.0467050683588288
"CVRDDISDSWFFDYW"	8.42546377368707	8.26466013971649	0.00560561369430507	0.0467050683588288
"CVRESTGYCDSPSCGYSFYYYMDVW"	8.42546377368707	8.26466013971649	0.00560561369430507	0.0467050683588288
"CARGHTAAYHYW"	8.41812316718343	8.25794230557284	0.00574103723695015	0.0474760427038429
"CARDTTSVTTFDIW"	8.41074506017735	8.25119294064764	0.00587957950699507	0.0477041865676718
"CAREASNSGRKAGLDPW"	8.41074506017735	8.25119294064764	0.00587957950699507	0.0477041865676718
"CARGFTVTNKVYANWFDPW"	8.41074506017735	8.25119294064764	0.00587957950699507	0.0477041865676718
"CARTSGNYYSFDYW"	8.41074506017735	8.25119294064764	0.00587957950699507	0.0477041865676718
"CARAAGMTGTTLGSAFDIW"	8.4033290666424	8.24441174659294	0.00612501645858337	0.0488424059229524
"CARDASGDHRTANFDLW"	8.4033290666424	8.24441174659294	0.00612501645858337	0.0488424059229524
"CARGEYSSPSKSQYVFDSW"	8.4033290666424	8.24441174659294	0.00612501645858337	0.0488424059229524
