"rn"	"logFC"	"logCPM"	"PValue"	"FDR"
"CAHSDFWSGLGYW"	8.64631430637634	15.327983180836	1.80670713994444e-06	0.00468479161387594
"CATELAGSAWYSRRYWLDPW"	7.6432267344989	14.4338099847288	2.08173437646427e-05	0.0269896861908592
"CARLKKKIPYYYYFGMDVW"	6.34320837418485	13.4271337568645	0.000463054133389952	0.300174841970036
"CARHDYGTHPPDFW"	6.23349510961851	13.3430278177182	0.00060263635367374	0.312527213015202
"CAKDWGPMVRGVLDVFDIW"	5.78577196874011	13.0604593483357	0.00171822070714448	0.742557715604271
"CARDGFSFYDILTGSPRGGMDVW"	5.68837373237206	13.0034431865114	0.00211198880425051	0.755879192771651
"CGRMGRGASFWYFYHGMDVW"	5.63369769082527	12.9689704212082	0.00255908838099808	0.755879192771651
"CARAQSYNWFDPW"	4.9907139952857	13.2948563376287	0.00279393171082916	0.755879192771651
"CARGHNSVPYYEYQGMDVW"	5.53819523997841	12.9177388095122	0.00291507594589916	0.755879192771651
"CTTLYNWAGYW"	5.34903224147232	12.8124447877196	0.00456804324590026	1
"CVRIEMGVGRPNWFDPW"	5.26352872845632	12.7687158635198	0.00522079860691767	1
"CARHDWNYATPYFFDYW"	5.22702878909013	12.7490419971712	0.00585069890644487	1
"CARDSEDYDILFGD"	5.05690457460764	12.6660469176467	0.00852280892663347	1
"CAKGDGTVPGYW"	5.05519692451639	12.6656743042774	0.00852516459320019	1
"CAKDTPKVRYSSGWDGEPNFGMDVW"	5.04175038408136	12.6588637278063	0.00856845482230728	1
"CARCYDFWSGYYIDGMDVW"	4.91538648931235	12.6004103778865	0.0112478063305949	1
"CARIDNTFESSSYRHCDCW"	4.91064928715305	12.5986437977209	0.0112622418669783	1
"CITDSNPSRTSRLVFGYW"	4.82179424676122	12.5600634539325	0.0130782139084208	1
"CAKDRSTTETTTTGMDVW"	4.81245480720147	12.5543867375406	0.013131818276648	1
"CAHKVEIFDYW"	4.18232275053163	13.270874368954	0.0136718941466377	1
"CARHPSLHGMDVW"	4.23215764260709	12.8620834859809	0.0140633409427786	1
"CAKQKAYALTGPSENW"	4.77973040471331	12.5427545326137	0.0150335628013691	1
"CARGSEVRVTTFDYW"	4.7473323397526	12.5270897496891	0.0151743444122186	1
"CSRLVVASGGFYSYDNLYYGMDVW"	4.54719920831996	12.4474088782372	0.0209124250002316	1
"CARDVGLGDSSEFGESLEFW"	4.52352213762048	12.434087395819	0.0210835763744698	1
"CARVGDSSGFYYYFDSW"	3.61895311507862	13.2837353380623	0.0215621942860509	1
"CARGEALEGLDYW"	4.43769324744988	12.4086194622643	0.0247966971888273	1
"CARGRNYYDRTYYPGW"	4.44650989544472	12.4075638840285	0.0248124898581977	1
"CAHRRTSTNLWPYNWFDPW"	4.37843611374806	12.3844790820634	0.0293957719817594	1
"CARDLDSSGYFLDYW"	4.3771291841759	12.3825988381558	0.0294285157306827	1
"CARDCGFGISGPYFDSW"	4.37531047081384	12.3823850606432	0.0294322482456678	1
"CVRDSPGFQSWFDPW"	4.31288915365425	12.3555996069603	0.0299160485899648	1
"CASRDLDRGLMYSW"	4.30457747753584	12.355128713348	0.0299248493681431	1
"CAKDREDDSGDYMWSYFDSW"	4.30201616637677	12.3569008389049	0.035265762817254	1
"CVRGTLSGLKPGSWSGPW"	4.2241389310334	12.3269201312869	0.0359570929422009	1
"CARALPGRGAYFDYW"	4.21610298412915	12.325013468976	0.0360449356532775	1
"CAREFRGSDYGDFLHHFDYW"	4.19869433144745	12.3241786052542	0.0360836013662652	1
"CARDNDNLSGYYDFW"	4.19546134754511	12.3165467237091	0.0364428776956359	1
"CARQEWGRELTYFRYYGLDVW"	4.1654988927532	12.3149897288808	0.0435230511675887	1
"CVRAGVGPDWYFDLW"	4.15296384839846	12.3039931667029	0.044115748255833	1
"CAREDCSNDRCYGAPDAW"	4.09188753540673	12.2900952472492	0.0449017208823245	1
"CARDWAVGTTPPNWFDPW"	4.11472322362024	12.2891842583236	0.0449547440603258	1
"CARETLPTGTISCHWGYW"	4.10492519451405	12.2877057071809	0.0450412066496451	1
"CAREGDSYTSFDYW"	4.07759061707566	12.2787150888464	0.0455779666924401	1
"CVRDHGWELPMNEYYGMDVW"	4.07804520337896	12.2771581904667	0.0456728782182689	1
