1_sample_id	2_sample_id	div1	div2	div12	div21	count1	count2	count12	count21	freq1	freq2	freq12	freq21	R	Rs	D	F	F2	vJSD	vjJSD	vj2JSD	sJSD	Jaccard	MorisitaHorn	1_metadata_blank	2_metadata_blank
col_ccp3_LN_PCsort_1_1_top149.clonotypes.IGH	col_ccp3_LN_PCsort_2_1_top149.clonotypes.IGH	149	149	20	20	735	1237	257	373	1.0000000000000047	1.0	0.34965986394557824	0.30153597413096206	0.5116108663663105	0.27780356987422034	9.008603E-4	0.3247076033746817	0.29193073082559867	0.15059666127181678	0.08647851550734519	0.31638600287296953	0.05602163023359207	0.071942446	0.6161563946850422	.	.
col_ccp3_LN_PCsort_1_1_top149.clonotypes.IGH	col_ccp3_LN_PCsort_3_1_top149.clonotypes.IGH	149	149	5	5	735	627	55	143	1.0000000000000047	0.9999999999999986	0.07482993197278912	0.22807017543859648	0.9859110943847299	0.7631578947368421	2.252151E-4	0.13063872210448269	0.12390027098006387	0.25584915632005356	0.14683537250068274	0.4622978493567385	0.12786549865810726	0.0170648464	0.4638785136064884	.	.
col_ccp3_LN_PCsort_1_1_top149.clonotypes.IGH	col_ccp3_PBMC_PCsort_1_1_top149.clonotypes.IGH	149	149	15	15	735	13533	184	2818	1.0000000000000047	0.9999999999999996	0.2503401360544218	0.20823172984556265	0.9222930485962778	-0.19215459177045385	6.756452E-4	0.22831723452333982	0.2086853739681286	0.15411557835541018	0.08317649596065547	0.42529974567030654	0.03249844246257717	0.0530035336	0.8227598318614486	.	.
col_ccp3_LN_PCsort_1_1_top149.clonotypes.IGH	col_ccp3_tum_PCsort_1_1_top149.clonotypes.IGH	149	149	0	0	735	3372	0	0	1.0000000000000047	0.9999999999999996	0.0	0.0	0.0	0.0	0.0	0.0	0.0	0.18602435104063433	0.09847690097344076	0.508588403651173	0.07343151659332245	0.0	NaN	.	.
col_ccp3_LN_PCsort_1_1_top149.clonotypes.IGH	col_ccp3_tum_PCsort_1_2_top149.clonotypes.IGH	149	149	8	8	735	30846	65	5476	1.0000000000000047	1.0000000000000004	0.08843537414965988	0.17752706996044867	0.6352989144500962	0.8849947770681914	3.603441E-4	0.1252983353985404	0.11518367304633156	0.4326704302783964	0.28341662096739917	0.6097274773928292	0.2794314766310556	0.0275862069	0.7019907906242723	.	.
col_ccp3_LN_PCsort_1_1_top149.clonotypes.IGH	col_ccp3_tum_PCsort_1_3_top149.clonotypes.IGH	149	149	8	8	735	8013	65	922	1.0000000000000047	1.0000000000000024	0.08843537414965985	0.11506302258829403	-0.13052641344839017	0.2060946741117705	3.603441E-4	0.10087438452544106	0.07453072083538045	0.31296343173290464	0.16288534741546423	0.5830545234457918	0.0871055830096553	0.0275862069	0.275975562452316	.	.
col_ccp3_LN_PCsort_2_1_top149.clonotypes.IGH	col_ccp3_LN_PCsort_3_1_top149.clonotypes.IGH	149	149	18	18	1237	627	307	253	1.0	0.9999999999999986	0.24818108326596602	0.40350877192982454	0.9303230263537501	0.5323890830202871	8.107743E-4	0.3164541738148882	0.30027955295381425	0.1425648878668432	0.08205201744380389	0.3384725353256089	0.06795243007398151	0.0642857143	0.8068068729831411	.	.
col_ccp3_LN_PCsort_2_1_top149.clonotypes.IGH	col_ccp3_PBMC_PCsort_1_1_top149.clonotypes.IGH	149	149	10	10	1237	13533	113	2141	1.0	0.9999999999999996	0.09135004042037186	0.15820586713958473	0.9272750110394894	0.12232930723626238	4.504302E-4	0.12021693873136616	0.11322342731534274	0.20783051896166488	0.12594797244669645	0.4451683108844922	0.05357860792590558	0.0347222222	0.7844322926137168	.	.
col_ccp3_LN_PCsort_2_1_top149.clonotypes.IGH	col_ccp3_tum_PCsort_1_1_top149.clonotypes.IGH	149	149	1	1	1237	3372	5	12	1.0	0.9999999999999996	0.004042037186742118	0.0035587188612099642	0.0	0.0	4.5043E-5	0.003792686906952806	0.003792686906952806	0.17276494612258758	0.11260139339516094	0.4723135941717717	0.08176080863658647	0.0033670034	0.9919456514108522	.	.
col_ccp3_LN_PCsort_2_1_top149.clonotypes.IGH	col_ccp3_tum_PCsort_1_2_top149.clonotypes.IGH	149	149	18	18	1237	30846	310	10033	1.0	1.0000000000000004	0.25060630557801133	0.32526097387019387	0.4669510467918852	0.5702590938453653	8.107743E-4	0.2855038546330248	0.24641535354947525	0.288821840351871	0.18909459871084827	0.5157267924122967	0.15220008050007644	0.0642857143	0.6522368706121293	.	.
col_ccp3_LN_PCsort_2_1_top149.clonotypes.IGH	col_ccp3_tum_PCsort_1_3_top149.clonotypes.IGH	149	149	9	9	1237	8013	175	317	1.0	1.0000000000000024	0.14147130153597415	0.03956071384000998	0.7574177733345808	0.7694837640638654	4.053871E-4	0.0748111333735724	0.06521208997976463	0.33432851376139605	0.19137141592710777	0.5872686707287897	0.12925354809926995	0.0311418685	0.2074716809160104	.	.
col_ccp3_LN_PCsort_3_1_top149.clonotypes.IGH	col_ccp3_PBMC_PCsort_1_1_top149.clonotypes.IGH	149	149	3	3	627	13533	40	1631	0.9999999999999986	0.9999999999999996	0.06379585326953748	0.12052020985738565	0.4385369954099673	-0.5	1.35129E-4	0.08768517334233672	0.07531846949760528	0.3157361197467522	0.18436604379278346	0.5234700091774364	0.10734409238001577	0.0101694915	0.6952107964944019	.	.
col_ccp3_LN_PCsort_3_1_top149.clonotypes.IGH	col_ccp3_tum_PCsort_1_1_top149.clonotypes.IGH	149	149	1	1	627	3372	2	21	0.9999999999999986	0.9999999999999996	0.003189792663476874	0.006227758007117438	0.0	0.0	4.5043E-5	0.004457045748139967	0.004457045748139967	0.3342412648883234	0.19799453415455145	0.5856151773887176	0.15750382628698367	0.0033670034	0.8114934412695737	.	.
col_ccp3_LN_PCsort_3_1_top149.clonotypes.IGH	col_ccp3_tum_PCsort_1_2_top149.clonotypes.IGH	149	149	20	20	627	30846	271	15963	0.9999999999999986	1.0000000000000004	0.4322169059011165	0.5175063217272904	0.1410156200040252	0.4627154959672778	9.008603E-4	0.47294289418621904	0.3578509314799098	0.29057641679322965	0.17403332835801824	0.4488460283994441	0.19871523758787482	0.071942446	0.3511346024823547	.	.
col_ccp3_LN_PCsort_3_1_top149.clonotypes.IGH	col_ccp3_tum_PCsort_1_3_top149.clonotypes.IGH	149	149	12	12	627	8013	183	1423	0.9999999999999986	1.0000000000000024	0.29186602870813394	0.17758642206414577	-0.09250366253266937	-0.323277029940845	5.405162E-4	0.22766520103069937	0.12214727893991276	0.38862870860325865	0.2176547700605567	0.5437600120061573	0.17005244422393753	0.041958042	0.10479661064055693	.	.
col_ccp3_PBMC_PCsort_1_1_top149.clonotypes.IGH	col_ccp3_tum_PCsort_1_1_top149.clonotypes.IGH	149	149	4	4	13533	3372	261	98	0.9999999999999996	0.9999999999999996	0.019286189315007758	0.029062870699881373	-0.007671290728527629	0.7378647873726218	1.801721E-4	0.023675135191916098	0.022371596043528074	0.16275580821045132	0.0937774617431857	0.4425537871739051	0.06898188097499348	0.0136054422	0.7284577791614714	.	.
col_ccp3_PBMC_PCsort_1_1_top149.clonotypes.IGH	col_ccp3_tum_PCsort_1_2_top149.clonotypes.IGH	149	149	3	3	13533	30846	181	751	0.9999999999999996	1.0000000000000004	0.013374713662898101	0.02434675484665759	-0.4280385054586256	-0.5	1.35129E-4	0.018045245210160536	0.014581479232771755	0.4676513233945025	0.3080835398667004	0.6675519100259859	0.28386338385376486	0.0101694915	0.3738346015980406	.	.
col_ccp3_PBMC_PCsort_1_1_top149.clonotypes.IGH	col_ccp3_tum_PCsort_1_3_top149.clonotypes.IGH	149	149	4	4	13533	8013	900	305	0.9999999999999996	1.0000000000000024	0.06650410108623364	0.03806314738549857	-0.33280797658162337	-0.6000000000000001	1.801721E-4	0.05031257697023088	0.03760296983669763	0.30625073156136223	0.16235904288864597	0.5431418732064787	0.08151968348913924	0.0136054422	0.28566677788450934	.	.
col_ccp3_tum_PCsort_1_1_top149.clonotypes.IGH	col_ccp3_tum_PCsort_1_2_top149.clonotypes.IGH	149	149	1	1	3372	30846	15	51	0.9999999999999996	1.0000000000000004	0.004448398576512456	0.0016533748297996498	0.0	0.0	4.5043E-5	0.0027119864010208988	0.0027119864010208988	0.37965515706631087	0.2845607304015127	0.6894840946148797	0.2508981527976886	0.0033670034	0.6531305813026468	.	.
col_ccp3_tum_PCsort_1_1_top149.clonotypes.IGH	col_ccp3_tum_PCsort_1_3_top149.clonotypes.IGH	149	149	4	4	3372	8013	73	252	0.9999999999999996	1.0000000000000024	0.021648873072360617	0.0314488955447398	-0.09479538249664969	-0.39999999999999997	1.801721E-4	0.026092779612643786	0.024623285306352452	0.30626172297345416	0.1630783376732738	0.5401950559920681	0.09462901326336326	0.0136054422	0.7470478367292739	.	.
col_ccp3_tum_PCsort_1_2_top149.clonotypes.IGH	col_ccp3_tum_PCsort_1_3_top149.clonotypes.IGH	149	149	10	10	30846	8013	4388	402	1.0000000000000004	1.0000000000000024	0.14225507359138947	0.05016847622613253	0.25006318307843317	0.597572084652722	4.504302E-4	0.08447911148630978	0.06889195689307023	0.4579720675082054	0.28786560152284824	0.5944302345815449	0.2920201162424883	0.0347222222	0.3165412411637492	.	.
