1_sample_id	2_sample_id	div1	div2	div12	div21	count1	count2	count12	count21	freq1	freq2	freq12	freq21	R	Rs	D	F	F2	vJSD	vjJSD	vj2JSD	sJSD	Jaccard	MorisitaHorn	1_metadata_blank	2_metadata_blank
col_ccp6_LN_bulk_1_1_top244.clonotypes.IGHG	col_ccp6_LN_bulk_2_1_top244.clonotypes.IGHG	244	244	136	136	30034	20690	23129	16016	0.9999999999999996	1.0000000000000002	0.7700938935872675	0.7740937651039145	0.7814457743659055	0.6399712283488749	0.0022843322	0.7720912391489112	0.7487914476366015	0.027893053138504757	0.015878164267085756	0.08839190845022149	0.014040750225051246	0.3863636364	0.8768180546185372	.	.
col_ccp6_LN_bulk_1_1_top244.clonotypes.IGHG	col_ccp6_LN_bulk_3_1_top244.clonotypes.IGHG	244	244	74	74	30034	7786	11357	4235	0.9999999999999996	0.9999999999999997	0.37813811014183923	0.5439249935782173	0.2433144445560231	0.25012603755090007	0.0012429454	0.4535182125676753	0.40463993527257913	0.08516942081639312	0.05170113294370233	0.1798224156891476	0.06381400201567741	0.1787439614	0.5663203283059203	.	.
col_ccp6_LN_bulk_1_1_top244.clonotypes.IGHG	col_ccp6_PBMC_bulk_1_1_top244.clonotypes.IGHG	244	244	15	15	30034	1828	3317	199	0.9999999999999996	1.0000000000000004	0.11044149963374841	0.10886214442013128	-0.11758940680434433	-0.2816171813086638	2.519484E-4	0.10964897848637258	0.07925159385172365	0.18554454864338538	0.10104956982144844	0.3642375804903616	0.13512112602173731	0.0317124736	0.264901818535279	.	.
col_ccp6_LN_bulk_1_1_top244.clonotypes.IGHG	col_ccp6_tum_bulk_1_1_top244.clonotypes.IGHG	244	244	11	11	30034	4297	1819	149	0.9999999999999996	1.000000000000001	0.06056469334753945	0.03467535489876658	0.609964147941676	0.32259434692594685	1.847622E-4	0.045826872423949006	0.043234725210691397	0.17166292419229778	0.09149629898902777	0.3261824796840583	0.15117552243101917	0.0230607966	0.7720545140715753	.	.
col_ccp6_LN_bulk_1_1_top244.clonotypes.IGHG	col_ccp6_tum_bulk_1_2_top244.clonotypes.IGHG	244	244	13	13	30034	2709	1931	206	0.9999999999999996	0.9999999999999992	0.06429380035959247	0.07604282022886674	0.3657262910833774	0.23862091664307278	2.183553E-4	0.06992197009935532	0.060781025596155745	0.18991806402744796	0.10962352887288215	0.41045986232453047	0.12424119502430467	0.0273684211	0.6538006570758562	.	.
col_ccp6_LN_bulk_1_1_top244.clonotypes.IGHG	col_ccp6_tum_bulk_1_3_top244.clonotypes.IGHG	244	244	19	19	30034	3642	3565	537	0.9999999999999996	1.0	0.11869880801758009	0.14744645799011535	-0.310022125693028	-0.25912953147520545	3.191346E-4	0.13229406188427692	0.10416917556337733	0.14059039761951936	0.08337787808866055	0.3307734902707694	0.07559997377523954	0.0405117271	0.4412691129041905	.	.
col_ccp6_LN_bulk_2_1_top244.clonotypes.IGHG	col_ccp6_LN_bulk_3_1_top244.clonotypes.IGHG	244	244	43	43	20690	7786	5908	1585	1.0000000000000002	0.9999999999999997	0.2855485741904302	0.20357051117390182	0.3246170294104987	0.23322633736493972	7.222521E-4	0.24110012279740695	0.2175037543681087	0.0925527863667399	0.055548734629667765	0.24940134845963743	0.07293084351392308	0.0966292135	0.6625077379160494	.	.
col_ccp6_LN_bulk_2_1_top244.clonotypes.IGHG	col_ccp6_PBMC_bulk_1_1_top244.clonotypes.IGHG	244	244	13	13	20690	1828	1276	159	1.0000000000000002	1.0000000000000004	0.06167230546157564	0.08698030634573305	-0.3618395175879986	-0.658368541221987	2.183553E-4	0.07324121805442257	0.05828308760233988	0.14359876858269366	0.08712255171087285	0.33490630811699434	0.11501681096532529	0.0273684211	0.3411719314139375	.	.
col_ccp6_LN_bulk_2_1_top244.clonotypes.IGHG	col_ccp6_tum_bulk_1_1_top244.clonotypes.IGHG	244	244	20	20	20690	4297	1929	723	1.0000000000000002	1.000000000000001	0.09323344610923151	0.16825692343495463	-0.17565492663191384	-0.2490566037735853	3.359312E-4	0.12524844431599913	0.09135398136381905	0.14220634530904425	0.07618201231005371	0.2655431988181466	0.12305047694728366	0.0427350427	0.20580667345606954	.	.
col_ccp6_LN_bulk_2_1_top244.clonotypes.IGHG	col_ccp6_tum_bulk_1_2_top244.clonotypes.IGHG	244	244	14	14	20690	2709	1772	197	1.0000000000000002	0.9999999999999992	0.08564523924601256	0.07272056109265412	0.49346923381563923	0.5929261583626415	2.351518E-4	0.07891875476009891	0.0713209771083524	0.1872411602963058	0.10397643399537931	0.3654926722822075	0.1000401438951995	0.029535865	0.727623627001886	.	.
col_ccp6_LN_bulk_2_1_top244.clonotypes.IGHG	col_ccp6_tum_bulk_1_3_top244.clonotypes.IGHG	244	244	27	27	20690	3642	3083	810	1.0000000000000002	1.0	0.14900918318028034	0.22240527182866557	-0.10400512685450136	-0.06421038414730579	4.535071E-4	0.1820451259720448	0.15244559808020292	0.10925229388466978	0.06631920718352728	0.275528876232796	0.057041019043191525	0.0585683297	0.4841773354347075	.	.
col_ccp6_LN_bulk_3_1_top244.clonotypes.IGHG	col_ccp6_PBMC_bulk_1_1_top244.clonotypes.IGHG	244	244	10	10	7786	1828	691	116	0.9999999999999997	1.0000000000000004	0.08874903673259697	0.06345733041575494	0.8953814940816741	0.055218880722586856	1.679656E-4	0.07504516605365318	0.07006447430342716	0.19209120350426973	0.10781260164266142	0.4017453904458665	0.12135985297381474	0.0209205021	0.8152009703360638	.	.
col_ccp6_LN_bulk_3_1_top244.clonotypes.IGHG	col_ccp6_tum_bulk_1_1_top244.clonotypes.IGHG	244	244	20	20	7786	4297	625	369	0.9999999999999997	1.000000000000001	0.08027228358592346	0.08587386548754947	0.06613833743056263	0.36535646267071087	3.359312E-4	0.08302584707809982	0.07076817433606068	0.16614973654970966	0.0913465400095774	0.32216937947428703	0.1195970888705469	0.0427350427	0.42548979813569376	.	.
col_ccp6_LN_bulk_3_1_top244.clonotypes.IGHG	col_ccp6_tum_bulk_1_2_top244.clonotypes.IGHG	244	244	12	12	7786	2709	799	207	0.9999999999999997	0.9999999999999992	0.10262008733624456	0.07641196013289037	-5.541115332908512E-4	0.029929577464787884	2.015587E-4	0.08855169124511879	0.07317110627459814	0.16312450093040745	0.08640937611765084	0.40613030693155855	0.11114895704099163	0.025210084	0.4768702776638615	.	.
col_ccp6_LN_bulk_3_1_top244.clonotypes.IGHG	col_ccp6_tum_bulk_1_3_top244.clonotypes.IGHG	244	244	21	21	7786	3642	623	397	0.9999999999999997	1.0	0.0800154122784485	0.10900604063701262	-0.27479030235870716	-0.11929605967144581	3.527278E-4	0.09339252262580701	0.08050867566119699	0.11122902910285783	0.07247666168179165	0.35990425185128816	0.07727884519413603	0.0449678801	0.5411056398752452	.	.
col_ccp6_PBMC_bulk_1_1_top244.clonotypes.IGHG	col_ccp6_tum_bulk_1_1_top244.clonotypes.IGHG	244	244	1	1	1828	4297	43	16	1.0000000000000004	1.000000000000001	0.023522975929978117	0.0037235280428205724	0.0	0.0	1.67966E-5	0.009358870686459284	0.009358870686459284	0.13640381531611828	0.08274894925839434	0.3713940376886206	0.08507253685618053	0.0020533881	0.30884775647691537	.	.
col_ccp6_PBMC_bulk_1_1_top244.clonotypes.IGHG	col_ccp6_tum_bulk_1_2_top244.clonotypes.IGHG	244	244	3	3	1828	2709	106	14	1.0000000000000004	0.9999999999999992	0.05798687089715536	0.005167958656330749	0.7678404154035127	0.5	5.03897E-5	0.01731108752812739	0.016785600186335937	0.18699407228423431	0.12068158783062996	0.4349959496508294	0.1028895103835965	0.006185567	0.15147098594103833	.	.
col_ccp6_PBMC_bulk_1_1_top244.clonotypes.IGHG	col_ccp6_tum_bulk_1_3_top244.clonotypes.IGHG	244	244	4	4	1828	3642	117	66	1.0000000000000004	1.0	0.06400437636761488	0.018121911037891267	0.39055978501189376	0.39999999999999997	6.71862E-5	0.03405703472954783	0.031171345843758854	0.11399030937139704	0.07329294320154792	0.3730237859898806	0.06645197986800258	0.0082644628	0.43288065753371385	.	.
col_ccp6_tum_bulk_1_1_top244.clonotypes.IGHG	col_ccp6_tum_bulk_1_2_top244.clonotypes.IGHG	244	244	23	23	4297	2709	888	454	1.000000000000001	0.9999999999999992	0.2066558063765418	0.1675895164267257	0.2853000534020376	0.20983702743404348	3.863209E-4	0.1861003671608944	0.15454143323357525	0.10975873864834794	0.06282331568091779	0.27424419009777573	0.05760079679152999	0.0494623656	0.6003178335168052	.	.
col_ccp6_tum_bulk_1_1_top244.clonotypes.IGHG	col_ccp6_tum_bulk_1_3_top244.clonotypes.IGHG	244	244	25	25	4297	3642	840	519	1.000000000000001	1.0	0.19548522224808007	0.14250411861614495	0.24787355134844938	0.2390423262603527	4.19914E-4	0.16690551009162	0.13514351987820855	0.10564610051308855	0.07103212834951769	0.2999546572607145	0.09682904552060659	0.0539956803	0.4509234376379202	.	.
col_ccp6_tum_bulk_1_2_top244.clonotypes.IGHG	col_ccp6_tum_bulk_1_3_top244.clonotypes.IGHG	244	244	15	15	2709	3642	230	302	0.9999999999999992	1.0	0.08490217792543374	0.08292147171883579	-0.2849641255998644	-0.5447334504082285	2.519484E-4	0.08390598039300547	0.05355301203442015	0.13778712748858532	0.09168516811760748	0.3343445134720722	0.04662026608692424	0.0317124736	0.20891708436444542	.	.
