"rn"	"logFC"	"logCPM"	"PValue"	"FDR"
"CARDTTTSHYYYGMDVW"	7.59950505348978	13.5048453620303	1.39478897634682e-06	0.00277455791150891
"CSTVGSVVYKNVAMTDYYEVDYW"	7.5165340662536	13.4424666271066	1.8051775611639e-06	0.00277455791150891
"CVRDGTIPTSTSSHYYYGMDVW"	7.01713300699454	14.119082552152	5.12836989466982e-06	0.00525486968540501
"CTGDLRSHDGWFDPW"	7.00022606870922	13.0931398678279	8.29472942307821e-06	0.00583819057326187
"CARLKAAAFNYW"	6.92650712077919	13.0469513457693	1.03791746195569e-05	0.00583819057326187
"CARHRYSSGWESVSDYW"	6.87176240733215	13.0129627949189	1.22529812762308e-05	0.00583819057326187
"CARGGTLQSTPSYYYYGMDVW"	6.85267156300343	12.9988439067683	1.32945133418455e-05	0.00583819057326187
"CSTEDYDAGW"	6.5957916912615	12.847613388675	2.76376522597731e-05	0.0106197678808178
"CARDSPGFQSWFDPW"	6.45708626553787	12.7680151914159	4.13012553416012e-05	0.0141066732133425
"CARGGSSGWRAWVDAW"	6.05232660366601	12.5596711378108	0.000139811932593966	0.0395610429633655
"CARQASVGATIALGYW"	6.04215983731407	12.5542058814892	0.000141565215548803	0.0395610429633655
"CARGNIAARLGWLDPW"	5.88068941885158	12.9839419456244	0.000179433687221825	0.0459649295433243
