"rn"	"logFC"	"logCPM"	"PValue"	"FDR"
"CVRVLNGFDGFDVW"	7.55759168944378	14.7864566992247	6.24289293423977e-09	2.03518309656217e-06
"CARHWGGSYRPEITW"	7.2890783027552	14.6405165151345	1.82077111303517e-08	2.96785691424732e-06
"CARLRSGAHDPW"	7.08566495381182	14.536223875837	1.02373161280328e-07	8.57262883884661e-06
"CARRGGRNPNYYLTGLDVW"	7.03628454697142	14.5117274631681	1.05185629924498e-07	8.57262883884661e-06
"CATDVGW"	6.9321442672505	14.4611226049883	1.9973258584373e-07	1.30225645970112e-05
"CARERSRAMVRGVAPGGAGAALGYW"	6.87711236823269	14.434960891368	3.78178032539977e-07	2.05476731013388e-05
"CAKDLLYDDPPYYFDYW"	6.6981756204462	14.3526725251595	7.87258592987057e-07	3.20807876642226e-05
"CARQGYCNTTKCPPAGGAFDIW"	6.6981756204462	14.3526725251595	7.87258592987057e-07	3.20807876642226e-05
"CARDLGAYSPHSRAGFAEPFEVW"	6.49386067720302	14.2639083642306	3.42413630403936e-06	0.000124029826124092
"CARDLQSGSGSYYVSWFDPW"	6.02208843499955	14.0799663245267	4.39444558605156e-05	0.00130817693940315
"CARDHDFGSRNNYFDYW"	5.97044298856336	14.0615890997776	4.41409396731126e-05	0.00130817693940315
"CARDRGNSIYLDYW"	5.86125119905388	14.0238586793857	0.000106344297631416	0.00248660585335244
"CAREAGILTGYDDVLAYDSW"	5.86125119905388	14.0238586793857	0.000106344297631416	0.00248660585335244
"CVRGYCSSISCYNPPDSW"	5.80339121181167	14.0044793887132	0.000106786754438448	0.00248660585335244
"CARTPYWNYLLGYSFDPW"	5.47313849146208	13.9018396167242	0.000279722202269039	0.00607929586264711
"CARGCGGDCDSRLLGDYW"	5.31648976573279	13.8577714828043	0.00078896806626537	0.0160752243501569
"CAKDNREALVGATVDFW"	4.82899593662875	13.7384950789574	0.00250049901824474	0.0430354505320863
"CARDADVWLWYFDLW"	4.82899593662875	13.7384950789574	0.00250049901824474	0.0430354505320863
"CMRHSRPGLRLLDYIAPW"	4.70807202709877	13.7128486748613	0.0025082011046308	0.0430354505320863
